sampleID	D7.6_HAEGERSTRAND-RESPONSE-TO-IMATINIB	D12.5_REACTOME-TRANSLOCATION-OF-ZAP-70-TO-IMMUNOLOGICAL-SYNAPSE	D7.7_GNF2-SERPINB5	D13.11_RUNNE-GENDER-EFFECT-UP	D7.5_EPITHELIAL-CELL-DIFFERENTIATION	D14.5_ANASTASSIOU-CANCER-MESENCHYMAL-TRANSITION-SIGNATURE	D13.2_REACTOME-BETA-DEFENSINS	D13.4_PID-INTEGRIN4-PATHWAY	D13.3_KUMAMOTO-RESPONSE-TO-NUTLIN-3A-DN
TCGA-2F-A9KO-01A-11R-A38B-07	9.757123e-01	9.893601e-01	4.911718e-01	7.329152e-01	7.294180e-01	3.966905e-01	1.655526e+00	4.406775e-01	7.700329e-01
TCGA-2F-A9KP-01A-11R-A38B-07	4.784256e-01	0	9.590319e-02	6.260661e-01	1.395492e+00	2.232685e-01	1.733848e+00	4.254497e-01	1.309056e+00
TCGA-2F-A9KQ-01A-11R-A38B-07	5.697077e-01	0	6.894397e-02	8.538727e-01	8.494425e-01	3.339728e-01	2.660875e+00	3.636085e-01	5.464085e-01
TCGA-2F-A9KR-01A-11R-A38B-07	6.396941e-01	4.127972e-01	1.261199e+00	5.505301e-01	4.983141e-02	2.138919e-01	2.014862e+00	3.161551e-01	1.236934e+00
TCGA-2F-A9KT-01A-11R-A38B-07	2.969810e-01	0	1.112201e+00	6.013094e-01	6.641140e-01	8.257383e-01	1.328166e+00	1.288893e+00	1.464570e+00
TCGA-2F-A9KW-01A-11R-A38B-07	7.714010e-01	3.604082e-01	0	1.402324e-01	1.501813e+00	6.016687e-01	0	1.214555e+00	1.877157e+00
TCGA-4Z-AA7M-01A-11R-A39I-07	4.740489e-01	2.303008e-01	2.356026e-01	7.971556e-01	1.422343e+00	7.576520e-01	1.244770e+00	3.234184e-01	1.695899e+00
TCGA-4Z-AA7N-01A-11R-A39I-07	1.611103e+00	8.706995e-01	2.089590e-01	5.397877e-01	9.046690e-01	5.281351e-01	1.805315e+00	6.184470e-01	1.026036e+00
TCGA-4Z-AA7O-01A-31R-A39I-07	5.449301e-01	5.394856e-01	6.446619e-01	8.312423e-01	5.234040e-01	5.088223e-01	2.276412e+00	6.467164e-01	1.006721e-01
TCGA-4Z-AA7Q-01A-11R-A39I-07	4.826138e-01	1.162770e+00	9.646207e-01	8.942437e-01	6.824057e-01	2.720718e-01	6.651576e-01	5.717009e-02	4.694635e-01
TCGA-4Z-AA7R-01A-11R-A39I-07	4.032119e-01	2.953894e-01	0	5.040722e-01	1.332807e+00	4.540346e-01	7.298727e-01	4.939149e-01	2.707658e+00
TCGA-4Z-AA7S-01A-11R-A39I-07	6.052069e-01	0	1.162730e-01	8.229093e-01	9.606068e-01	2.240756e-01	2.298412e+00	1.692343e-01	5.556611e-01
TCGA-4Z-AA7W-01A-11R-A39I-07	1.047308e-01	1.484095e+00	8.347777e-01	4.588187e-01	2.805151e-01	5.818471e-01	3.297483e-01	5.478875e-01	0
TCGA-4Z-AA7Y-01A-11R-A39I-07	2.670155e-01	0	5.114374e-01	9.071064e-01	2.338211e-01	0	2.540803e+00	1.078722e+00	0
TCGA-4Z-AA80-01A-11R-A39I-07	1.176391e-01	3.327280e-01	0	4.386638e-01	1.723823e+00	7.076108e-03	1.100022e+00	6.521889e-01	2.246705e+00
TCGA-4Z-AA81-01A-11R-A39I-07	0	6.650148e-01	7.720134e-01	5.682588e-01	5.771527e-01	2.168493e-01	5.391538e-01	1.709079e+00	9.823496e-03
TCGA-4Z-AA82-01A-11R-A39I-07	7.638904e-01	4.236721e-01	1.506450e+00	6.107889e-01	5.012907e-02	9.649910e-01	5.080749e-01	1.820818e+00	6.794090e-01
TCGA-4Z-AA83-01A-11R-A39I-07	4.734091e-01	5.191683e-01	2.406003e-01	7.949225e-01	1.202544e-01	2.724113e-01	2.674520e+00	1.065557e+00	0
TCGA-4Z-AA84-01A-11R-A39I-07	2.330295e-01	3.626309e-01	4.516006e-01	3.274340e-01	9.051519e-01	6.614531e-01	1.850469e-01	1.275548e+00	1.632341e+00
TCGA-4Z-AA86-01A-11R-A39I-07	6.903157e-01	8.865780e-01	1.276065e+00	6.901418e-01	2.167975e-01	1.023795e+00	1.483696e-01	2.341131e+00	5.183958e-01
TCGA-4Z-AA87-01A-11R-A39I-07	2.928969e-01	5.071726e-01	0	3.591766e-01	1.913686e+00	6.558194e-01	5.088570e-01	0	2.101956e+00
TCGA-4Z-AA89-01A-11R-A39I-07	0	3.305990e-01	2.603350e-01	8.117519e-01	0	0	3.605305e+00	5.171060e-01	2.449043e-01
TCGA-5N-A9KI-01A-31R-A42T-07	9.119982e-01	7.855175e-01	3.749744e-02	4.472934e-01	1.560891e+00	7.345066e-01	1.280812e-01	9.785054e-02	1.372814e-01
TCGA-5N-A9KM-01A-11R-A42T-07	8.570768e-01	5.574255e-01	0	4.820427e-01	9.173923e-01	6.707368e-01	1.189666e+00	3.591729e-01	0
TCGA-BL-A0C8-01A-11R-A10U-07	7.252870e-01	7.766515e-02	0	5.753900e-01	1.749167e+00	3.805254e-01	7.326433e-01	5.255391e-01	1.356331e+00
TCGA-BL-A13I-01A-11R-A13Y-07	1.013019e+00	8.333447e-01	0	2.768542e-01	0	3.473885e-01	0	8.662756e-01	1.275872e+00
TCGA-BL-A13J-11A-13R-A10U-07	3.053990e+00	0	0	9.359620e-01	0	0	0	1.880656e-01	0
TCGA-BL-A13J-01A-11R-A10U-07	9.733820e-01	1.067160e-01	1.095061e+00	9.754968e-01	1.202577e+00	1.049211e+00	9.347016e-01	6.091056e-01	2.127322e-01
TCGA-BL-A3JM-01A-12R-A21D-07	7.842464e-01	4.674278e-01	2.266230e-01	8.011333e-01	4.466015e-01	6.207561e-01	2.411803e-01	5.189188e-01	3.873870e+00
TCGA-BL-A5ZZ-01A-31R-A30C-07	1.428369e+00	4.808866e-01	8.256116e-01	1.829090e-01	2.719412e-01	8.392067e-01	3.351294e-01	1.866797e+00	1.598020e+00
TCGA-BT-A0S7-01A-11R-A10U-07	8.692994e-01	3.367966e-01	1.268994e+00	5.956606e-01	2.974826e-01	5.207342e-01	2.729582e-01	7.320191e-01	2.055198e+00
TCGA-BT-A0YX-01A-11R-A10U-07	5.079855e-01	6.379457e-01	1.759962e+00	1.645871e-01	0	3.331773e-01	3.017034e-01	1.241357e+00	5.524026e-01
TCGA-BT-A20J-01A-11R-A14Y-07	7.369333e-01	1.172055e+00	2.803055e-01	3.491361e-01	5.550360e-01	2.432847e-01	3.494804e-01	6.580469e-01	2.876775e+00
TCGA-BT-A20N-11A-11R-A14Y-07	3.020192e+00	1.544375e-01	0	8.957343e-01	0	0	0	5.190453e-01	0
TCGA-BT-A20N-01A-11R-A14Y-07	3.291087e-01	0	1.035129e+00	7.853636e-01	7.295598e-01	6.275203e-01	9.519745e-01	1.181819e+00	7.688249e-01
TCGA-BT-A20O-01A-21R-A14Y-07	1.155351e+00	1.298494e+00	0	8.181536e-01	0	4.571981e-01	0	9.957961e-01	1.232593e+00
TCGA-BT-A20P-01A-11R-A14Y-07	2.596095e-01	3.707207e-01	0	3.620103e-01	0	1.104703e-01	2.910717e+00	4.618144e-01	9.580479e-01
TCGA-BT-A20Q-11A-11R-A14Y-07	2.978290e+00	0	0	8.716635e-01	0	7.306888e-02	0	2.342589e-01	1.237635e-01
TCGA-BT-A20Q-01A-11R-A14Y-07	1.124742e+00	5.565591e-01	3.803804e-01	1.022908e+00	6.007298e-01	8.814621e-01	1.757219e+00	3.536953e-01	4.556819e-02
TCGA-BT-A20R-11A-11R-A16R-07	3.051348e+00	0	0	5.864310e-01	0	0	0	9.111946e-01	1.689357e-01
TCGA-BT-A20R-01A-12R-A16R-07	1.308186e+00	5.270682e-01	1.102325e-01	3.783839e-01	1.809496e+00	1.024835e+00	0	2.967640e-01	1.313693e+00
TCGA-BT-A20T-01A-11R-A14Y-07	8.327849e-01	6.568631e-01	8.286059e-01	8.447240e-01	6.659915e-01	7.970574e-01	1.922115e+00	2.759416e-01	4.240480e-01
TCGA-BT-A20U-11A-11R-A14Y-07	1.312154e+00	5.063198e-01	1.883460e+00	3.131978e-02	1.514888e-01	0	4.463190e-01	3.361867e-01	0
TCGA-BT-A20U-01A-11R-A14Y-07	6.628405e-01	4.159591e-01	1.553530e+00	1.908587e-01	1.414825e-01	7.348742e-01	4.793016e-01	9.978196e-01	8.429027e-01
TCGA-BT-A20V-01A-11R-A14Y-07	1.150577e-01	5.907944e-01	7.531782e-01	1.700406e-01	4.804087e-01	1.646979e-01	7.165951e-01	1.129587e+00	2.512212e+00
TCGA-BT-A20W-11A-11R-A14Y-07	2.055110e+00	6.148977e-01	3.629439e-01	4.255526e-01	7.089192e-01	3.754480e-01	1.330224e+00	9.264307e-01	8.567213e-01
TCGA-BT-A20W-01A-21R-A14Y-07	8.392501e-01	4.848189e-01	0	3.988503e-01	1.519636e+00	4.840361e-01	1.508686e+00	5.058024e-01	1.733714e+00
TCGA-BT-A20X-01A-11R-A16R-07	4.259743e-01	6.936819e-01	2.020433e+00	5.030317e-01	0	4.802212e-01	1.091384e-01	2.141818e+00	7.617528e-01
TCGA-BT-A2LA-11A-11R-A18C-07	1.304892e+00	4.797141e-01	2.973581e-02	1.944144e-01	4.215684e-01	5.771283e-02	2.734885e+00	8.209410e-01	0
TCGA-BT-A2LA-01A-11R-A18C-07	8.812877e-01	7.858604e-02	3.644570e-02	2.920525e-01	4.373194e-01	3.572351e-01	3.748685e-01	4.897097e-01	5.197806e+00
TCGA-BT-A2LB-11A-11R-A18C-07	1.338804e+00	5.952144e-01	1.818201e+00	5.369708e-03	2.886283e-01	0	5.184071e-01	1.181104e+00	0
TCGA-BT-A2LB-01A-11R-A18C-07	9.801686e-01	7.138924e-01	4.523067e-01	2.638967e-01	1.057939e+00	8.877600e-01	1.617002e+00	1.014834e+00	5.973173e-01
TCGA-BT-A2LD-01A-12R-A20F-07	7.139847e-01	3.944412e-01	5.035770e-01	6.857699e-02	8.338764e-01	1.000377e+00	0	1.279790e+00	1.810363e+00
TCGA-BT-A3PH-01A-11R-A220-07	3.998973e-01	0	5.069388e-01	4.574753e-01	1.677083e+00	7.115955e-01	1.077627e+00	5.621823e-01	2.421934e-01
TCGA-BT-A3PJ-01A-21R-A220-07	5.198199e-02	7.471066e-01	1.456350e+00	6.754646e-01	0	4.153940e-01	0	2.864202e+00	2.853044e-01
TCGA-BT-A3PK-01A-21R-A220-07	5.939494e-01	7.265370e-01	1.500389e+00	5.727632e-01	5.547256e-01	7.040025e-01	4.269083e-02	1.880798e+00	1.069550e+00
TCGA-BT-A42C-01A-11R-A23N-07	2.929818e-01	3.111435e-01	5.305196e-01	6.111998e-01	8.297302e-01	3.406978e-03	1.842685e+00	5.552474e-01	7.867899e-01
TCGA-BT-A42E-01A-11R-A23W-07	9.353031e-02	9.631865e-01	1.581763e+00	5.528330e-01	0	4.257557e-01	3.260747e-01	2.209757e+00	2.495530e-01
TCGA-BT-A42F-01A-11R-A23W-07	7.603976e-02	1.137309e+00	1.483522e+00	5.454046e-01	4.092774e-02	3.367688e-01	2.006289e-01	1.569837e+00	0
TCGA-C4-A0EZ-01A-21R-A24X-07	7.823311e-01	1.484034e-01	6.369290e-01	1.426734e-01	4.528079e-01	5.118144e-01	2.224704e-01	2.943987e-03	5.016533e+00
TCGA-C4-A0F0-01A-12R-A10U-07	5.588153e-01	5.314588e-01	1.177967e+00	2.857035e-01	0	5.000573e-01	0	2.940528e+00	4.026863e-01
TCGA-C4-A0F1-01A-11R-A034-07	4.634226e-01	6.256663e-01	2.073700e+00	5.789431e-01	0	5.086814e-01	0	2.222397e+00	5.307961e-01
TCGA-C4-A0F6-01A-11R-A10U-07	7.428232e-01	1.684412e-01	6.732328e-01	3.391656e-01	1.055529e+00	8.229819e-01	1.273797e+00	6.270972e-01	1.154731e+00
TCGA-C4-A0F7-01A-11R-A084-07	8.956681e-01	1.169781e-01	1.562982e+00	5.810481e-01	2.349389e-01	4.213165e-01	6.165803e-01	1.054354e+00	2.069834e+00
TCGA-CF-A1HR-01A-11R-A13Y-07	7.596649e-01	4.969252e-01	2.344955e-01	5.401021e-01	1.053216e+00	3.439663e-01	1.833247e+00	5.184094e-02	7.614248e-02
TCGA-CF-A1HS-01A-11R-A13Y-07	3.294341e-01	5.402918e-01	1.812174e+00	3.806987e-01	2.803821e-01	5.505726e-01	3.201244e-01	2.240087e+00	1.213950e+00
TCGA-CF-A27C-01A-11R-A16R-07	0	3.722934e-02	1.123712e-01	1.019486e+00	2.055332e-01	0	3.346052e+00	1.873150e-01	1.687711e-01
TCGA-CF-A3MF-01A-12R-A21D-07	3.296222e-01	3.150608e-02	0	5.184811e-01	5.967138e-01	3.195143e-01	2.985517e+00	9.528658e-02	0
TCGA-CF-A3MG-01A-11R-A20F-07	0	0	2.248127e-01	7.582412e-01	6.225735e-01	0	2.751220e+00	2.582870e-01	1.351838e-01
TCGA-CF-A3MH-01A-11R-A20F-07	1.055108e-01	1.059585e-01	3.970555e-01	6.323972e-01	1.473701e-01	5.453661e-02	3.004526e+00	5.561748e-01	0
TCGA-CF-A3MI-01A-11R-A20F-07	3.874935e-01	3.862969e-01	1.201880e-01	4.002145e-01	7.349399e-01	3.410471e-01	2.679697e+00	3.929243e-01	0
TCGA-CF-A47S-01A-11R-A23W-07	1.036208e-01	5.076776e-01	0	5.627353e-01	2.526770e-01	1.161381e-02	3.239759e+00	4.569531e-01	0
TCGA-CF-A47T-01A-11R-A23W-07	3.482530e-01	5.387620e-03	3.857436e-01	2.627362e-02	3.176390e-01	5.196388e-01	3.145147e+00	4.178931e-01	1.021337e+00
TCGA-CF-A47V-01A-11R-A23W-07	4.627841e-01	4.805549e-01	0	7.532700e-01	1.315611e-01	1.915499e-01	3.199146e+00	4.347459e-01	0
TCGA-CF-A47W-01A-11R-A23W-07	9.262799e-02	2.809110e-01	0	3.670769e-01	0	1.817120e-01	3.667925e+00	0	4.461088e-01
TCGA-CF-A47X-01A-31R-A23W-07	3.415135e-01	1.296682e-01	0	6.578899e-01	8.433702e-01	0	2.796443e+00	1.964826e-01	1.266145e+00
TCGA-CF-A47Y-01A-11R-A23W-07	4.674193e-01	1.729576e-01	0	6.056990e-01	0	1.274359e-01	3.780839e+00	1.716719e-01	0
TCGA-CF-A5U8-01A-11R-A28M-07	1.520204e-01	1.477903e-01	0	4.605694e-01	0	1.157808e-01	3.524894e+00	3.420536e-01	3.610238e-02
TCGA-CF-A5UA-01A-11R-A28M-07	9.866086e-02	3.493686e-01	0	3.608351e-01	0	1.757786e-01	3.050780e+00	7.708750e-02	3.556739e-01
TCGA-CF-A7I0-01A-22R-A352-07	1.134003e+00	1.568443e-01	0	4.601814e-01	7.554854e-01	4.164555e-01	2.700981e+00	9.965880e-02	3.004217e-01
TCGA-CF-A8HX-01A-11R-A36F-07	2.692350e-01	1.256704e-01	1.448937e-02	5.086421e-01	4.322570e-01	3.040742e-01	3.102623e+00	1.683027e-03	4.587919e-01
TCGA-CF-A8HY-01A-11R-A36F-07	2.868951e-02	2.692194e-01	1.995820e-01	3.499499e-01	0	2.287926e-01	3.135110e+00	3.126259e-01	3.108474e-01
TCGA-CF-A9FF-01A-11R-A38B-07	8.176824e-01	4.943597e-01	0	4.765847e-01	1.001536e+00	3.346661e-01	2.426273e+00	1.787105e-01	8.504790e-02
TCGA-CF-A9FH-01A-11R-A38B-07	0	3.388296e-01	0	9.508741e-01	1.496456e-01	0	3.179212e+00	2.966885e-01	6.690070e-02
TCGA-CF-A9FL-01A-11R-A38B-07	9.277854e-01	2.710943e-01	3.134220e-01	7.660052e-01	8.061318e-01	8.863560e-01	2.352974e+00	3.885577e-01	6.799716e-01
TCGA-CF-A9FM-01A-11R-A38B-07	3.185345e-01	4.712684e-01	4.229177e-03	9.100288e-01	1.244550e-02	0	3.259813e+00	6.974191e-01	0
TCGA-CU-A0YN-11A-11R-A10U-07	2.916878e+00	0	0	8.901267e-01	0	3.382139e-01	0	1.892288e-01	7.470008e-01
TCGA-CU-A0YN-01A-21R-A10U-07	4.570827e-01	5.413058e-01	1.899711e+00	6.903648e-01	4.290902e-01	7.623952e-01	1.328448e-01	2.175883e+00	4.164540e-01
TCGA-CU-A0YO-01A-11R-A10U-07	1.331396e+00	5.394215e-01	5.738333e-01	5.605201e-01	7.239830e-01	2.756129e-01	1.877182e+00	7.963008e-01	7.874085e-02
TCGA-CU-A0YR-11A-13R-A10U-07	2.660584e+00	4.532020e-01	0	5.949003e-01	3.432390e-02	1.012864e-01	1.468526e+00	4.839689e-01	2.507341e-01
TCGA-CU-A0YR-01A-12R-A10U-07	5.657488e-01	5.675804e-01	2.104712e-01	5.244656e-01	1.789338e+00	8.007376e-01	4.195989e-01	1.196563e+00	7.498317e-01
TCGA-CU-A3KJ-01A-11R-A21D-07	8.734442e-02	5.620553e-01	1.868713e+00	1.094283e+00	0	2.340912e-01	0	2.112021e+00	6.927462e-01
TCGA-CU-A3QU-01A-11R-A22U-07	0	1.380272e-01	0	8.049762e-01	1.819770e+00	0	1.834967e-01	1.083186e-01	2.331550e-01
TCGA-CU-A3YL-01A-11R-A22U-07	7.042574e-01	3.342726e-01	0	6.446552e-01	9.933000e-01	3.420742e-01	2.584508e+00	0	7.486606e-01
TCGA-CU-A5W6-01A-11R-A28M-07	4.451746e-01	6.181562e-01	6.271174e-01	7.445868e-01	1.209611e+00	3.783263e-01	1.368127e+00	8.183149e-02	2.189734e-01
TCGA-CU-A72E-01A-12R-A33J-07	8.283310e-01	4.092624e-01	1.537362e+00	5.225419e-01	9.188372e-02	7.482700e-01	1.223815e+00	2.474864e-01	0
TCGA-DK-A1A3-01A-11R-A13Y-07	1.088732e+00	5.097053e-01	0	7.064217e-01	1.997892e+00	9.085052e-01	1.385460e-01	1.055548e-01	8.964816e-01
TCGA-DK-A1A5-01A-11R-A13Y-07	9.446362e-01	2.691730e-01	7.433970e-01	1.180706e+00	8.783050e-01	1.175651e+00	1.125582e+00	8.953305e-01	2.301424e-01
TCGA-DK-A1A6-01A-11R-A13Y-07	8.673802e-02	4.841698e-01	9.573165e-02	7.955643e-01	1.538991e+00	4.978672e-01	8.865226e-01	6.799427e-01	9.698214e-01
TCGA-DK-A1A7-01A-11R-A13Y-07	7.603352e-01	4.772446e-01	2.112483e-01	0	1.290034e+00	2.739103e-01	1.916308e+00	2.973568e-01	1.923209e+00
TCGA-DK-A1AA-01A-11R-A13Y-07	4.559087e-01	2.242978e-01	5.458205e-01	8.505552e-01	0	8.309080e-02	3.069339e+00	1.100727e+00	0
TCGA-DK-A1AB-01A-11R-A13Y-07	1.268988e+00	6.344835e-01	1.636248e+00	6.827217e-01	1.051619e-01	9.412104e-01	5.677213e-01	1.160766e+00	6.537283e-01
TCGA-DK-A1AC-01A-11R-A13Y-07	5.912524e-01	7.365973e-01	0	6.624577e-01	1.752592e+00	4.520267e-01	0	5.916979e-01	2.269314e+00
TCGA-DK-A1AD-01A-11R-A13Y-07	9.725456e-01	4.426168e-01	1.942411e-01	6.974715e-01	1.594731e+00	6.742340e-01	1.154288e+00	0	9.873868e-01
TCGA-DK-A1AE-01A-11R-A13Y-07	7.146520e-01	1.845664e-01	1.163601e+00	3.535507e-01	0	3.605175e-01	6.167930e-01	6.426448e-01	1.867504e+00
TCGA-DK-A1AF-01A-11R-A13Y-07	1.471591e+00	7.252689e-01	6.857601e-01	2.844966e-01	9.369521e-01	6.085937e-01	1.182793e+00	1.488902e+00	4.100982e-01
TCGA-DK-A1AG-01A-11R-A13Y-07	1.782383e-01	4.526902e-01	4.320195e-01	8.042004e-01	0	4.015256e-02	3.041014e+00	5.513706e-01	4.339571e-01
TCGA-DK-A2HX-01A-12R-A18C-07	1.604262e+00	2.581653e-01	2.052740e-01	4.992988e-01	1.561497e+00	9.643025e-01	1.722620e-01	3.807714e-01	4.113184e-01
TCGA-DK-A2I1-01A-11R-A180-07	1.164707e+00	7.339981e-01	0	2.204365e-01	1.776198e+00	1.155940e+00	1.086585e+00	9.014189e-02	5.239709e-01
TCGA-DK-A2I2-01A-11R-A180-07	5.103973e-01	9.538218e-01	1.546688e+00	2.195846e-01	3.067737e-02	7.628585e-01	0	2.311781e+00	8.751051e-01
TCGA-DK-A2I4-01A-11R-A21D-07	1.015735e+00	1.173219e+00	1.163488e-01	8.974118e-01	7.852969e-01	7.669099e-01	2.929632e-01	1.168159e+00	6.863899e-01
TCGA-DK-A2I6-01A-12R-A18C-07	1.392815e-01	2.111352e-01	9.418697e-01	5.796646e-01	2.582942e-01	6.122225e-01	4.475280e-01	1.712007e+00	8.124855e-01
TCGA-DK-A3IK-01A-32R-A21D-07	9.877626e-01	3.667366e-01	1.358707e-02	3.736336e-01	1.662085e+00	9.599655e-01	1.787897e+00	2.061621e-01	8.508348e-01
TCGA-DK-A3IL-01A-11R-A20F-07	1.019917e+00	6.628922e-02	2.430191e-01	3.151317e-01	1.704273e+00	9.876481e-01	1.267525e+00	0	9.882594e-01
TCGA-DK-A3IM-01A-11R-A20F-07	0	1.724369e-01	2.265405e+00	4.177193e-01	0	3.116562e-01	1.845635e-02	2.464408e+00	1.589634e+00
TCGA-DK-A3IN-01A-11R-A20F-07	7.755298e-01	5.717171e-01	7.835008e-01	4.326872e-01	1.041865e+00	1.083201e+00	4.243854e-01	1.866519e+00	1.111496e+00
TCGA-DK-A3IQ-01A-31R-A32Y-07	1.935707e+00	6.325403e-02	5.424091e-01	8.023161e-01	8.318398e-01	1.565659e+00	1.026188e+00	4.452934e-01	3.666149e-01
TCGA-DK-A3IS-01A-21R-A21D-07	2.916880e-02	3.315434e-01	5.248308e-01	7.867490e-01	2.716582e-01	0	2.658415e+00	2.194823e-01	9.996240e-01
TCGA-DK-A3IT-01A-31R-A20F-07	1.091461e+00	3.640976e-01	3.213707e-01	7.217955e-01	1.576876e+00	1.034196e+00	9.739004e-01	4.540906e-01	3.295054e-01
TCGA-DK-A3IU-01A-11R-A20F-07	1.343125e+00	1.042810e+00	6.476557e-01	6.059521e-01	6.945642e-01	1.036396e+00	0	9.925389e-01	1.019576e+00
TCGA-DK-A3IV-01A-22R-A21D-07	2.859235e-01	8.680169e-01	0	8.624099e-01	1.338846e+00	0	1.071065e+00	2.268555e-01	8.696175e-01
TCGA-DK-A3WW-01A-22R-A23N-07	0	1.224662e+00	1.506689e+00	6.386926e-01	0	1.094301e-01	2.513945e-01	2.576060e+00	7.736899e-03
TCGA-DK-A3WX-01A-22R-A22U-07	4.676589e-01	7.299473e-01	1.790861e+00	3.934958e-01	0	7.581786e-01	7.468520e-02	2.534552e+00	1.089498e+00
TCGA-DK-A3WY-01A-11R-A22U-07	1.395504e+00	1.365156e+00	0	3.231362e-01	4.873906e-02	4.192361e-01	4.645802e-01	8.267127e-01	2.331022e+00
TCGA-DK-A3X1-01A-12R-A22U-07	4.547911e-01	4.126430e-01	2.790416e-01	2.842142e-01	1.204166e+00	7.502524e-01	1.490617e+00	6.484824e-01	9.656015e-01
TCGA-DK-A3X2-01A-11R-A22U-07	0	8.424094e-02	1.292101e+00	9.032216e-01	4.468796e-01	2.343478e-01	9.400209e-01	4.732404e-01	2.076304e+00
TCGA-DK-A6AV-01A-12R-A30C-07	4.249135e-01	3.723558e-01	2.569891e-01	3.703607e-01	1.095957e+00	4.493630e-01	1.838647e+00	7.398398e-01	1.436084e+00
TCGA-DK-A6AW-01A-11R-A30C-07	4.475918e-01	4.127160e-01	0	1.419198e-01	1.248745e-01	1.760363e-02	1.745731e+00	7.860076e-01	1.263214e-01
TCGA-DK-A6B0-01A-11R-A31N-07	9.236013e-02	3.566271e-01	0	5.430360e-01	0	0	3.598527e+00	3.938224e-01	3.961973e-01
TCGA-DK-A6B1-01A-12R-A30C-07	4.487353e-01	2.941240e-01	0	5.567984e-01	1.457700e+00	0	6.626080e-01	2.148538e-01	8.023177e-01
TCGA-DK-A6B2-01A-11R-A30C-07	1.050484e+00	6.315353e-01	0	7.529043e-01	1.891429e+00	1.175546e+00	9.616142e-01	2.579088e-01	8.905795e-01
TCGA-DK-A6B5-01A-11R-A31N-07	2.863512e-01	7.809884e-01	1.183457e+00	6.435683e-01	4.966623e-01	5.548227e-01	6.508362e-01	4.534144e-01	4.518809e-01
TCGA-DK-A6B6-01A-11R-A30C-07	3.903814e-02	6.996481e-01	0	9.150101e-01	1.164907e+00	0	1.830423e+00	1.359469e-01	3.199308e-01
TCGA-DK-AA6L-01A-11R-A39I-07	2.481922e-01	6.028963e-01	7.519310e-01	8.058602e-01	5.067416e-01	6.375261e-01	1.405011e+00	4.048056e-01	0
TCGA-DK-AA6M-01A-11R-A39I-07	3.678681e-01	9.704509e-01	8.510772e-01	1.449616e-01	0	6.954655e-01	5.925011e-01	1.915030e+00	3.099151e-01
TCGA-DK-AA6P-01A-11R-A39I-07	3.829460e-01	1.095087e-01	0	4.097553e-01	1.039256e+00	9.874363e-02	2.155521e+00	1.508273e-01	2.677720e+00
TCGA-DK-AA6Q-01A-11R-A39I-07	1.627023e-01	6.915635e-01	1.428322e+00	0	0	1.262789e-01	6.731783e-01	1.428821e+00	9.425305e-01
TCGA-DK-AA6R-01A-11R-A42T-07	2.471528e-01	4.475389e-01	2.042807e+00	4.521714e-01	2.947379e-01	6.244736e-01	8.409830e-02	2.170804e+00	3.626758e-01
TCGA-DK-AA6S-01A-21R-A39I-07	1.101987e+00	7.867274e-01	7.082190e-01	7.610454e-01	6.223835e-01	1.114899e+00	9.399074e-01	5.551437e-01	1.854613e+00
TCGA-DK-AA6T-01A-11R-A39I-07	8.495426e-01	1.079958e+00	0	4.813291e-01	1.517564e-01	1.914592e-01	1.220441e+00	0	1.871581e+00
TCGA-DK-AA6U-01A-11R-A39I-07	8.319964e-02	3.878701e-01	4.020755e-01	4.988458e-01	1.567209e+00	2.349308e-01	1.040890e+00	6.747860e-01	1.996219e+00
TCGA-DK-AA6W-01A-12R-A39I-07	5.527484e-01	4.305123e-01	6.730362e-01	2.706169e-01	9.792040e-01	5.063163e-01	3.602240e-01	5.965459e-01	4.672133e+00
TCGA-DK-AA6X-01A-12R-A42T-07	8.627263e-01	7.847850e-01	3.320398e-01	6.913321e-01	8.272773e-01	3.867795e-01	1.062181e+00	5.257437e-02	9.770421e-01
TCGA-DK-AA71-01A-31R-A39I-07	2.670591e-01	3.984869e-01	7.151851e-01	6.930822e-01	9.853384e-01	5.719744e-01	1.906211e+00	6.687594e-05	1.038228e+00
TCGA-DK-AA74-01A-11R-A39I-07	1.022150e+00	1.341848e+00	8.095536e-01	2.237598e-01	0	1.085253e+00	8.103141e-01	1.264635e+00	0
TCGA-DK-AA75-01A-11R-A39I-07	9.079425e-02	2.727375e-01	1.621747e-01	0	1.574126e+00	3.132039e-01	1.203900e+00	1.098123e-02	2.350008e+00
TCGA-DK-AA76-01A-11R-A39I-07	1.072288e-01	0	3.927656e-01	4.047437e-01	1.109275e+00	0	1.741145e+00	4.152209e-01	2.166279e+00
TCGA-DK-AA77-01A-11R-A39I-07	1.492966e-01	5.769927e-01	3.739837e-01	8.207688e-01	4.051931e-01	0	2.575215e+00	6.575695e-01	8.128676e-01
TCGA-E5-A2PC-01A-11R-A206-07	0	5.132538e-01	8.306490e-01	3.019776e-01	0	4.405493e-02	1.176815e+00	8.210066e-01	1.400908e-01
TCGA-E5-A4TZ-01A-11R-A31N-07	0	2.695283e-01	1.786928e+00	8.768479e-01	8.372919e-01	2.733280e-01	4.020016e-01	4.072253e-01	1.402092e+00
TCGA-E5-A4U1-01A-11R-A31N-07	4.876367e-02	1.950774e-01	0	1.806201e-01	6.122038e-01	9.138926e-02	2.886463e+00	0	1.977568e+00
TCGA-E7-A3X6-01A-12R-A22U-07	3.145551e-01	7.701681e-01	1.069149e+00	9.780807e-01	1.800564e-02	4.707646e-01	1.790393e+00	7.860137e-01	0
TCGA-E7-A3Y1-01A-11R-A22U-07	6.547809e-01	3.551326e-01	6.625738e-02	6.675799e-01	0	1.238903e-01	3.443017e+00	0	4.162433e-01
TCGA-E7-A4IJ-01A-31R-A26T-07	1.344029e-01	7.510002e-01	0	4.442599e-01	1.148844e+00	1.690416e-01	1.695852e+00	3.308842e-01	1.756140e+00
TCGA-E7-A4XJ-01A-11R-A26T-07	2.898038e-01	0	2.885337e-01	2.131592e-01	9.432658e-01	5.613107e-01	2.306844e+00	8.474379e-01	3.187354e-02
TCGA-E7-A519-01A-11R-A26T-07	2.136431e-01	1.136046e+00	0	0	0	3.534518e-01	3.516196e+00	0	0
TCGA-E7-A541-01A-11R-A26T-07	3.394331e-01	7.307927e-01	3.741316e-02	7.014713e-01	7.977675e-01	4.104195e-01	1.747889e+00	4.982218e-01	7.218846e-01
TCGA-E7-A5KE-01A-11R-A28M-07	1.572980e-02	0	9.891426e-02	3.421682e-01	1.416011e+00	5.976892e-03	1.630835e+00	1.043447e-01	1.815095e+00
TCGA-E7-A5KF-01A-11R-A28M-07	0	3.406491e-02	0	1.025618e+00	2.788174e-01	0	3.287026e+00	2.178632e-01	4.752768e-01
TCGA-E7-A677-01A-11R-A30C-07	7.133472e-01	3.276816e-01	3.298102e-01	7.658679e-01	4.119475e-01	4.509657e-01	2.232994e+00	1.285375e+00	4.998513e-01
TCGA-E7-A678-01A-11R-A30C-07	0	5.100964e-01	0	5.726849e-01	0	0	3.780034e+00	9.340986e-02	1.541870e-01
TCGA-E7-A6MD-01A-41R-A352-07	1.154292e+00	7.286418e-01	3.064556e-01	5.484948e-01	7.663155e-01	5.721001e-01	1.857387e+00	2.180244e-01	9.527347e-01
TCGA-E7-A6ME-01A-22R-A32O-07	5.838938e-01	7.915798e-01	0	5.549321e-01	1.469737e+00	1.904821e-01	1.174174e+00	4.254554e-02	2.274812e+00
TCGA-E7-A6MF-01A-12R-A32O-07	5.960656e-01	5.917061e-02	3.717100e-01	9.613398e-01	0	0	2.612083e+00	4.027124e-01	7.033018e-01
TCGA-E7-A7DU-01A-11R-A32O-07	1.760637e-01	2.938490e-01	3.858938e-02	6.203670e-01	1.859426e-01	1.540620e-01	3.545062e+00	1.796012e-01	3.064480e-01
TCGA-E7-A7DV-01A-11R-A33J-07	4.550750e-01	1.004333e+00	0	5.995025e-01	4.761535e-01	7.510817e-01	0	1.146130e+00	0
TCGA-E7-A7PW-01A-11R-A352-07	8.178751e-02	4.862963e-01	1.106893e-01	4.522292e-01	1.333499e+00	2.779237e-01	1.876764e+00	0	1.284493e+00
TCGA-E7-A7XN-01A-11R-A352-07	0	1.161225e+00	1.487380e+00	5.786687e-01	0	0	6.791647e-01	1.681537e+00	3.877876e-03
TCGA-E7-A85H-01A-11R-A352-07	4.972225e-01	5.645235e-01	0	5.659947e-01	1.632120e+00	8.063287e-01	1.135601e+00	0	1.879166e+00
TCGA-E7-A8O7-01A-11R-A36F-07	3.627611e-01	5.757913e-01	0	9.510210e-01	5.638352e-01	0	2.759711e+00	8.447425e-01	9.310104e-02
TCGA-E7-A8O8-01A-11R-A36F-07	1.153889e-01	3.727214e-01	8.567533e-04	2.412996e-01	6.188150e-01	3.137296e-01	2.755627e+00	2.977303e-01	8.742648e-01
TCGA-E7-A97P-01A-11R-A38B-07	6.671386e-01	9.892054e-01	1.447833e+00	5.988798e-01	0	6.193301e-01	7.538972e-01	1.795122e+00	0
TCGA-E7-A97Q-01A-11R-A38B-07	1.044376e+00	4.013035e-01	0	3.015249e-01	1.606967e+00	8.800496e-01	1.415072e+00	2.834274e-01	1.246108e+00
TCGA-FD-A3B3-01A-12R-A206-07	9.971184e-01	1.065106e+00	1.785068e+00	3.705202e-01	1.052025e-01	6.369223e-01	0	2.186337e+00	1.171122e+00
TCGA-FD-A3B4-01A-12R-A206-07	1.008429e+00	8.324860e-01	1.761806e+00	2.854109e-01	0	7.062170e-01	2.291453e-01	2.262425e+00	7.389362e-01
TCGA-FD-A3B5-01A-11R-A20F-07	3.467715e-01	2.691281e-01	2.277457e+00	5.018719e-01	1.435073e-01	6.554116e-01	3.374992e-01	1.863142e+00	6.939302e-01
TCGA-FD-A3B6-01A-21R-A20F-07	7.334767e-02	9.666274e-01	8.059865e-01	5.298144e-01	1.516629e-01	5.282087e-01	0	2.169251e+00	7.436064e-01
TCGA-FD-A3B7-01A-31R-A20F-07	1.002660e+00	1.001478e+00	1.108323e+00	5.586264e-01	0	9.112340e-01	2.730015e-01	2.456571e+00	1.030779e+00
TCGA-FD-A3B8-01A-31R-A20F-07	1.675915e+00	1.149955e+00	8.566875e-01	6.583215e-01	0	6.276026e-01	2.281355e-01	1.604231e+00	1.014238e+00
TCGA-FD-A3N5-01A-11R-A21D-07	3.899102e-01	3.445949e-01	2.185116e+00	7.089927e-01	1.013594e-01	6.257010e-01	0	2.162843e+00	1.390049e-01
TCGA-FD-A3N6-01A-11R-A21D-07	6.052998e-02	5.319132e-01	2.421733e+00	3.036221e-01	0	2.326062e-01	0	2.380581e+00	1.009521e+00
TCGA-FD-A3NA-01A-11R-A21D-07	5.208827e-01	6.041372e-01	6.459350e-01	4.591071e-01	1.135624e+00	7.082597e-01	1.328161e+00	1.354692e+00	1.266249e-01
TCGA-FD-A3SJ-01A-12R-A22U-07	1.246080e+00	4.497098e-01	0	4.710850e-01	1.561928e+00	6.931150e-01	1.209982e+00	0	2.270802e+00
TCGA-FD-A3SL-01A-21R-A22U-07	1.724361e+00	4.477239e-01	0	5.613918e-01	1.750776e+00	8.656519e-01	4.464669e-01	0	4.111032e-01
TCGA-FD-A3SM-01A-11R-A22U-07	9.361840e-01	2.334233e-01	5.652363e-01	8.830201e-01	1.020615e+00	1.155509e+00	7.703055e-01	2.641289e-01	5.445325e-01
TCGA-FD-A3SN-01A-12R-A22U-07	6.004804e-01	2.939670e-01	8.549709e-01	6.712987e-01	7.280353e-01	1.114521e+00	9.068510e-01	1.513213e+00	0
TCGA-FD-A3SO-01A-11R-A22U-07	5.785053e-01	6.570718e-01	1.503763e+00	9.346455e-01	3.594633e-01	9.012829e-01	0	1.745259e+00	0
TCGA-FD-A3SP-01A-31R-A22U-07	1.360492e+00	8.306614e-01	4.722451e-01	8.611979e-01	3.662972e-01	1.280979e+00	1.615048e-01	1.452285e+00	1.330372e+00
TCGA-FD-A3SQ-01A-21R-A22U-07	1.528167e+00	5.823120e-01	1.964496e-01	8.239008e-01	9.012401e-01	1.015201e+00	1.527682e+00	3.426925e-01	0
TCGA-FD-A3SR-01A-11R-A22U-07	1.178079e+00	5.586903e-01	8.860576e-03	9.751928e-01	2.135612e+00	9.305118e-01	0	0	9.860497e-01
TCGA-FD-A3SS-01A-12R-A22U-07	6.167546e-01	9.171913e-02	1.032347e+00	5.870356e-01	1.236802e+00	1.040838e+00	0	4.829816e-01	7.715050e-01
TCGA-FD-A43N-01A-11R-A23W-07	7.244231e-01	4.245879e-01	4.391480e-01	4.228206e-01	1.742091e+00	9.499106e-01	1.143149e+00	7.721278e-01	5.310285e-01
TCGA-FD-A43P-01A-31R-A23W-07	6.593064e-01	9.574794e-01	0	7.682161e-01	1.856995e+00	6.865586e-01	6.676637e-01	9.474595e-02	1.996911e+00
TCGA-FD-A43S-01A-21R-A23W-07	1.530977e+00	1.145612e+00	0	0	3.757153e-01	4.328017e-01	2.367395e+00	2.604739e-01	0
TCGA-FD-A43U-01A-11R-A23W-07	9.867612e-01	1.091864e+00	0	3.657244e-01	1.018415e+00	1.193948e+00	1.523101e+00	0	1.927609e-01
TCGA-FD-A43X-01A-11R-A23W-07	9.914083e-02	9.841044e-02	0	7.246238e-01	0	2.235413e-01	3.543884e+00	1.046236e-01	6.454241e-01
TCGA-FD-A43Y-01A-21R-A26T-07	4.714742e-01	7.224566e-01	1.652528e+00	3.891218e-01	0	7.544960e-01	6.662388e-01	1.722646e+00	1.744668e-01
TCGA-FD-A5BR-01A-11R-A26T-07	1.206194e+00	7.226633e-01	4.765127e-01	2.876198e-01	1.006728e+00	5.056574e-01	1.520888e+00	9.034452e-01	5.490029e-01
TCGA-FD-A5BS-01A-21R-A26T-07	1.234707e+00	1.704913e+00	0	4.245515e-01	2.382721e-01	8.703907e-01	5.167254e-01	5.152216e-01	1.299736e+00
TCGA-FD-A5BT-01A-11R-A26T-07	1.151176e+00	1.290747e+00	0	5.286441e-03	0	1.373435e+00	2.124997e-01	8.236788e-01	8.199120e-04
TCGA-FD-A5BU-01A-31R-A26T-07	1.086832e+00	7.492915e-01	1.835040e+00	2.760863e-01	0	7.588733e-01	3.261954e-02	1.827252e+00	3.851308e-02
TCGA-FD-A5BV-01A-11R-A26T-07	6.175706e-01	0	1.173179e-01	2.054387e-02	1.008216e+00	5.132153e-01	1.586245e+00	1.183904e+00	9.660888e-01
TCGA-FD-A5BX-01A-11R-A26T-07	1.308419e+00	9.277444e-01	0	3.120394e-01	0	8.017298e-01	9.441145e-01	8.257170e-01	4.952851e-01
TCGA-FD-A5BY-01A-31R-A28M-07	7.286287e-01	4.920496e-01	1.315642e+00	2.383735e-01	2.476795e-01	9.060058e-01	7.315810e-01	1.042700e+00	3.262959e-01
TCGA-FD-A5BZ-01A-11R-A28M-07	1.462468e+00	3.295996e-01	4.821368e-01	3.330408e-01	1.431597e+00	1.274435e+00	1.278544e+00	7.726076e-01	9.909999e-01
TCGA-FD-A5C0-01A-11R-A28M-07	1.075637e+00	2.116662e-01	7.145305e-01	9.809997e-01	1.362512e+00	7.373026e-01	9.288062e-01	9.252655e-02	7.486362e-02
TCGA-FD-A5C1-01A-11R-A28M-07	5.151304e-01	1.174255e+00	1.171799e+00	2.312233e-01	1.592016e-01	9.092778e-01	2.240326e-01	1.921521e+00	0
TCGA-FD-A62N-01A-11R-A30C-07	8.907955e-01	1.493887e+00	4.854123e-01	5.281495e-01	0	9.885679e-01	3.240335e-01	1.541570e+00	3.725600e-01
TCGA-FD-A62O-01A-11R-A30C-07	7.724853e-01	0	2.635300e-01	6.152052e-01	1.310733e+00	7.818530e-01	1.843829e+00	8.273624e-01	4.074048e-01
TCGA-FD-A62P-01A-32R-A30C-07	9.059073e-01	5.520869e-01	1.037335e+00	6.561032e-01	1.085368e+00	9.900111e-01	6.411109e-01	6.592026e-01	4.388788e-01
TCGA-FD-A62S-01A-11R-A30C-07	1.142640e+00	7.178580e-01	1.249333e+00	3.725697e-01	1.910827e-01	1.161780e+00	3.739380e-01	1.832150e+00	9.747605e-01
TCGA-FD-A6TA-01A-12R-A33J-07	1.084456e+00	6.914501e-01	2.739606e-01	7.592662e-01	1.449564e+00	9.155264e-01	1.564146e+00	7.476687e-02	2.756227e-01
TCGA-FD-A6TB-01A-12R-A33J-07	1.396945e+00	1.003532e+00	2.987838e-01	4.289891e-01	8.793851e-01	6.328799e-01	8.958158e-01	4.189749e-01	1.408419e+00
TCGA-FD-A6TC-01A-21R-A33J-07	9.600674e-01	2.350135e-01	4.165687e-01	6.295868e-01	1.341417e+00	1.252648e+00	1.044870e+00	5.280983e-01	6.334430e-01
TCGA-FD-A6TD-01A-51R-A33J-07	5.579540e-01	1.056519e+00	8.950528e-01	3.409145e-01	2.499547e-01	7.511058e-01	7.063657e-01	1.775338e+00	0
TCGA-FD-A6TE-01A-12R-A33J-07	3.691484e-02	5.410593e-01	3.471326e-01	1.023617e+00	8.700221e-01	0	9.982699e-01	4.511410e-01	1.327746e-01
TCGA-FD-A6TF-01A-52R-A32O-07	1.279945e+00	5.180729e-01	5.153101e-01	6.941536e-02	9.372950e-01	9.901007e-01	0	7.490276e-01	1.108130e+00
TCGA-FD-A6TG-01A-11R-A32O-07	1.405102e+00	4.336464e-01	2.865945e-01	7.782256e-01	1.374491e+00	9.226853e-01	1.490597e+00	0	1.078551e+00
TCGA-FD-A6TH-01A-11R-A32O-07	7.526322e-01	3.474548e-01	2.860473e-01	4.016615e-01	9.537243e-01	1.198237e+00	0	1.230735e+00	1.252067e+00
TCGA-FD-A6TI-01A-11R-A32O-07	1.072773e+00	3.269570e-01	1.781431e-01	3.541871e-01	1.093310e+00	3.693387e-01	1.367219e+00	6.099369e-01	0
TCGA-FD-A6TK-01A-42R-A33J-07	9.806339e-01	7.655760e-01	8.160206e-01	4.628078e-01	4.464072e-01	1.192069e+00	2.150130e-01	1.873944e+00	7.077472e-01
TCGA-FJ-A3Z7-01A-12R-A23N-07	9.488705e-01	5.147329e-01	0	4.047383e-01	1.515415e+00	3.819812e-01	3.419386e-01	6.246420e-01	1.284628e+00
TCGA-FJ-A3Z9-01A-11R-A26T-07	0	0	4.488685e-01	3.658027e-01	7.914032e-01	2.974235e-01	2.524157e+00	1.088035e+00	3.326834e-01
TCGA-FJ-A3ZE-01A-11R-A23N-07	6.086057e-02	0	7.080293e-01	7.200966e-01	6.721251e-01	2.913767e-01	1.943214e+00	3.414957e-01	1.223942e+00
TCGA-FJ-A3ZF-01A-11R-A23N-07	1.371165e-01	0	0	4.847143e-01	2.241737e+00	3.467905e-01	6.762920e-01	1.379364e-02	2.340121e+00
TCGA-FJ-A871-01A-11R-A352-07	8.163169e-01	1.753843e-01	9.547622e-02	7.564370e-02	0	1.049495e+00	1.017917e+00	8.316417e-01	1.989702e+00
TCGA-FT-A3EE-01A-11R-A206-07	5.265345e-01	1.143475e-01	7.064076e-01	2.127265e-01	4.880167e-01	4.267462e-01	1.594709e+00	2.032738e+00	7.483006e-01
TCGA-FT-A61P-01A-11R-A30C-07	1.121475e+00	7.372452e-01	3.772950e-01	6.416467e-01	4.802660e-01	8.344429e-01	3.359291e-01	1.229948e+00	1.904393e-01
TCGA-G2-A2EC-01A-11R-A180-07	1.376427e+00	3.455150e-01	0	4.255740e-01	7.969420e-01	8.048985e-01	2.031321e+00	7.152144e-01	4.041059e-01
TCGA-G2-A2EF-01A-12R-A18C-07	1.746462e-01	8.428474e-01	9.577255e-01	6.257705e-01	0	3.308585e-01	2.543106e-01	2.897106e+00	1.177592e+00
TCGA-G2-A2EJ-01A-11R-A180-07	0	5.963809e-01	2.277097e+00	2.941171e-01	0	0	0	2.938358e+00	5.235949e-01
TCGA-G2-A2EK-01A-22R-A18C-07	1.114194e+00	4.268746e-01	1.182956e-01	6.501043e-01	1.016952e+00	3.589046e-01	2.266381e+00	0	8.338430e-01
TCGA-G2-A2EL-01A-12R-A18C-07	2.731413e-01	3.594071e-02	7.864099e-01	6.232364e-01	4.177523e-01	1.094368e-01	1.709898e-01	4.868894e-01	5.495364e+00
TCGA-G2-A2EO-01A-11R-A180-07	8.162769e-01	8.341937e-01	9.300793e-03	3.903917e-01	6.084961e-01	8.730094e-01	1.711162e+00	4.916863e-01	6.596346e-01
TCGA-G2-A2ES-01A-11R-A180-07	3.161543e-01	7.449986e-01	1.890860e+00	4.137317e-01	0	4.729088e-01	3.436516e-01	2.103592e+00	0
TCGA-G2-A3IB-01A-11R-A20F-07	0	1.672309e-01	2.450841e+00	2.607323e-01	0	3.695240e-01	1.418418e-01	1.937664e+00	0
TCGA-G2-A3IE-01A-11R-A20F-07	3.133596e-01	2.508469e-01	0	5.123936e-01	1.080700e+00	3.425976e-01	2.430718e+00	3.004723e-01	5.230386e-01
TCGA-G2-A3VY-01A-11R-A22U-07	1.730652e-01	0	0	7.935982e-01	1.852323e+00	2.482961e-01	1.159608e+00	1.993580e-02	2.245603e+00
TCGA-G2-AA3B-01A-11R-A39I-07	0	6.769351e-01	5.009798e-03	1.849624e-01	1.322246e+00	0	1.555528e+00	2.493656e-01	5.247930e-01
TCGA-G2-AA3C-01A-21R-A39I-07	4.512715e-01	1.015484e+00	0	2.783804e-01	0	4.141898e-01	0	1.096037e+00	3.501561e-01
TCGA-G2-AA3D-01A-11R-A39I-07	1.493534e-01	3.313628e-01	3.796589e-01	4.906253e-01	1.147884e+00	2.802016e-01	2.008638e+00	3.788637e-01	1.023718e+00
TCGA-G2-AA3F-01A-12R-A42T-07	3.142062e-01	2.367303e-02	0	6.021141e-01	2.023530e+00	5.760060e-01	1.123097e+00	3.871154e-01	1.217932e+00
TCGA-GC-A3BM-11A-11R-A22U-07	1.819251e+00	2.816791e-01	2.317998e-01	4.706559e-01	2.275640e-01	1.057839e-02	2.511135e+00	1.140830e+00	1.912730e-01
TCGA-GC-A3BM-01A-11R-A22U-07	4.540884e-01	3.576365e-01	7.642350e-01	8.451308e-01	0	4.454803e-02	2.381769e+00	7.586473e-01	1.075407e+00
TCGA-GC-A3I6-01A-11R-A20F-07	5.327440e-01	6.633859e-01	1.520001e+00	7.289497e-01	6.130020e-04	5.412687e-01	9.915174e-01	1.455701e+00	0
TCGA-GC-A3OO-01A-11R-A22U-07	1.395052e+00	4.096739e-01	4.474858e-01	6.887461e-01	8.387812e-01	5.389997e-01	1.273416e+00	4.253627e-01	0
TCGA-GC-A3RB-01A-12R-A220-07	1.550451e-01	2.813949e-01	5.465125e-01	7.165248e-01	8.640175e-01	4.395960e-01	1.499810e+00	9.042171e-01	2.095908e+00
TCGA-GC-A3RC-01A-11R-A22U-07	1.169761e-01	6.932626e-01	1.876128e+00	8.365406e-01	0	5.013185e-01	9.621484e-02	2.503825e+00	3.253563e-01
TCGA-GC-A3RD-01A-12R-A22U-07	3.605714e-01	2.155038e-01	7.819565e-01	5.142436e-01	1.200632e+00	6.197306e-01	1.365760e+00	9.063981e-01	8.718519e-01
TCGA-GC-A3WC-11A-11R-A22U-07	2.406307e+00	6.087713e-01	8.297972e-02	2.377822e-01	2.464058e-01	6.216631e-03	1.566750e+00	4.813366e-01	1.082515e-01
TCGA-GC-A3WC-01A-31R-A22U-07	1.129925e+00	1.025721e+00	1.147197e+00	4.663979e-02	0	1.272359e-01	3.170463e-01	9.219855e-01	1.537054e+00
TCGA-GC-A3YS-01A-11R-A23N-07	7.538559e-01	5.922928e-01	1.316768e+00	6.818827e-01	3.849679e-02	9.773710e-01	6.050131e-01	1.565402e+00	6.567208e-01
TCGA-GC-A4ZW-01A-11R-A26T-07	0	3.960156e-01	8.009173e-02	7.156867e-01	7.528031e-01	1.580328e-01	9.976106e-01	2.557488e-01	2.889051e+00
TCGA-GC-A6I1-01A-12R-A31N-07	7.924642e-02	1.323744e+00	1.279822e+00	1.452698e-01	0	3.993560e-01	2.691528e-01	2.425159e+00	3.056005e-01
TCGA-GC-A6I3-11A-11R-A31N-07	1.229707e+00	1.365402e+00	0	0	4.288446e-01	3.717750e-01	1.918078e+00	2.249346e-01	2.528792e-01
TCGA-GC-A6I3-01A-11R-A31N-07	4.243544e-01	1.088118e+00	0	2.121237e-02	1.026228e+00	7.731868e-01	1.544947e+00	0	7.541479e-01
TCGA-GD-A2C5-11A-11R-A180-07	1.401357e+00	7.081728e-01	3.252680e-01	9.401334e-02	8.198405e-01	3.331393e-02	1.852384e+00	4.346039e-01	1.024250e+00
TCGA-GD-A2C5-01A-12R-A180-07	1.004242e+00	2.502903e-01	0	4.641542e-01	1.500389e+00	8.892900e-01	1.497398e+00	2.610735e-03	9.987518e-01
TCGA-GD-A3OP-11A-11R-A220-07	1.479411e+00	6.073212e-01	6.481827e-01	2.124412e-01	3.496867e-01	0	2.040559e+00	6.994836e-01	0
TCGA-GD-A3OP-01A-21R-A220-07	1.248630e+00	3.612056e-01	0	4.519115e-01	1.315334e+00	4.902631e-01	1.805724e+00	4.242916e-01	5.118994e-01
TCGA-GD-A3OQ-11A-21R-A220-07	2.113121e+00	1.827902e-01	4.694972e-03	6.642558e-01	7.032236e-01	2.131325e-01	2.270478e+00	5.427145e-01	6.539294e-02
TCGA-GD-A3OQ-01A-32R-A220-07	3.406388e-01	1.983504e-01	1.324523e+00	7.039113e-01	3.972542e-01	4.960451e-01	1.619920e+00	1.898976e+00	0
TCGA-GD-A3OS-01A-12R-A220-07	1.087954e+00	4.232560e-01	8.322221e-01	3.028106e-01	8.837376e-02	9.882547e-01	2.420150e-01	1.115258e+00	2.609572e+00
TCGA-GD-A6C6-01A-21R-A31N-07	0	8.089966e-01	0	0	2.477767e-01	3.558507e-01	2.288005e+00	0	4.514264e-01
TCGA-GD-A76B-01A-11R-A32O-07	6.763988e-01	9.645255e-01	0	2.455825e-01	1.526779e+00	1.855938e-01	1.343613e+00	1.809088e-01	9.646746e-01
TCGA-GU-A42P-01A-11R-A23W-07	3.296131e-01	5.283715e-02	0	4.213547e-01	1.894132e+00	1.653594e-01	5.480982e-01	1.417516e-01	2.344604e+00
TCGA-GU-A42Q-01A-11R-A23W-07	5.037227e-01	1.411276e-01	1.950634e+00	3.476123e-02	0	5.110544e-01	6.432166e-02	1.815762e+00	1.708066e+00
TCGA-GU-A42R-01A-11R-A23N-07	3.814899e-01	9.712776e-03	9.322423e-01	8.308297e-01	3.614202e-01	2.347403e-01	2.450940e+00	5.057034e-01	1.569386e+00
TCGA-GU-A762-01A-11R-A33J-07	4.859535e-01	1.306444e+00	5.251177e-01	4.648753e-01	0	7.192798e-01	5.317871e-01	2.243803e+00	1.957246e-01
TCGA-GU-A763-01A-11R-A32O-07	0	5.455283e-01	0	3.910491e-01	0	0	3.731316e+00	1.062182e-01	2.709765e-01
TCGA-GU-A764-01A-11R-A352-07	8.921644e-01	9.023002e-01	8.844187e-01	4.643454e-01	6.428779e-01	1.024100e+00	2.944036e-01	1.209483e+00	8.413288e-01
TCGA-GU-A766-01A-11R-A32O-07	5.616753e-01	1.374674e+00	1.139555e+00	2.436407e-01	0	3.016756e-01	2.481904e-01	2.258682e+00	2.495279e-01
TCGA-GU-A767-01A-11R-A32O-07	1.167122e+00	3.999645e-01	0	1.071491e-01	1.109844e+00	5.386327e-01	2.067234e+00	0	1.041646e+00
TCGA-GU-AATO-01A-11R-A39I-07	6.496198e-01	9.165497e-01	1.011851e-01	5.974568e-01	1.138417e+00	7.399898e-01	5.852025e-01	0	0
TCGA-GU-AATP-01A-11R-A39I-07	7.596714e-01	7.390947e-01	0	4.182997e-01	1.759182e+00	1.165468e+00	6.866679e-01	1.763425e-01	1.142923e+00
TCGA-GU-AATQ-01A-11R-A39I-07	5.521076e-01	5.406592e-01	1.216037e+00	1.536555e-01	0	4.896497e-01	8.577976e-01	5.756158e-01	1.236638e+00
TCGA-GV-A3JV-01A-11R-A220-07	8.777043e-01	4.316406e-01	0	5.362392e-01	1.133608e+00	6.104271e-01	1.541793e+00	6.838786e-01	5.330119e-01
TCGA-GV-A3JW-01A-11R-A20F-07	4.983305e-01	0	3.195943e-01	6.628383e-01	1.412677e+00	3.776548e-01	1.829429e+00	8.279104e-02	1.513633e+00
TCGA-GV-A3JX-01A-11R-A20F-07	3.494866e-01	7.716774e-01	3.486292e-01	7.512462e-01	1.312854e+00	2.683725e-01	6.666941e-01	5.192242e-01	1.440379e+00
TCGA-GV-A3JZ-01A-11R-A21D-07	6.322179e-01	4.946537e-01	0	4.962037e-01	1.676122e+00	6.978247e-01	4.639068e-01	4.758964e-01	2.678597e+00
TCGA-GV-A3QF-01A-31R-A22U-07	9.272198e-02	0	0	7.113246e-01	1.393082e+00	0	1.516277e+00	1.384529e-01	2.409549e-01
TCGA-GV-A3QG-01A-11R-A220-07	1.259329e+00	9.508065e-01	0	5.830982e-01	1.382939e+00	9.864752e-01	0	7.597035e-01	1.256242e+00
TCGA-GV-A3QH-01A-11R-A220-07	0	1.991881e-01	0	5.899234e-01	1.627835e+00	0	1.194739e+00	3.632160e-01	2.783547e+00
TCGA-GV-A3QI-01A-11R-A220-07	4.241590e-01	0	1.779849e-01	7.642709e-01	6.134493e-01	0	1.230332e+00	6.714048e-01	2.227546e+00
TCGA-GV-A3QK-01B-11R-A23N-07	2.980830e-01	6.817402e-01	0	5.647549e-01	1.135735e+00	0	2.295877e+00	4.212934e-01	5.250406e-01
TCGA-GV-A40E-01A-12R-A23N-07	1.447648e-01	5.241594e-01	1.041197e+00	3.565484e-01	4.969009e-01	8.200213e-01	2.297186e-01	2.207397e+00	5.970379e-01
TCGA-GV-A40G-01A-11R-A23N-07	1.027600e-01	1.189903e-01	0	7.190646e-01	1.514722e+00	6.817931e-02	1.011687e+00	0	7.974003e-01
TCGA-GV-A6ZA-01A-12R-A33J-07	0	6.939577e-01	0	5.509027e-01	5.147265e-01	4.012698e-02	2.496985e+00	4.299405e-01	9.839050e-01
TCGA-H4-A2HO-01A-11R-A180-07	7.853346e-01	4.224169e-01	0	4.324618e-01	1.589863e+00	2.071107e-01	1.214630e+00	1.973974e-01	7.451797e-01
TCGA-H4-A2HQ-01A-11R-A180-07	2.070015e-01	3.409549e-01	4.826437e-01	4.772033e-01	3.404384e-01	9.484102e-02	2.274941e+00	1.016487e+00	2.360519e+00
TCGA-HQ-A2OE-01A-11R-A206-07	2.363148e-01	1.747377e-01	3.283888e-01	8.629707e-01	1.143715e+00	2.558504e-02	1.262764e+00	4.722079e-01	2.091316e+00
TCGA-HQ-A2OF-01A-11R-A26T-07	4.527889e-01	0	2.425715e-01	1.303532e-01	8.725681e-01	0	4.775838e-01	8.134370e-01	3.004694e+00
TCGA-HQ-A5ND-01A-11R-A26T-07	2.264909e-01	3.232150e-01	1.332187e+00	4.586018e-01	0	8.292626e-02	8.921571e-01	1.506649e+00	9.982346e-01
TCGA-HQ-A5NE-01A-12R-A28M-07	7.219035e-01	5.160080e-01	1.210976e+00	4.891649e-01	5.243865e-01	5.823808e-01	1.108024e+00	1.962832e+00	0
TCGA-K4-A3WS-01A-11R-A22U-07	1.613037e+00	6.772574e-01	1.826006e-01	6.601225e-01	1.290096e+00	1.053287e+00	1.182759e+00	3.461816e-01	9.461111e-01
TCGA-K4-A3WU-01B-11R-A23N-07	1.540015e+00	6.918754e-01	2.746976e-01	4.880136e-01	1.700067e+00	6.374103e-01	1.079861e+00	2.477959e-01	1.012468e+00
TCGA-K4-A3WV-11A-21R-A22U-07	1.460554e+00	2.771602e-01	0	3.460896e-01	6.098703e-01	3.872527e-02	2.691886e+00	2.910166e-01	2.381433e-01
TCGA-K4-A3WV-01A-11R-A22U-07	5.926253e-01	1.540386e-01	1.125582e+00	7.252590e-02	4.738813e-01	6.231035e-01	4.352069e-01	7.045321e-01	3.111044e+00
TCGA-K4-A4AB-01B-12R-A28M-07	1.257259e+00	4.434438e-01	6.868352e-01	4.704033e-01	3.497765e-01	6.490548e-01	1.714555e+00	8.287678e-01	0
TCGA-K4-A4AC-01A-21R-A26T-07	2.418440e-01	7.492842e-01	1.624452e+00	5.567612e-01	0	4.902073e-01	2.870777e-01	2.210252e+00	2.118457e-01
TCGA-K4-A54R-11A-11R-A26T-07	1.713975e+00	2.578774e-01	1.951778e-01	3.822201e-01	2.431017e-01	0	2.570163e+00	1.406063e+00	0
TCGA-K4-A54R-01A-11R-A26T-07	5.444464e-01	6.195983e-01	3.981694e-01	8.937781e-01	1.123427e+00	1.019372e+00	1.030997e+00	7.511529e-01	0
TCGA-K4-A5RH-01A-11R-A30C-07	1.194300e+00	1.096345e+00	0	9.016611e-01	0	6.907504e-01	0	1.135221e+00	1.559222e+00
TCGA-K4-A5RI-11A-11R-A28M-07	2.034017e+00	1.069710e+00	0	6.801142e-02	1.585467e-01	1.336882e-01	1.891818e+00	7.684514e-01	7.762716e-02
TCGA-K4-A5RI-01A-11R-A28M-07	8.751594e-01	4.167120e-01	1.199209e+00	0	0	5.505851e-01	6.438773e-01	7.065799e-01	9.184244e-01
TCGA-K4-A5RJ-01A-11R-A28M-07	6.431802e-01	1.415767e+00	0	9.562197e-01	0	2.375941e-01	0	5.679115e-01	8.728962e-01
TCGA-K4-A6FZ-01A-11R-A31N-07	3.476113e-01	7.449997e-01	1.211783e+00	2.844688e-01	2.408694e-01	2.955818e-02	1.527656e+00	2.162078e+00	0
TCGA-K4-A6MB-01A-11R-A31N-07	8.933732e-01	8.619696e-02	8.044095e-01	6.096538e-01	1.710990e+00	1.023303e+00	1.052692e+00	3.528152e-01	1.408345e+00
TCGA-K4-A83P-01A-11R-A352-07	1.670369e+00	9.900197e-01	0	4.029624e-01	1.381120e+00	6.236054e-01	1.165902e+00	2.621391e-01	1.208939e+00
TCGA-K4-AAQO-01A-11R-A38B-07	1.851047e+00	4.689876e-01	8.916218e-02	5.482062e-01	1.357124e+00	6.040243e-01	1.294524e+00	1.957068e-02	7.871071e-01
TCGA-KQ-A41N-01A-11R-A33J-07	4.796005e-01	6.641419e-02	0	9.059180e-02	9.603653e-01	6.572639e-01	2.105573e+00	4.382358e-01	7.550544e-01
TCGA-KQ-A41O-01A-12R-A352-07	0	0	0	3.821485e-01	4.485400e-01	1.856554e-02	2.951516e+00	0	1.312018e+00
TCGA-KQ-A41P-01A-12R-A33J-07	8.318823e-01	5.755254e-01	3.332402e-01	1.897209e-01	1.089976e+00	8.290273e-01	1.649918e+00	4.993639e-02	7.630179e-01
TCGA-KQ-A41Q-01A-11R-A33J-07	2.945469e-01	4.728382e-02	0	5.992048e-01	1.715632e+00	5.729783e-01	1.336101e+00	3.420905e-01	9.805220e-01
TCGA-KQ-A41R-01A-21R-A352-07	2.866283e-01	2.947661e-01	0	1.341339e-01	1.377207e+00	2.294248e-01	1.887057e+00	1.058545e-01	7.710945e-01
TCGA-KQ-A41S-01A-12R-A33J-07	1.151403e+00	4.292862e-01	5.592207e-02	3.790110e-01	1.318079e+00	6.346335e-01	8.606645e-01	3.194147e-01	7.163678e-01
TCGA-LC-A66R-01A-41R-A30C-07	4.616552e-01	9.084143e-01	1.266156e+00	5.165762e-01	3.829023e-01	6.076758e-01	1.216271e-01	2.026175e+00	6.693368e-01
TCGA-LT-A5Z6-01A-11R-A28M-07	2.194280e-01	4.436628e-01	0	6.076045e-01	1.873807e+00	2.223502e-01	9.043339e-01	0	8.128971e-01
TCGA-LT-A8JT-01A-11R-A36F-07	4.213582e-01	3.225344e-01	0	5.386462e-01	6.141151e-01	1.393726e-01	2.875502e+00	5.506300e-01	5.573487e-01
TCGA-MV-A51V-01A-11R-A26T-07	6.700368e-01	2.821114e-01	0	2.602124e-01	1.651596e+00	6.822754e-02	1.185663e+00	2.942128e-01	5.851050e-01
TCGA-PQ-A6FI-01A-11R-A31N-07	1.648413e-02	7.375537e-01	1.917442e+00	3.701566e-01	0	2.719460e-01	6.837640e-02	2.430215e+00	8.921027e-01
TCGA-PQ-A6FN-01A-11R-A31N-07	4.728972e-01	7.223148e-01	1.483787e+00	0	1.207475e-01	7.712434e-01	6.276872e-01	1.431914e+00	1.814629e-01
TCGA-R3-A69X-01A-22R-A30C-07	1.409258e+00	5.901037e-01	2.179315e-02	5.762440e-01	1.142488e+00	6.954654e-01	1.336726e+00	4.364010e-01	7.066529e-01
TCGA-S5-A6DX-01A-11R-A31N-07	7.815648e-01	1.046996e+00	1.017259e-01	7.182054e-02	1.474805e+00	9.993711e-01	1.198278e+00	0	0
TCGA-S5-AA26-01A-11R-A38B-07	3.136132e-01	0	6.196042e-01	6.349574e-01	3.338545e-01	2.716990e-01	2.743581e+00	8.727931e-02	5.338337e-01
TCGA-SY-A9G0-01A-12R-A38B-07	2.079096e+00	3.886265e-01	3.274801e-02	5.152328e-01	9.887784e-01	8.808606e-01	1.298748e+00	5.437953e-01	6.197365e-01
TCGA-SY-A9G5-01A-11R-A38B-07	7.964980e-01	9.444281e-01	7.102389e-01	7.836948e-01	5.916321e-01	1.145086e+00	9.817757e-01	7.306533e-01	0
TCGA-UY-A78K-01A-11R-A33J-07	5.491360e-01	9.798735e-01	0	5.069699e-01	1.795574e+00	4.037779e-01	2.152057e-01	0	1.264025e+00
TCGA-UY-A78L-01A-12R-A33J-07	4.225589e-01	5.014201e-01	1.185462e+00	7.403063e-01	5.949620e-01	9.227508e-01	0	1.024262e+00	3.862665e-01
TCGA-UY-A78M-01A-21R-A352-07	5.157025e-01	2.498218e-01	5.955257e-01	9.732992e-02	1.191519e+00	1.163784e+00	1.462468e+00	3.880567e-01	1.015105e+00
TCGA-UY-A78N-01A-12R-A33J-07	8.615803e-01	3.406776e-02	1.991163e-01	4.843469e-01	9.507785e-01	7.344803e-01	1.728499e+00	5.474657e-02	2.025863e+00
TCGA-UY-A78O-01A-12R-A33J-07	5.826530e-01	3.764182e-01	0	1.366886e-01	1.196988e+00	5.811097e-01	2.371288e+00	0	6.475023e-01
TCGA-UY-A78P-01A-12R-A36F-07	6.358469e-01	1.224750e+00	1.040222e+00	3.537695e-03	0	3.688210e-01	1.150767e+00	1.326246e+00	6.745743e-01
TCGA-UY-A8OB-01A-12R-A42T-07	0	5.541130e-01	1.320373e+00	3.873113e-01	0	3.773494e-01	0	2.480827e+00	0
TCGA-UY-A8OC-01A-11R-A36F-07	8.540420e-01	4.167528e-01	1.215318e+00	3.349245e-01	0	1.079470e+00	9.501740e-01	2.118054e+00	2.547753e-01
TCGA-UY-A8OD-01A-11R-A36F-07	1.513785e+00	5.672126e-01	0	1.238374e-01	1.195919e+00	9.116769e-01	8.300168e-01	2.160034e-01	7.603618e-01
TCGA-UY-A9PA-01A-11R-A38B-07	1.323739e-01	6.012829e-01	6.470827e-01	7.268198e-01	1.341779e-01	0	2.287202e+00	1.808387e+00	0
TCGA-UY-A9PB-01A-11R-A38B-07	6.931382e-01	1.084360e+00	7.291299e-01	5.597459e-01	8.304862e-02	1.052601e+00	2.075297e-01	2.095931e+00	8.322336e-01
TCGA-UY-A9PD-01A-11R-A38B-07	9.042204e-01	3.580391e-01	0	4.252487e-01	1.838409e+00	1.148938e+00	9.279649e-01	0	1.218870e+00
TCGA-UY-A9PE-01A-11R-A38B-07	8.538762e-01	3.907191e-01	8.876022e-02	3.976957e-01	1.765952e+00	1.045224e+00	1.054965e+00	1.234690e-01	1.101661e+00
TCGA-UY-A9PF-01A-11R-A38B-07	1.004108e+00	4.023752e-01	0	3.553157e-01	1.440280e+00	3.768888e-01	1.746866e+00	8.461820e-01	1.519834e-02
TCGA-UY-A9PH-01A-11R-A38B-07	4.857825e-01	1.148713e+00	5.957886e-02	6.971871e-01	1.133896e+00	6.404762e-01	1.797328e+00	2.884647e-01	0
TCGA-XF-A8HB-01A-11R-A36F-07	0	2.769897e-01	7.291874e-01	2.310678e-02	0	0	1.646579e+00	7.400711e-01	7.577387e-01
TCGA-XF-A8HC-01A-11R-A36F-07	1.848410e-02	2.744847e-02	0	4.956162e-01	1.436794e+00	0	1.244641e+00	0	0
TCGA-XF-A8HD-01A-11R-A36F-07	4.087422e-01	8.773606e-01	0	7.317965e-01	8.352804e-01	8.348523e-01	2.997708e-01	1.122013e+00	1.727040e-01
TCGA-XF-A8HE-01A-11R-A36F-07	3.153216e-01	9.975258e-01	1.785135e+00	6.072102e-01	0	3.615298e-01	2.234111e-01	1.521199e+00	1.066329e+00
TCGA-XF-A8HF-01A-11R-A36F-07	7.387217e-01	5.119705e-01	0	2.201455e-01	1.354147e+00	1.056213e+00	1.332859e+00	5.602429e-02	4.826413e-01
TCGA-XF-A8HG-01A-11R-A36F-07	3.663020e-02	0	0	5.599049e-01	1.286017e+00	1.671429e-01	1.703225e+00	2.129696e-01	4.021037e-01
TCGA-XF-A8HH-01A-11R-A38B-07	1.256188e+00	2.767914e-01	3.949268e-02	4.720632e-01	1.810770e+00	1.044542e+00	1.241182e+00	1.604388e-01	5.831104e-01
TCGA-XF-A8HI-01A-11R-A38B-07	3.792919e-01	3.888945e-01	3.376350e-01	6.618143e-01	4.056082e-02	0	3.213564e+00	7.951704e-01	7.147615e-01
TCGA-XF-A9SH-01A-11R-A39I-07	8.214201e-01	2.689759e-01	1.114475e-01	2.974774e-01	5.910983e-01	5.658670e-01	2.406123e+00	5.105747e-01	3.345151e-03
TCGA-XF-A9SI-01A-11R-A39I-07	1.260874e+00	1.369323e+00	0	3.868982e-01	6.018676e-01	4.475525e-01	5.755745e-01	3.735973e-01	2.523237e+00
TCGA-XF-A9SJ-01A-11R-A39I-07	5.783709e-01	9.578873e-01	1.933496e-01	4.424134e-01	1.213610e+00	9.138331e-01	3.898756e-01	5.165986e-01	0
TCGA-XF-A9SK-01A-11R-A42T-07	9.843183e-01	8.119892e-01	3.679699e-01	7.068345e-01	9.270535e-01	1.127542e+00	1.287326e+00	7.318623e-02	0
TCGA-XF-A9SL-01A-11R-A39I-07	1.919260e+00	7.653101e-01	0	2.782254e-01	1.115543e+00	6.907822e-01	1.015759e+00	1.032546e-01	4.720455e-02
TCGA-XF-A9SM-01A-11R-A42T-07	4.899184e-01	1.223150e+00	1.052411e+00	7.052746e-01	2.176664e-01	8.255819e-01	4.619394e-02	1.714190e+00	7.229796e-01
TCGA-XF-A9SP-01A-11R-A39I-07	1.501347e+00	6.168465e-01	2.574556e-02	2.293666e-01	1.198323e+00	1.136202e+00	1.095109e+00	4.687356e-01	6.009129e-01
TCGA-XF-A9ST-01A-11R-A42T-07	1.983738e-01	0	3.162270e-01	1.283730e-01	6.669230e-01	5.828774e-01	3.940944e-01	8.904087e-01	3.147600e+00
TCGA-XF-A9SU-01A-31R-A39I-07	1.142717e+00	6.402209e-01	2.530496e-02	0	1.160707e+00	1.059363e+00	1.611712e+00	4.954668e-01	7.599035e-01
TCGA-XF-A9SV-01A-21R-A42T-07	9.048965e-01	1.273566e-01	2.300468e-01	8.177134e-01	1.449936e+00	1.198177e+00	1.611521e+00	9.410004e-02	3.352179e-01
TCGA-XF-A9SW-01A-11R-A42T-07	2.099963e+00	6.257503e-01	0	5.365036e-01	1.014178e+00	8.796348e-01	2.401354e-01	2.613870e-01	1.192783e-01
TCGA-XF-A9SX-01A-21R-A39I-07	7.500436e-01	1.053558e+00	0	1.369933e-01	4.407721e-01	1.170610e+00	4.298068e-02	1.254299e+00	6.581041e-01
TCGA-XF-A9SY-01A-21R-A42T-07	6.087245e-01	1.084110e+00	9.502867e-01	3.258423e-01	0	7.654542e-01	9.653789e-02	3.046266e+00	1.440867e+00
TCGA-XF-A9SZ-01A-11R-A39I-07	8.596520e-01	5.348785e-01	2.637007e-01	6.831533e-01	1.593167e+00	1.302943e+00	6.102249e-01	1.859236e-01	0
TCGA-XF-A9T0-01A-11R-A39I-07	6.316114e-01	4.880740e-01	1.764106e-01	3.082585e-01	1.493262e+00	9.736068e-01	9.292211e-01	4.556504e-01	1.466042e+00
TCGA-XF-A9T2-01A-11R-A42T-07	8.830201e-01	3.601683e-01	5.606284e-01	4.205119e-01	2.921423e-01	9.729790e-01	9.685306e-01	8.087931e-01	2.894447e+00
TCGA-XF-A9T3-01A-11R-A42T-07	1.274617e+00	7.676794e-01	4.149501e-01	1.717115e-01	3.265627e-01	7.746679e-01	3.670808e-01	1.436221e+00	8.043438e-01
TCGA-XF-A9T4-01A-11R-A39I-07	4.255124e-01	5.449319e-01	1.423406e+00	7.168702e-01	0	5.199669e-01	1.408936e+00	2.421706e+00	0
TCGA-XF-A9T5-01A-11R-A42T-07	5.197758e-01	1.302784e+00	6.064027e-01	2.012595e-01	0	5.190345e-01	4.439877e-01	6.948079e-01	1.689442e+00
TCGA-XF-A9T6-01A-11R-A42T-07	0	5.285229e-01	8.566676e-01	0	1.868672e-01	4.906039e-01	4.859939e-01	2.074285e+00	7.970974e-02
TCGA-XF-A9T8-01A-11R-A39I-07	6.098021e-01	1.163992e+00	1.565408e+00	6.929646e-01	0	4.029716e-01	1.647277e-01	1.239431e+00	7.886959e-02
TCGA-XF-AAME-01A-12R-A42T-07	1.798649e+00	9.536063e-01	1.097936e+00	1.017721e-01	2.589826e-01	6.083019e-01	7.601391e-01	1.226868e+00	7.809254e-01
TCGA-XF-AAMG-01A-11R-A42T-07	7.983954e-01	4.501790e-01	0	3.653794e-01	1.401772e+00	6.410716e-01	4.140349e-01	4.310899e-01	3.134916e+00
TCGA-XF-AAMH-01A-11R-A42T-07	5.296562e-01	3.769908e-01	6.575229e-01	0	4.894131e-01	8.880426e-01	1.194038e+00	4.852905e-01	2.211067e+00
TCGA-XF-AAMJ-01A-11R-A42T-07	1.479298e+00	4.430707e-01	0	6.370215e-01	8.603538e-01	1.377172e+00	1.359156e+00	6.145570e-01	2.465409e-01
TCGA-XF-AAML-01A-11R-A42T-07	0	6.769990e-01	0	6.694274e-01	1.633220e+00	0	8.568813e-01	2.715805e-01	1.188921e+00
TCGA-XF-AAMQ-01A-11R-A42T-07	4.957217e-01	7.768809e-01	3.903722e-01	5.215233e-01	3.983004e-01	2.154416e-01	2.198552e+00	7.828389e-01	1.288757e+00
TCGA-XF-AAMR-01A-31R-A42T-07	1.961426e+00	2.972624e-01	4.122485e-01	7.545953e-01	5.051427e-01	5.759156e-01	1.422157e+00	2.992595e-01	9.052682e-03
TCGA-XF-AAMT-01A-11R-A42T-07	1.072584e+00	7.082576e-01	1.250762e+00	2.368479e-01	0	9.766381e-01	6.672206e-01	1.854823e+00	1.058846e+00
TCGA-XF-AAMW-01A-11R-A42T-07	4.960409e-01	6.877661e-01	1.356055e+00	3.195146e-01	0	4.298664e-01	1.142625e+00	2.794380e+00	6.192272e-01
TCGA-XF-AAMX-01A-11R-A42T-07	6.049637e-01	1.601187e-01	7.742908e-02	4.449279e-01	1.664923e+00	9.048631e-01	1.198030e+00	1.200985e-01	1.335472e+00
TCGA-XF-AAMY-01A-11R-A42T-07	1.156062e+00	2.621930e-01	1.363741e-01	6.031015e-01	1.837432e+00	1.111970e+00	1.159031e+00	4.410957e-01	1.303559e+00
TCGA-XF-AAMZ-01A-11R-A42T-07	6.566813e-01	4.082214e-01	0	2.107698e-01	1.357917e+00	4.063393e-01	1.813775e+00	1.775627e-01	1.788617e+00
TCGA-XF-AAN0-01A-11R-A42T-07	7.572093e-01	7.597620e-01	5.152810e-01	6.898990e-01	1.064774e+00	3.703055e-01	7.939376e-01	1.923151e-01	5.781161e-01
TCGA-XF-AAN1-01A-31R-A42T-07	2.985622e-01	3.817969e-01	0	4.579389e-01	4.201003e-01	1.969966e-01	2.867740e+00	4.386170e-01	9.880948e-01
TCGA-XF-AAN2-01A-11R-A42T-07	0	7.808408e-01	1.241433e+00	7.473431e-01	7.290988e-01	4.346399e-01	7.530942e-02	1.398413e+00	0
TCGA-XF-AAN3-01A-11R-A42T-07	9.932296e-01	4.968459e-01	1.071994e+00	5.201994e-01	1.659065e-01	8.824321e-01	7.919753e-01	4.388432e-01	0
TCGA-XF-AAN4-01A-11R-A42T-07	2.184874e+00	7.805851e-01	2.418715e-01	3.843752e-01	0	4.260569e-01	4.563386e-01	1.524392e+00	6.739932e-01
TCGA-XF-AAN5-01A-11R-A42T-07	4.204420e-01	7.918532e-01	1.195668e+00	2.453568e-01	0	4.110449e-01	5.128094e-01	2.500641e+00	2.676112e-01
TCGA-XF-AAN7-01A-11R-A42T-07	1.265044e+00	3.271252e-01	0	7.790180e-01	0	3.017923e-01	0	5.888949e-01	2.900493e+00
TCGA-XF-AAN8-01A-11R-A42T-07	2.095306e+00	9.701632e-01	0	2.920761e-01	0	6.441192e-01	3.270386e-01	1.111386e+00	3.081338e-02
TCGA-YC-A89H-01A-11R-A36F-07	3.176865e-01	2.606311e-01	9.788332e-01	9.044518e-02	8.014816e-01	8.526366e-01	1.638063e+00	1.384120e+00	7.992749e-01
TCGA-YC-A8S6-01A-31R-A38B-07	1.229971e+00	5.434170e-01	4.431016e-01	3.660022e-01	3.399612e-01	3.606624e-01	2.376899e+00	1.357710e+00	3.271715e-01
TCGA-YC-A9TC-01A-22R-A39I-07	4.119901e-01	5.995148e-01	2.167965e-01	1.189975e-01	0	3.892895e-01	5.262077e-01	5.678201e-01	3.273418e+00
TCGA-YF-AA3L-01A-11R-A38B-07	3.575153e-01	3.563290e-01	0	1.975704e-01	3.929459e-01	2.781192e-01	2.743351e+00	0	1.030566e-01
TCGA-YF-AA3M-01A-11R-A42T-07	3.119181e-01	3.631443e-01	8.376474e-01	4.780727e-01	4.676818e-01	4.334825e-01	1.060223e+00	9.652217e-01	4.639157e-01
TCGA-ZF-A9R0-01A-11R-A38B-07	1.069462e+00	3.447077e-01	0	5.777766e-01	1.356408e+00	8.884992e-01	2.035468e+00	0	1.325735e-01
TCGA-ZF-A9R1-01A-11R-A39I-07	9.190988e-01	2.223598e-01	5.189112e-01	6.577455e-01	6.609639e-01	5.905143e-01	2.352603e+00	1.971494e-01	1.165215e+00
TCGA-ZF-A9R2-01A-11R-A39I-07	0	0	8.438916e-01	7.914816e-01	0	0	2.793510e+00	5.459047e-01	1.608364e+00
TCGA-ZF-A9R3-01A-11R-A38B-07	4.976674e-01	4.584264e-01	0	6.205542e-01	1.090954e+00	2.220793e-01	1.954553e+00	6.053878e-01	2.070997e-01
TCGA-ZF-A9R4-01A-11R-A38B-07	0	4.355358e-01	0	8.124377e-01	1.198829e+00	0	1.717357e+00	4.577364e-01	1.093095e+00
TCGA-ZF-A9R5-01A-12R-A42T-07	1.421795e-01	4.414812e-01	0	8.700211e-01	0	0	2.944846e+00	3.387721e-01	1.146950e+00
TCGA-ZF-A9R7-01A-11R-A38B-07	2.861073e-01	1.085060e+00	2.390494e-01	5.146473e-01	5.383401e-01	2.058761e-01	2.055519e+00	3.301288e-01	2.111396e-01
TCGA-ZF-A9R9-01A-11R-A38B-07	1.432300e+00	4.128620e-01	0	6.387900e-01	1.364929e+00	1.219075e+00	1.057904e+00	0	0
TCGA-ZF-A9RC-01A-11R-A38B-07	1.130118e+00	1.378811e-01	3.528488e-01	4.942540e-01	1.408871e+00	1.324777e+00	1.419114e+00	2.098941e-01	1.551817e+00
TCGA-ZF-A9RD-01A-11R-A42T-07	5.449729e-01	1.115673e+00	1.845395e+00	0	0	3.153443e-01	2.184225e-01	1.995928e+00	0
TCGA-ZF-A9RE-01A-11R-A38B-07	9.025672e-02	3.000394e-01	1.706394e+00	4.050192e-01	0	0	1.073084e+00	1.055475e+00	1.255380e+00
TCGA-ZF-A9RF-01A-11R-A38B-07	2.506773e-01	1.034071e+00	0	8.379946e-01	0	2.263126e-01	0	1.329227e+00	5.427288e-01
TCGA-ZF-A9RL-01A-11R-A38B-07	9.899017e-02	0	1.437605e-02	7.987377e-01	9.365543e-01	0	2.491142e+00	0	1.189588e+00
TCGA-ZF-A9RM-01A-11R-A38B-07	0	0	0	8.272425e-01	1.675370e+00	4.827040e-02	1.559366e+00	2.733044e-01	1.111313e+00
TCGA-ZF-A9RN-01A-11R-A42T-07	5.406765e-02	9.849307e-01	3.949323e-01	3.978564e-01	1.889218e-01	0	3.177010e-01	4.815632e-01	4.153915e+00
TCGA-ZF-AA4N-01A-11R-A38B-07	7.507711e-01	5.140485e-01	1.281809e+00	1.714258e-01	0	3.142965e-01	0	2.191126e+00	4.693258e-01
TCGA-ZF-AA4R-01A-11R-A38B-07	9.005602e-01	3.787444e-01	8.570112e-01	8.467454e-01	1.171814e+00	1.181306e+00	6.656171e-01	4.645765e-01	1.382017e+00
TCGA-ZF-AA4T-01A-11R-A38B-07	0	2.995428e-01	0	6.206420e-01	1.695182e+00	1.708000e-01	7.811016e-01	4.693037e-01	9.212074e-01
TCGA-ZF-AA4U-01A-11R-A38B-07	0	1.845488e-01	5.516500e-01	7.219377e-01	0	0	3.133222e+00	5.372763e-01	5.053993e-01
TCGA-ZF-AA4V-01A-11R-A38B-07	1.726483e-01	7.783116e-01	8.537836e-01	6.602875e-01	7.120881e-01	7.251855e-01	1.910381e-02	1.151597e+00	2.958145e-01
TCGA-ZF-AA4W-01A-12R-A38B-07	0	6.612789e-01	1.785963e+00	4.104380e-02	0	3.320746e-01	5.952923e-01	2.207675e+00	7.771501e-01
TCGA-ZF-AA4X-01A-11R-A38B-07	1.980006e-02	2.751995e-01	1.159490e-01	7.575612e-01	1.417336e+00	0	1.261865e+00	1.827488e-01	3.080913e-01
TCGA-ZF-AA51-01A-21R-A39I-07	6.953670e-01	8.130795e-01	0	3.413887e-01	1.323859e+00	7.716950e-01	1.208134e+00	7.674398e-01	9.058897e-01
TCGA-ZF-AA52-01A-12R-A39I-07	1.196641e+00	7.198399e-01	2.723782e-02	4.130756e-01	1.139460e+00	1.068149e+00	4.869161e-01	2.125206e-01	0
TCGA-ZF-AA53-01A-11R-A39I-07	6.433964e-01	9.749373e-01	1.385525e+00	5.148371e-01	0	9.538585e-01	2.582983e-01	1.761480e+00	0
TCGA-ZF-AA54-01A-11R-A39I-07	1.051189e+00	8.216675e-01	0	8.118390e-01	0	6.747131e-01	0	1.223877e+00	1.654783e+00
TCGA-ZF-AA56-01A-31R-A39I-07	7.681990e-01	7.537818e-01	1.263853e+00	6.552289e-02	3.011834e-01	4.272211e-01	1.188325e+00	1.377017e+00	2.409739e-01
TCGA-ZF-AA58-01A-12R-A42T-07	7.775704e-01	1.209565e+00	3.798786e-01	4.447545e-01	0	8.610961e-01	1.571244e-01	2.207266e+00	9.435490e-01
TCGA-ZF-AA5H-01A-11R-A39I-07	5.005148e-01	7.176634e-01	6.874938e-01	3.931163e-01	2.895565e-01	8.923673e-01	3.786551e-02	2.359811e+00	7.807747e-01
TCGA-ZF-AA5N-01A-11R-A42T-07	0	5.208181e-02	8.205286e-01	0	5.963909e-01	5.534240e-01	1.228054e+00	1.957362e+00	3.603407e-02
TCGA-ZF-AA5P-01A-11R-A39I-07	1.996105e+00	6.838063e-01	0	3.485976e-01	1.166929e+00	4.974900e-01	8.915918e-01	4.487342e-01	5.556420e-01
