sampleID	D5.3_RICKMAN-HEAD-AND-NECK-CANCER-D	D8.8_HAEGERSTRAND-RESPONSE-TO-IMATINIB	D5.4_GNF2-SPRR1B	D11.4_REACTOME-TRANSLOCATION-OF-ZAP-70-TO-IMMUNOLOGICAL-SYNAPSE	D10.6_GNF2-GLTSCR2
TCGA-2W-A8YY-01A-11R-A37O-07	2.233429e+00	5.102043e-01	0	8.931468e-01	6.858024e-01
TCGA-4J-AA1J-01A-21R-A38B-07	1.772264e+00	7.238733e-01	2.193584e+00	8.637659e-01	8.686039e-01
TCGA-BI-A0VR-01A-11R-A10U-07	9.896608e-01	6.809336e-01	2.572228e+00	1.613114e+00	6.179985e-01
TCGA-BI-A0VS-01A-11R-A10U-07	0	7.090636e-01	1.633464e+00	1.090775e+00	6.378742e-01
TCGA-BI-A20A-01A-11R-A14Y-07	2.110383e+00	7.324900e-01	1.675346e+00	1.460458e+00	1.000369e+00
TCGA-C5-A0TN-01A-21R-A14Y-07	0	0	1.448731e-01	1.194530e+00	6.513783e-01
TCGA-C5-A1BE-01B-11R-A13Y-07	5.777188e-02	5.486277e-01	2.688557e+00	1.235738e+00	6.197786e-01
TCGA-C5-A1BF-01B-11R-A13Y-07	1.336960e+00	4.813574e-01	6.514735e-01	1.192138e+00	5.031923e-01
TCGA-C5-A1BI-01B-11R-A13Y-07	4.803293e-01	6.014097e-01	3.130023e+00	1.489113e+00	4.598236e-01
TCGA-C5-A1BJ-01A-11R-A13Y-07	8.253868e-01	6.754701e-01	2.449022e+00	1.278035e+00	5.335998e-01
TCGA-C5-A1BK-01B-11R-A13Y-07	1.180114e+00	4.783694e-01	2.371764e+00	1.849110e+00	9.520432e-01
TCGA-C5-A1BL-01A-11R-A13Y-07	3.696763e-01	6.421581e-02	2.655001e+00	1.654180e+00	1.347846e-01
TCGA-C5-A1BM-01A-11R-A13Y-07	1.006833e+00	3.492575e-01	2.975708e+00	1.734688e+00	3.157528e-01
TCGA-C5-A1BN-01B-11R-A14Y-07	7.834958e-01	0	1.427928e+00	7.226818e-01	7.868859e-01
TCGA-C5-A1BQ-01C-11R-A213-07	4.332376e-01	1.189776e-01	2.048405e+00	1.676775e+00	5.822566e-01
TCGA-C5-A1M5-01A-11R-A13Y-07	1.103166e+00	7.299748e-01	2.725837e+00	1.537863e+00	6.517783e-01
TCGA-C5-A1M6-01A-11R-A13Y-07	3.052248e+00	4.618943e-01	4.663512e-01	6.205893e-01	6.842720e-01
TCGA-C5-A1M7-01A-11R-A13Y-07	7.649448e-01	1.613936e-01	2.162032e+00	1.424148e+00	2.901536e-01
TCGA-C5-A1M8-01A-21R-A13Y-07	1.815784e-01	5.197564e-01	2.585515e+00	8.264804e-01	2.113441e+00
TCGA-C5-A1M9-01A-11R-A13Y-07	3.166634e+00	0	0	9.844549e-01	6.465053e-01
TCGA-C5-A1ME-01A-11R-A13Y-07	4.938803e+00	5.689983e-01	0	9.039617e-01	1.956218e+00
TCGA-C5-A1MF-01A-11R-A13Y-07	2.411677e+00	5.728696e-01	1.281725e-01	1.220723e+00	2.623852e+00
TCGA-C5-A1MH-01A-11R-A14Y-07	3.781417e-01	5.340565e-01	2.282450e+00	1.862000e+00	5.690685e-01
TCGA-C5-A1MI-01A-11R-A14Y-07	2.473764e+00	5.176794e-01	5.260128e-01	1.075031e+00	5.150152e-01
TCGA-C5-A1MJ-01A-11R-A14Y-07	3.227007e+00	7.637916e-01	0	8.864423e-01	4.377410e-01
TCGA-C5-A1MK-01A-11R-A14Y-07	5.360229e-01	6.960410e-01	2.636622e+00	1.195383e+00	7.945209e-01
TCGA-C5-A1ML-01A-11R-A14Y-07	1.395755e+00	6.782135e-01	2.034047e+00	1.155467e+00	4.731999e-01
TCGA-C5-A1MN-01A-11R-A14Y-07	0	9.190582e-02	2.064073e+00	9.846315e-01	5.567213e-01
TCGA-C5-A1MP-01A-11R-A14Y-07	9.950115e-01	9.473093e-01	2.241624e+00	1.551080e+00	1.078416e+00
TCGA-C5-A1MQ-01A-11R-A14Y-07	2.202633e+00	6.935227e-01	0	1.725448e+00	1.645169e+00
TCGA-C5-A2LS-01A-22R-A22U-07	5.336656e+00	1.347033e-01	2.760310e-01	7.128407e-01	6.933654e-01
TCGA-C5-A2LT-01A-11R-A18M-07	4.480871e-01	4.771418e-01	6.202170e-01	1.225930e+00	6.796037e-01
TCGA-C5-A2LV-01A-11R-A18M-07	0	3.086907e-02	0	1.354037e+00	1.006715e+00
TCGA-C5-A2LX-01A-11R-A18M-07	9.797836e-01	8.668700e-01	1.033134e+00	1.795441e+00	1.724959e+00
TCGA-C5-A2LY-01A-31R-A18M-07	5.732613e-01	1.977126e-01	1.268845e+00	1.875002e+00	1.740707e+00
TCGA-C5-A2LZ-01A-11R-A213-07	1.122852e+00	1.550882e-01	2.880846e+00	1.445928e+00	7.414129e-01
TCGA-C5-A2M1-01A-11R-A18M-07	4.151128e+00	5.521387e-02	0	1.432699e+00	2.831082e-01
TCGA-C5-A2M2-01A-21R-A18M-07	5.060148e+00	0	0	7.223007e-01	4.663661e-01
TCGA-C5-A3HD-01B-11R-A213-07	1.279296e+00	0	9.448823e-01	9.089699e-01	6.010476e-01
TCGA-C5-A3HE-01A-21R-A22U-07	3.565205e+00	1.704118e-01	0	1.335617e+00	7.753781e-01
TCGA-C5-A3HF-01A-11R-A213-07	3.971141e+00	7.137383e-01	1.461161e+00	1.075172e+00	6.279438e-01
TCGA-C5-A3HL-01A-11R-A213-07	2.468629e-01	5.589603e-01	2.931123e+00	1.074832e+00	4.690807e-01
TCGA-C5-A7CG-01A-11R-A32P-07	1.186505e+00	6.080721e-01	1.787328e+00	1.981358e+00	3.179772e-01
TCGA-C5-A7CH-01A-11R-A33Z-07	2.545324e-01	3.182869e-01	2.519816e+00	9.440335e-01	1.064266e+00
TCGA-C5-A7CJ-01A-11R-A32P-07	1.126059e+00	8.555061e-01	2.820721e+00	1.317773e+00	3.344196e-01
TCGA-C5-A7CK-01A-11R-A32P-07	1.094391e-01	7.385312e-01	2.157254e+00	7.613890e-01	5.644582e-01
TCGA-C5-A7CL-01A-11R-A32P-07	7.530255e-01	3.324358e-01	2.160958e+00	1.165914e+00	4.163389e-01
TCGA-C5-A7CM-01A-11R-A33Z-07	4.103181e+00	3.984900e-01	0	5.679164e-01	6.893341e-01
TCGA-C5-A7CO-01A-11R-A352-07	9.635542e-01	4.075137e-01	2.318825e+00	1.212581e+00	1.327319e+00
TCGA-C5-A7UC-01A-11R-A352-07	5.904480e-01	0	9.946883e-01	6.578644e-01	6.078798e-01
TCGA-C5-A7UE-01A-11R-A33Z-07	0	3.312300e-01	2.813405e+00	1.085601e+00	1.275871e+00
TCGA-C5-A7UH-01A-11R-A352-07	2.478600e-02	2.532320e-02	1.694989e+00	1.078672e+00	8.391459e-01
TCGA-C5-A7UI-01A-11R-A36F-07	5.843861e-01	3.723774e-01	1.526449e+00	1.869083e+00	1.645163e+00
TCGA-C5-A7X3-01A-11R-A352-07	1.082023e+00	3.055513e-01	5.253664e-02	1.335884e+00	9.867188e-01
TCGA-C5-A7X5-01A-11R-A36F-07	0	0	1.219826e+00	8.501197e-01	9.154378e-01
TCGA-C5-A7X8-01A-11R-A36F-07	3.738313e+00	1.165208e+00	4.523404e-01	7.962056e-01	1.598252e+00
TCGA-C5-A7XC-01A-11R-A38B-07	2.535516e+00	7.451926e-01	2.239506e+00	1.297494e+00	5.631601e-01
TCGA-C5-A8XH-01A-11R-A37O-07	8.410589e-01	2.758369e-01	1.680583e+00	1.501533e+00	9.389491e-01
TCGA-C5-A8XI-01A-11R-A37O-07	1.317198e+00	6.714857e-01	2.137271e+00	1.371396e+00	5.427879e-01
TCGA-C5-A8XJ-01A-11R-A37O-07	9.785673e-01	8.988390e-01	1.566620e+00	1.079487e+00	5.340476e-01
TCGA-C5-A8XK-01A-11R-A37O-07	1.405446e+00	0	8.393866e-01	1.104615e+00	8.659016e-01
TCGA-C5-A8YQ-01A-11R-A37O-07	1.956995e-01	2.766944e-01	1.999980e+00	9.941220e-01	1.263406e+00
TCGA-C5-A8YR-01A-12R-A37O-07	8.272292e-01	0	0	1.402128e+00	2.813512e-01
TCGA-C5-A8YT-01A-11R-A37O-07	2.341240e+00	1.173898e+00	0	7.896527e-01	3.549755e-01
TCGA-C5-A8ZZ-01A-11R-A37O-07	0	9.931859e-01	2.178886e+00	8.111509e-01	5.954587e-01
TCGA-C5-A901-01A-11R-A37O-07	2.461499e-01	4.555368e-01	3.214328e+00	1.138278e+00	5.184288e-01
TCGA-C5-A902-01A-11R-A37O-07	1.229738e+00	0	3.109915e-01	1.465864e+00	1.103958e+00
TCGA-C5-A905-01A-11R-A37O-07	1.131606e+00	9.722876e-02	2.633441e+00	7.536319e-01	1.429976e+00
TCGA-C5-A907-01A-11R-A37O-07	2.471145e+00	0	6.307887e-02	1.233222e+00	5.923025e-01
TCGA-DG-A2KH-01A-21R-A22U-07	5.062937e+00	0	0	7.060649e-01	7.465553e-01
TCGA-DG-A2KJ-01A-11R-A32Y-07	4.336845e+00	7.614125e-01	0	1.270596e+00	3.228193e+00
TCGA-DG-A2KK-01A-11R-A180-07	3.295658e+00	2.809287e-01	7.908612e-01	1.198564e+00	1.050959e+00
TCGA-DG-A2KL-01A-11R-A180-07	4.781297e-01	9.016753e-01	2.755693e+00	1.421613e+00	1.618143e-01
TCGA-DG-A2KM-01A-11R-A180-07	1.234345e+00	8.700976e-01	2.560371e+00	2.155946e+00	0
TCGA-DR-A0ZL-01A-11R-A10U-07	9.255231e-01	1.043061e-01	2.024762e+00	7.940745e-01	1.123287e+00
TCGA-DR-A0ZM-01A-12R-A10U-07	9.891449e-01	4.615903e-01	2.249453e+00	1.869768e+00	1.172272e+00
TCGA-DS-A0VK-01A-21R-A10U-07	1.043087e+00	8.814380e-01	2.085674e+00	7.824193e-01	1.272079e+00
TCGA-DS-A0VL-01A-21R-A10U-07	1.750607e+00	4.519259e-01	2.466946e+00	1.322707e+00	6.410075e-01
TCGA-DS-A0VM-01A-11R-A10U-07	1.277227e+00	5.513202e-01	1.589695e+00	1.188845e+00	1.326075e+00
TCGA-DS-A0VN-01A-21R-A10U-07	0	4.419339e-01	2.268282e+00	1.671031e+00	6.960234e-01
TCGA-DS-A1O9-01A-11R-A14Y-07	0	5.725259e-01	1.765444e+00	1.572935e+00	4.441628e-01
TCGA-DS-A1OA-01A-11R-A14Y-07	1.390558e+00	7.888841e-01	2.670426e+00	1.378823e+00	9.891405e-01
TCGA-DS-A1OB-01A-11R-A14Y-07	2.915800e-01	1.186812e-01	1.641086e+00	1.536653e+00	7.078499e-01
TCGA-DS-A1OC-01A-11R-A14Y-07	1.173819e+00	1.329619e-01	1.665097e+00	1.364262e+00	3.522693e-01
TCGA-DS-A1OD-01A-11R-A14Y-07	1.473629e+00	8.519259e-01	9.527836e-01	1.751673e+00	9.330562e-01
TCGA-DS-A3LQ-01A-21R-A21T-07	0	8.380581e-01	2.112651e+00	1.140001e+00	5.703379e-01
TCGA-DS-A5RQ-01A-11R-A28H-07	1.573587e+00	6.565048e-01	3.053853e+00	1.380177e+00	8.976422e-01
TCGA-DS-A7WF-01A-11R-A352-07	2.844901e+00	5.643910e-01	0	1.039792e+00	2.600160e-01
TCGA-DS-A7WH-01A-22R-A352-07	4.280655e+00	6.781668e-01	1.614592e-01	4.709676e-01	2.307706e-01
TCGA-DS-A7WI-01A-12R-A352-07	1.474147e+00	0	9.770753e-01	1.186757e+00	1.806300e+00
TCGA-EA-A1QS-01A-61R-A22U-07	0	1.331678e+00	1.345163e+00	9.948220e-01	4.686240e-01
TCGA-EA-A1QT-01A-11R-A14Y-07	6.908315e-02	2.039790e-01	1.960195e+00	1.271712e+00	9.948939e-01
TCGA-EA-A3HQ-01A-11R-A213-07	5.456165e-01	4.607902e-01	2.346463e+00	1.397238e+00	6.512654e-01
TCGA-EA-A3HR-01A-11R-A213-07	1.066771e+00	7.420386e-01	3.036724e+00	9.883785e-01	5.843277e-01
TCGA-EA-A3HS-01A-11R-A213-07	4.810808e-01	4.472468e-01	2.479099e+00	1.241365e+00	7.617325e-01
TCGA-EA-A3HT-01A-61R-A21T-07	9.554061e-01	8.333085e-01	2.969093e+00	1.249534e+00	4.189145e-01
TCGA-EA-A3HU-01A-11R-A213-07	5.604815e-01	3.086228e-01	1.961514e+00	1.964432e+00	5.917204e-02
TCGA-EA-A3QD-01A-32R-A22U-07	9.790166e-01	8.041072e-01	1.435824e+00	1.776615e+00	1.244699e+00
TCGA-EA-A3QE-01A-21R-A21T-07	1.019837e+00	5.072118e-01	3.291361e+00	1.782324e+00	4.456082e-02
TCGA-EA-A3Y4-01A-51R-A24H-07	1.821294e+00	1.164810e-01	9.578089e-02	1.616922e+00	1.227888e+00
TCGA-EA-A410-01A-11R-A32Y-07	8.190766e-01	8.150103e-01	0	1.116569e+00	2.173894e-01
TCGA-EA-A411-01A-11R-A24H-07	1.727626e+00	9.916124e-01	1.967576e+00	9.633798e-01	1.131252e+00
TCGA-EA-A439-01A-11R-A24H-07	2.800123e+00	8.885223e-01	3.501604e-01	1.021424e+00	1.526756e-01
TCGA-EA-A43B-01A-81R-A32Y-07	1.536065e+00	3.204183e-01	6.440866e-01	1.602817e+00	1.540546e+00
TCGA-EA-A44S-01A-12R-A26T-07	0	5.057874e-01	2.757887e+00	1.317311e+00	1.459452e+00
TCGA-EA-A4BA-01A-21R-A26T-07	2.385844e+00	9.569852e-01	0	3.178691e-01	1.495786e+00
TCGA-EA-A50E-01A-21R-A26T-07	4.084052e-01	7.806440e-01	2.454979e+00	1.017240e+00	9.823477e-01
TCGA-EA-A556-01A-11R-A26T-07	2.354938e+00	9.094429e-01	0	8.825859e-01	7.728993e-01
TCGA-EA-A5FO-01A-21R-A28H-07	2.375688e+00	0	1.272200e+00	6.136233e-01	6.864683e-01
TCGA-EA-A5O9-01A-11R-A28H-07	4.664774e-01	0	1.929608e+00	1.488145e+00	1.303355e+00
TCGA-EA-A5ZD-01A-11R-A28H-07	1.056471e+00	4.640050e-01	2.726922e+00	1.513686e+00	5.126637e-01
TCGA-EA-A5ZE-01A-11R-A28H-07	1.989179e+00	6.038274e-01	7.849187e-01	1.325823e+00	6.710414e-01
TCGA-EA-A5ZF-01A-11R-A28H-07	3.198249e+00	8.659088e-01	3.967965e-01	6.957099e-01	8.111475e-01
TCGA-EA-A6QX-01A-12R-A33Z-07	1.664487e+00	4.405429e-01	2.139146e+00	1.409338e+00	1.357708e+00
TCGA-EA-A78R-01A-11R-A32P-07	8.004645e-01	7.695415e-01	2.200915e+00	1.385818e+00	1.439444e+00
TCGA-EA-A97N-01A-11R-A38B-07	5.088500e-01	7.997881e-01	2.974902e+00	1.012020e+00	3.959311e-01
TCGA-EK-A2GZ-01A-11R-A180-07	2.285026e-01	3.239276e-01	2.217072e+00	1.001195e+00	8.162274e-01
TCGA-EK-A2H0-01A-11R-A180-07	9.676931e-02	0	1.458950e+00	1.213491e+00	9.689800e-01
TCGA-EK-A2H1-01A-11R-A180-07	1.058278e+00	5.105193e-01	8.824019e-01	1.457492e+00	8.528016e-01
TCGA-EK-A2IP-01A-11R-A180-07	1.131405e+00	2.727796e-01	1.898602e+00	8.825311e-01	1.539403e+00
TCGA-EK-A2IR-01A-11R-A180-07	0	4.048795e-01	1.035426e+00	3.725028e-01	6.998799e-01
TCGA-EK-A2PG-01A-11R-A18M-07	6.119782e-01	0	2.271362e+00	8.518835e-01	1.888431e+00
TCGA-EK-A2PI-01A-11R-A18M-07	0	8.527834e-01	2.264859e+00	7.436515e-01	1.208435e+00
TCGA-EK-A2PK-01A-11R-A18M-07	2.725335e+00	1.734784e-01	0	1.533331e+00	1.580346e-02
TCGA-EK-A2PL-01A-11R-A18M-07	1.119491e+00	2.999816e-02	2.491902e+00	9.555477e-01	1.205707e+00
TCGA-EK-A2PM-01A-11R-A18M-07	0	3.698435e-01	1.544576e+00	4.240819e-01	1.015914e+00
TCGA-EK-A2R7-01A-11R-A18M-07	3.605548e+00	7.307694e-01	8.309515e-01	1.124858e+00	9.222807e-01
TCGA-EK-A2R8-01A-21R-A18M-07	2.064183e+00	2.584507e-02	0	9.979958e-01	3.411550e-01
TCGA-EK-A2R9-01A-11R-A18M-07	9.667107e-01	1.095488e+00	7.122143e-01	1.334881e+00	1.319317e+00
TCGA-EK-A2RA-01A-11R-A18M-07	9.267796e-01	1.681432e-01	1.791930e+00	1.573378e+00	1.029272e+00
TCGA-EK-A2RB-01A-11R-A18M-07	4.707407e-01	1.878491e-01	2.746970e+00	1.234562e+00	1.898462e+00
TCGA-EK-A2RC-01A-11R-A18M-07	2.122509e+00	8.101509e-01	2.370547e+00	1.389357e+00	1.175412e+00
TCGA-EK-A2RE-01A-11R-A18M-07	0	1.962508e-01	2.857428e+00	7.422259e-01	5.720791e-01
TCGA-EK-A2RJ-01A-11R-A18M-07	1.376171e+00	0	4.972777e-01	1.564170e+00	0
TCGA-EK-A2RK-01A-11R-A18M-07	5.392676e-01	3.442466e-01	1.715343e+00	1.567319e+00	1.198662e+00
TCGA-EK-A2RL-01A-11R-A18M-07	5.060971e+00	2.671630e-01	9.268394e-02	5.513886e-01	1.073839e+00
TCGA-EK-A2RM-01A-21R-A18M-07	2.847525e+00	7.590570e-01	4.514560e-01	7.986180e-01	1.352116e+00
TCGA-EK-A2RN-01A-12R-A213-07	3.954672e-01	5.608158e-02	2.876752e+00	1.376633e+00	1.058609e+00
TCGA-EK-A2RO-01A-11R-A18M-07	5.718194e-02	8.830208e-01	2.153196e+00	1.029078e+00	1.469566e+00
TCGA-EK-A3GJ-01A-21R-A213-07	0	0	9.309982e-01	1.868055e+00	7.234481e-01
TCGA-EK-A3GK-01A-11R-A213-07	3.896830e+00	0	7.103176e-01	1.164380e+00	6.011275e-01
TCGA-EK-A3GM-01A-11R-A213-07	4.300947e+00	0	0	7.013658e-01	3.839316e-01
TCGA-EK-A3GN-01A-11R-A213-07	1.926610e+00	0	8.453821e-01	6.007858e-01	1.402258e+00
TCGA-EX-A1H5-01A-31R-A13Y-07	8.965797e-01	5.823468e-01	1.892761e+00	1.028533e+00	9.429656e-01
TCGA-EX-A1H6-01B-11R-A22U-07	4.335549e+00	7.380831e-01	4.193823e-01	8.226819e-01	1.662612e+00
TCGA-EX-A3L1-01A-11R-A32Y-07	1.602013e+00	3.289237e-01	1.068138e+00	1.127809e+00	3.044297e-01
TCGA-EX-A449-01A-11R-A32Y-07	4.620733e+00	8.332945e-02	0	9.325483e-01	1.029976e+00
TCGA-EX-A69L-01A-11R-A32P-07	1.492021e+00	3.115185e-01	1.287120e+00	1.759134e+00	7.979737e-01
TCGA-EX-A69M-01A-11R-A32P-07	2.675926e+00	0	1.151138e+00	1.615328e+00	1.912199e-01
TCGA-EX-A8YF-01A-11R-A37O-07	4.076992e+00	1.166140e-01	5.597220e-02	1.449629e+00	2.169163e-01
TCGA-FU-A23K-01A-11R-A16R-07	2.415005e+00	6.728086e-01	0	1.406104e+00	1.944711e+00
TCGA-FU-A23L-01A-11R-A16R-07	1.704029e+00	6.112630e-01	2.114641e+00	1.442705e+00	7.426071e-01
TCGA-FU-A2QG-01A-11R-A18M-07	1.282044e+00	2.489475e-02	2.533719e+00	1.051960e+00	5.183902e-01
TCGA-FU-A3EO-11A-13R-A213-07	1.102662e+00	1.819592e+00	0	7.231012e-01	6.668811e-01
TCGA-FU-A3EO-01A-11R-A213-07	5.079078e+00	6.245137e-01	0	8.659291e-01	2.505448e+00
TCGA-FU-A3HY-01A-11R-A21T-07	1.000418e+00	1.696502e-01	2.666732e+00	6.347159e-01	1.007729e+00
TCGA-FU-A3HZ-01A-11R-A213-07	6.766567e-01	5.550982e-01	3.789154e-01	9.696600e-01	3.481867e-01
TCGA-FU-A3NI-01A-11R-A21T-07	3.021067e-01	5.640987e-01	1.899904e+00	1.039636e+00	1.424136e+00
TCGA-FU-A3TQ-01A-11R-A22U-07	6.773901e-01	4.535871e-01	2.911634e+00	1.320322e+00	2.488335e-01
TCGA-FU-A3TX-01A-11R-A22U-07	6.436974e-01	4.385797e-01	1.035966e+00	1.464720e+00	3.763707e-01
TCGA-FU-A3WB-01A-11R-A22U-07	5.983514e-01	4.458006e-01	1.710966e+00	9.380403e-01	1.014857e+00
TCGA-FU-A3YQ-01A-11R-A22U-07	9.132197e-01	6.913384e-01	2.918762e+00	1.742834e+00	0
TCGA-FU-A40J-01A-11R-A24H-07	4.602945e+00	5.168897e-01	1.381740e-01	1.059208e+00	7.178492e-01
TCGA-FU-A57G-01A-11R-A26T-07	2.744824e+00	1.212959e+00	0	6.781196e-01	3.073477e-01
TCGA-FU-A5XV-01A-11R-A28H-07	1.206185e+00	3.607674e-01	3.255077e+00	9.703904e-01	4.197860e-01
TCGA-FU-A770-01A-11R-A33Z-07	4.327879e+00	2.036584e-01	3.329168e-01	7.802993e-01	5.446389e-01
TCGA-GH-A9DA-01A-21R-A37O-07	6.088106e-01	0	4.890336e-01	1.306799e+00	6.089694e-01
TCGA-HG-A2PA-01A-11R-A213-07	2.318481e+00	9.312955e-01	2.341997e+00	1.226340e+00	2.169647e-01
TCGA-HM-A3JJ-11A-12R-A21T-07	2.226353e-01	1.998269e+00	0	8.276472e-01	4.951212e-01
TCGA-HM-A3JJ-01A-21R-A21T-07	1.355440e+00	9.298159e-01	2.076806e+00	1.302335e+00	9.424321e-01
TCGA-HM-A3JK-01A-11R-A32Y-07	7.929948e-01	1.328309e+00	1.929706e+00	1.237244e+00	1.447853e+00
TCGA-HM-A4S6-01A-11R-A26T-07	0	4.022052e-01	2.165750e+00	1.569620e+00	5.518654e-01
TCGA-HM-A6W2-06A-22R-A33Z-07	2.424406e+00	3.760874e-01	0	5.847300e-01	5.445509e-01
TCGA-HM-A6W2-01A-21R-A33Z-07	1.640605e+00	9.812639e-01	0	1.036697e+00	6.748689e-01
TCGA-IR-A3L7-01A-21R-A213-07	2.628421e+00	7.211564e-01	2.001420e+00	5.529366e-01	1.249257e+00
TCGA-IR-A3LA-01A-11R-A22U-07	3.019187e+00	4.884277e-01	2.942074e-01	1.022033e+00	5.754377e-01
TCGA-IR-A3LB-01A-11R-A24H-07	4.055089e+00	8.634892e-01	4.753941e-01	8.474571e-01	8.310182e-01
TCGA-IR-A3LC-01A-11R-A213-07	1.604074e+00	1.873838e-01	1.435435e+00	1.019941e+00	1.195356e+00
TCGA-IR-A3LF-01A-21R-A22U-07	4.851829e+00	6.702227e-01	1.436075e-01	9.732853e-01	5.919176e-01
TCGA-IR-A3LH-01A-21R-A213-07	9.722890e-01	7.380478e-01	4.817212e-01	1.880251e+00	3.533150e-01
TCGA-IR-A3LI-01A-11R-A32Y-07	5.215991e+00	5.982802e-02	2.878602e-02	5.643235e-01	1.872169e+00
TCGA-IR-A3LK-01A-12R-A213-07	9.812323e-01	0	1.323081e+00	1.470935e+00	1.159293e+00
TCGA-IR-A3LL-01A-11R-A213-07	3.070141e-01	1.920452e-01	2.227416e+00	2.039366e+00	8.551220e-01
TCGA-JW-A5VG-01A-11R-A28H-07	5.600314e-01	0	3.065192e-01	1.531670e+00	4.354330e-01
TCGA-JW-A5VH-01A-11R-A28H-07	5.109298e-01	5.979050e-01	0	5.206952e-01	2.465721e-01
TCGA-JW-A5VI-01A-11R-A28H-07	2.797937e-01	3.739756e-01	1.861437e+00	1.275167e+00	7.346417e-01
TCGA-JW-A5VJ-01A-11R-A28H-07	5.529373e-01	2.497148e-01	2.695401e+00	1.012653e+00	1.470504e+00
TCGA-JW-A5VK-01A-11R-A28H-07	0	3.103201e-01	1.738571e+00	8.639808e-01	1.904245e+00
TCGA-JW-A5VL-01A-11R-A28H-07	2.638440e-02	0	1.877244e+00	1.716576e+00	8.409449e-01
TCGA-JW-A69B-01A-11R-A32P-07	4.541738e+00	5.398124e-01	0	9.729736e-01	7.333014e-01
TCGA-JW-A852-01A-11R-A352-07	5.077723e-01	4.216966e-01	1.856611e+00	1.269586e+00	2.375772e+00
TCGA-JW-AAVH-01A-11R-A38B-07	1.663996e+00	2.682021e-01	2.608969e+00	8.825503e-01	1.128462e+00
TCGA-JX-A3PZ-01A-11R-A32Y-07	7.489989e-01	1.098322e-01	1.168052e-01	1.410731e+00	9.973890e-01
TCGA-JX-A3Q0-01A-11R-A32Y-07	8.846946e-01	1.491986e-01	2.188668e+00	1.708052e+00	8.156568e-01
TCGA-JX-A3Q8-01A-11R-A21T-07	3.409904e+00	2.931349e-01	0	1.418169e+00	9.092198e-01
TCGA-JX-A5QV-01A-22R-A28H-07	9.999704e-01	3.192714e-01	2.414172e+00	1.399833e+00	9.604112e-01
TCGA-LP-A4AU-01A-32R-A32Y-07	1.973145e+00	3.416352e-01	2.177338e+00	1.188193e+00	2.844591e-01
TCGA-LP-A4AV-01A-11R-A32Y-07	0	7.819492e-01	9.482020e-01	1.554410e+00	2.680063e+00
TCGA-LP-A4AW-01A-11R-A24H-07	8.230229e-01	1.341966e+00	2.131239e+00	9.654935e-01	1.099578e+00
TCGA-LP-A4AX-01A-12R-A24H-07	6.024572e-01	1.474565e-01	6.038444e-02	1.685673e+00	6.873420e-02
TCGA-LP-A5U2-01A-11R-A28H-07	3.267087e-01	6.734943e-02	7.378887e-01	1.291489e+00	1.090025e+00
TCGA-LP-A5U3-01A-11R-A28H-07	1.174392e+00	0	2.236108e+00	1.522544e+00	6.487265e-01
TCGA-LP-A7HU-01A-11R-A33Z-07	2.254593e+00	4.850023e-01	0	1.439978e+00	1.184985e+00
TCGA-MA-AA3W-01A-11R-A38B-07	1.290059e+00	4.138424e-01	1.682948e+00	1.804134e+00	3.405520e-01
TCGA-MA-AA3X-01A-22R-A42S-07	5.123328e-01	3.978876e-01	2.792971e+00	1.155861e+00	1.023283e+00
TCGA-MA-AA3Y-01A-11R-A38B-07	0	9.476410e-02	1.385439e+00	1.767309e+00	0
TCGA-MA-AA3Z-01A-11R-A38B-07	1.504987e+00	0	2.340378e+00	1.444579e+00	5.567776e-01
TCGA-MA-AA41-01A-11R-A38B-07	0	4.526153e-02	1.854776e+00	1.196184e+00	1.209858e+00
TCGA-MA-AA42-01A-12R-A38B-07	7.766187e-01	4.928902e-01	1.753743e+00	2.212095e+00	5.777486e-01
TCGA-MA-AA43-01A-11R-A42T-07	3.394496e-01	8.770600e-01	1.813223e+00	9.342072e-01	3.959811e-01
TCGA-MU-A51Y-01A-11R-A26T-07	1.729335e+00	8.528527e-01	2.728141e+00	1.607601e+00	6.538698e-01
TCGA-MU-A5YI-01A-11R-A32P-07	6.420777e-01	1.350614e+00	2.081930e+00	1.199037e+00	1.104529e+00
TCGA-MU-A8JM-01A-11R-A36F-07	2.148462e-02	4.458574e-01	2.841474e+00	1.317238e+00	2.974914e-01
TCGA-MY-A5BD-01A-11R-A26T-07	2.861384e+00	5.014348e-01	7.494672e-01	9.337720e-01	1.289909e+00
TCGA-MY-A5BE-01A-21R-A26T-07	8.028041e-01	7.220639e-01	1.027815e+00	2.285489e+00	6.693608e-01
TCGA-MY-A5BF-11A-11R-A26T-07	3.315898e+00	1.846784e+00	3.583203e-01	9.200005e-01	1.290310e+00
TCGA-MY-A5BF-01A-11R-A26T-07	0	0	2.125250e+00	1.681319e+00	4.304483e-01
TCGA-MY-A913-01A-11R-A37O-07	1.117114e+00	1.892708e-02	9.006821e-01	1.473305e+00	3.376865e-01
TCGA-PN-A8MA-01A-11R-A36F-07	2.489795e+00	7.096792e-01	0	1.122889e+00	4.578605e-01
TCGA-Q1-A5R1-01A-11R-A28H-07	5.032665e+00	4.305230e-01	1.815274e-01	9.092339e-01	9.411964e-01
TCGA-Q1-A5R2-01A-11R-A28H-07	8.997551e-01	7.491548e-01	2.433087e+00	1.545567e+00	2.006607e+00
TCGA-Q1-A5R3-01A-11R-A28H-07	2.469429e+00	5.356198e-01	1.513216e+00	1.141159e+00	2.805828e+00
TCGA-Q1-A6DT-01A-11R-A32P-07	0	0	1.351246e+00	9.022220e-01	1.056759e+00
TCGA-Q1-A6DV-01A-11R-A32P-07	3.816008e+00	2.875893e-01	8.066306e-02	9.053100e-01	5.617084e-01
TCGA-Q1-A6DW-01A-11R-A32P-07	4.191672e-01	2.466948e-01	2.538050e+00	1.135832e+00	3.930539e-01
TCGA-Q1-A73O-01A-11R-A32P-07	8.420586e-01	1.086938e-01	1.773931e+00	1.530484e+00	0
TCGA-Q1-A73P-01A-11R-A32P-07	5.185587e+00	3.890132e-01	3.696055e-01	1.152519e+00	3.683454e-01
TCGA-Q1-A73Q-01A-21R-A32P-07	1.209236e-01	4.944160e-01	2.135480e+00	1.036824e+00	5.097217e-01
TCGA-Q1-A73R-01A-11R-A33Z-07	2.732356e+00	4.405828e-01	0	8.261249e-01	1.950525e-01
TCGA-Q1-A73S-01A-11R-A33Z-07	1.400983e+00	3.121235e-01	1.196144e+00	4.632498e-01	1.999392e+00
TCGA-R2-A69V-01A-11R-A32P-07	1.421031e+00	5.889606e-01	1.537921e+00	1.977191e+00	1.116960e+00
TCGA-RA-A741-01A-11R-A33Z-07	2.298652e+00	6.026975e-01	1.431924e+00	1.501516e+00	1.414349e+00
TCGA-UC-A7PD-01A-11R-A352-07	5.322430e-01	6.473953e-02	1.698062e+00	1.138158e+00	9.778597e-01
TCGA-UC-A7PF-01A-11R-A352-07	5.443311e-01	7.608402e-01	2.397521e+00	1.736818e+00	4.835407e-01
TCGA-UC-A7PG-06A-11R-A42S-07	6.539956e-01	4.244760e-01	2.585024e+00	1.381288e+00	1.409165e+00
TCGA-UC-A7PG-01A-11R-A42S-07	2.060593e-02	4.970966e-01	3.344795e+00	9.861514e-01	8.246982e-01
TCGA-UC-A7PI-01A-11R-A42S-07	5.238198e+00	2.009397e-01	2.174858e-01	8.249837e-01	6.482858e-01
TCGA-VS-A8EB-01A-11R-A36F-07	8.049063e-03	0	5.600575e-01	1.164692e+00	8.453492e-01
TCGA-VS-A8EC-01A-11R-A36F-07	1.823214e-01	1.823922e-01	1.578963e+00	4.037110e-01	1.212774e+00
TCGA-VS-A8EG-01A-11R-A36F-07	1.655691e+00	2.630840e-01	2.779624e+00	1.033901e+00	6.238803e-01
TCGA-VS-A8EH-01A-11R-A36F-07	4.313184e-01	2.946310e-01	2.579505e+00	7.052168e-01	1.205521e+00
TCGA-VS-A8EI-01A-11R-A37O-07	7.783279e-01	5.899643e-01	2.013575e+00	1.358473e+00	8.691255e-01
TCGA-VS-A8EJ-01A-11R-A37O-07	2.829163e+00	5.411752e-01	0	1.192718e+00	1.650639e+00
TCGA-VS-A8EK-01A-12R-A37O-07	5.534999e-01	2.298845e-02	2.384560e+00	1.147520e+00	7.850930e-01
TCGA-VS-A8EL-01A-11R-A37O-07	1.735129e-01	3.335543e-01	2.213419e+00	1.798563e+00	6.031798e-01
TCGA-VS-A8Q8-01A-11R-A37O-07	1.395997e+00	2.481727e-01	2.717046e+00	1.621640e+00	6.312662e-01
TCGA-VS-A8Q9-01A-12R-A37O-07	7.062622e-01	0	6.345076e-01	1.049830e+00	1.088485e+00
TCGA-VS-A8QA-01A-11R-A37O-07	3.661740e+00	0	3.053242e-01	1.144020e+00	7.965123e-01
TCGA-VS-A8QC-01A-11R-A37O-07	1.271510e-01	5.347265e-01	2.266745e+00	1.049023e+00	1.332981e+00
TCGA-VS-A8QF-01A-21R-A37O-07	9.023128e-01	2.838083e-01	2.357686e+00	1.288400e+00	1.322191e+00
TCGA-VS-A8QH-01A-11R-A37O-07	3.932699e+00	1.292746e-01	1.383530e-01	5.299208e-01	8.402350e-01
TCGA-VS-A8QM-01A-11R-A37O-07	1.453350e+00	1.106097e+00	2.834899e+00	1.368910e+00	7.170983e-01
TCGA-VS-A94W-01A-12R-A37O-07	1.322350e+00	5.173361e-01	1.622142e+00	1.774441e+00	6.045974e-01
TCGA-VS-A94X-01A-11R-A38B-07	9.821263e-01	0	1.066532e+00	1.239333e+00	4.418047e-01
TCGA-VS-A94Y-01A-11R-A38B-07	1.225539e+00	8.563814e-02	9.526945e-01	1.000675e+00	6.379542e-01
TCGA-VS-A94Z-01A-11R-A38B-07	1.256194e+00	4.162932e-01	1.764731e+00	1.749589e+00	6.265440e-02
TCGA-VS-A950-01A-11R-A42T-07	3.781354e-01	6.386732e-02	1.783525e+00	9.046911e-01	9.257825e-01
TCGA-VS-A952-01A-11R-A38B-07	5.182194e+00	1.002877e-02	0	8.405412e-01	3.210225e-01
TCGA-VS-A953-01A-11R-A38B-07	0	0	1.122025e+00	1.197839e+00	8.389337e-01
TCGA-VS-A954-01A-11R-A38B-07	0	4.158777e-01	1.865449e+00	1.028601e+00	1.866653e+00
TCGA-VS-A957-01A-11R-A42T-07	1.883519e+00	0	1.976523e+00	9.437398e-01	7.997400e-01
TCGA-VS-A958-01A-11R-A42T-07	1.215183e+00	0	1.694657e+00	2.013065e+00	3.415405e-01
TCGA-VS-A959-01A-11R-A42T-07	2.796071e+00	5.078517e-01	1.604180e+00	1.291507e+00	9.221038e-01
TCGA-VS-A9U5-01A-11R-A42T-07	2.174324e+00	3.201776e-01	1.602817e+00	1.317553e+00	3.923774e-01
TCGA-VS-A9U6-01A-11R-A42T-07	1.662911e+00	4.617910e-01	1.662652e+00	1.205606e+00	6.483758e-01
TCGA-VS-A9U7-01A-11R-A42T-07	1.140574e+00	4.213893e-01	2.353923e+00	1.714244e+00	1.056440e+00
TCGA-VS-A9UB-01A-22R-A42T-07	1.466002e+00	0	9.426535e-02	1.758428e+00	0
TCGA-VS-A9UC-01A-11R-A42T-07	1.948841e+00	2.746709e-01	1.999672e+00	1.515890e+00	3.638930e-01
TCGA-VS-A9UD-01A-11R-A42T-07	1.172329e+00	2.271169e-02	5.500056e-01	2.030310e+00	1.131685e+00
TCGA-VS-A9UH-01A-11R-A42T-07	1.115184e-01	4.156271e-01	1.215281e+00	1.968440e+00	4.980415e-01
TCGA-VS-A9UI-01A-11R-A42T-07	4.810509e-01	0	2.552325e+00	1.606794e+00	7.652644e-01
TCGA-VS-A9UJ-01A-11R-A42T-07	2.710064e+00	3.959854e-01	1.007295e-01	3.322452e-01	3.983395e-01
TCGA-VS-A9UL-01A-11R-A42T-07	2.044465e+00	4.439782e-01	1.453569e-01	4.855870e-01	5.188906e-01
TCGA-VS-A9UM-01A-11R-A42T-07	6.772731e-01	6.261408e-01	2.903494e+00	1.408767e+00	6.235721e-01
TCGA-VS-A9UO-01A-11R-A42T-07	5.616240e+00	0	0	7.863239e-01	6.527003e-01
TCGA-VS-A9UP-01A-11R-A42T-07	2.665304e+00	6.963870e-01	4.262567e-01	4.642153e-01	1.002488e+00
TCGA-VS-A9UQ-01A-21R-A42T-07	4.778583e+00	7.132621e-01	3.420959e-01	7.239611e-01	7.878729e-01
TCGA-VS-A9UR-01A-11R-A42T-07	3.391723e+00	2.098399e-01	6.738722e-01	9.629408e-01	5.277997e-01
TCGA-VS-A9UT-01A-11R-A42T-07	1.379930e+00	9.817078e-01	7.226269e-02	1.701814e+00	0
TCGA-VS-A9UU-01A-11R-A42T-07	0	1.172010e-01	2.687461e+00	1.047160e+00	8.625581e-01
TCGA-VS-A9UV-01A-11R-A42T-07	3.620717e-01	9.624030e-02	2.432155e+00	1.144156e+00	9.351822e-01
TCGA-VS-A9UY-01A-11R-A42T-07	2.061675e-01	0	2.455590e+00	1.622029e+00	0
TCGA-VS-A9UZ-01A-11R-A42T-07	4.529995e+00	5.074093e-01	0	1.169976e+00	4.252405e-01
TCGA-VS-A9V0-01A-11R-A42T-07	3.524701e+00	2.681731e-01	0	5.710441e-01	4.252660e-01
TCGA-VS-A9V1-01A-11R-A42T-07	4.838919e+00	0	0	7.882620e-01	5.670472e-01
TCGA-VS-A9V2-01A-11R-A42T-07	1.464406e+00	3.650164e-01	2.271977e+00	1.593976e+00	6.447957e-01
TCGA-VS-A9V3-01A-11R-A42T-07	1.411492e+00	1.996819e-01	2.370675e+00	1.458289e+00	6.105540e-01
TCGA-VS-A9V4-01A-12R-A42T-07	3.148061e+00	8.998992e-02	0	4.838480e-01	5.939312e-01
TCGA-VS-A9V5-01A-11R-A42T-07	4.829201e+00	4.141550e-01	1.742027e-01	7.492725e-01	5.747030e-01
TCGA-VS-AA62-01A-11R-A42T-07	1.504589e+00	8.914256e-02	8.805355e-01	1.739100e+00	0
TCGA-WL-A834-01A-11R-A352-07	7.136058e-01	5.039964e-01	2.083500e+00	6.452359e-01	1.276666e+00
TCGA-XS-A8TJ-01A-11R-A36F-07	1.547090e+00	6.519491e-01	2.838940e+00	1.350331e+00	5.939487e-01
TCGA-ZJ-A8QO-01A-11R-A37O-07	1.266909e-01	6.975877e-01	7.898523e-01	1.797043e+00	0
TCGA-ZJ-A8QQ-01A-11R-A37O-07	5.002171e-01	0	1.324836e+00	1.302256e+00	8.053054e-01
TCGA-ZJ-A8QR-01A-11R-A37O-07	1.250843e+00	6.674203e-02	2.246603e+00	1.203461e+00	6.936136e-01
TCGA-ZJ-AAX4-01A-11R-A42T-07	5.733787e-01	4.831072e-01	2.691084e+00	1.414177e+00	1.053682e+00
TCGA-ZJ-AAX8-01A-11R-A42T-07	6.180883e-01	8.711889e-01	2.831057e+00	1.467485e+00	3.054699e-01
TCGA-ZJ-AAXA-01A-11R-A42T-07	1.678907e-01	4.584542e-01	2.449838e+00	6.910180e-01	1.839253e+00
TCGA-ZJ-AAXB-01A-11R-A42T-07	1.829498e+00	5.171067e-01	2.292422e-01	6.265813e-01	1.614420e+00
TCGA-ZJ-AAXD-01A-21R-A42T-07	6.022912e-01	8.828270e-01	2.346489e+00	8.408399e-01	8.765862e-01
TCGA-ZJ-AAXF-01A-31R-A42T-07	8.751604e-01	1.011849e+00	2.931239e+00	1.420612e+00	8.839160e-01
TCGA-ZJ-AAXI-01A-11R-A42T-07	1.349374e+00	1.471013e-01	2.378327e+00	1.038876e+00	1.575937e+00
TCGA-ZJ-AAXJ-01A-11R-A42T-07	1.020845e+00	3.599660e-01	2.527474e+00	1.091031e+00	7.387974e-01
TCGA-ZJ-AAXN-01A-11R-A42T-07	9.548866e-01	9.224403e-03	1.004768e+00	1.285919e+00	2.461998e-01
TCGA-ZJ-AAXT-01A-11R-A42T-07	2.435775e-01	1.341196e-01	1.961769e+00	1.316789e+00	5.341712e-01
TCGA-ZJ-AAXU-01A-11R-A42T-07	6.897995e-01	4.252433e-01	2.206941e+00	1.557653e+00	9.294694e-01
TCGA-ZJ-AB0H-01A-11R-A42T-07	1.013853e+00	5.845721e-01	2.554406e+00	1.661191e+00	4.283034e-01
TCGA-ZJ-AB0I-01A-11R-A42T-07	1.050402e-01	0	2.098482e+00	1.149422e+00	8.464260e-01
TCGA-ZX-AA5X-01A-11R-A42T-07	9.745054e-01	1.038639e+00	2.567184e+00	1.364440e+00	7.349311e-01
