sampleID	D7.3_REACTOME-GLUCURONIDATION	D13.10_NIELSEN-LEIOMYOSARCOMA-CNN1-UP	D13.8_REACTOME-BETA-DEFENSINS	D11.10_RUNNE-GENDER-EFFECT-UP	D12.7_chr11q11	D9.1_MIPS-CF-IIAM-COMPLEX
TCGA-3L-AA1B-01A-11R-A37K-07	1.933233e-01	2.412188e-01	0	1.524847e-02	5.134531e-01	4.457604e+00
TCGA-4N-A93T-01A-11R-A37K-07	1.273444e+00	5.203209e-02	4.977471e-01	1.139786e-01	1.480093e-01	3.994831e+00
TCGA-4T-AA8H-01A-11R-A41B-07	1.312926e+00	8.368330e-02	7.557585e-01	0	6.133511e-01	3.445757e+00
TCGA-5M-AAT4-01A-11R-A41B-07	1.654697e-01	8.933127e-02	6.787440e-01	5.514891e-02	0	4.545973e+00
TCGA-5M-AAT5-01A-21R-A41B-07	7.161113e-01	6.340714e-02	4.190489e-01	0	4.375867e-01	4.555686e+00
TCGA-5M-AAT6-01A-11R-A41B-07	0	1.373584e-01	7.070669e-01	6.376471e-02	0	1.249389e+00
TCGA-5M-AATA-01A-31R-A41B-07	2.813476e-01	7.064783e-02	2.823385e-01	9.885986e-02	0	4.309975e+00
TCGA-5M-AATE-01A-11R-A41B-07	0	9.999918e-02	2.121105e-02	9.445162e-02	3.384455e-01	5.214351e+00
TCGA-A6-2671-11A-01R-A32Z-07	3.880986e+00	5.041386e-01	0	8.775909e-02	0	1.120574e+00
TCGA-A6-2675-11A-01R-1723-07	3.100378e+00	7.223614e-01	0	6.971385e-02	0	1.283918e+00
TCGA-A6-2675-01A-02R-1723-07	1.749453e+00	1.421823e-01	0	8.320973e-02	7.900231e-02	3.073831e+00
TCGA-A6-2678-11A-01R-A32Z-07	3.816047e+00	4.595103e-01	0	0	0	1.322637e+00
TCGA-A6-2679-11A-01R-A32Z-07	4.018945e+00	3.012312e-01	0	1.810556e-03	0	7.067944e-01
TCGA-A6-2680-11A-01R-A32Z-07	3.613695e+00	5.943165e-01	0	4.393955e-03	0	9.923101e-01
TCGA-A6-2682-11A-01R-A32Z-07	3.950277e+00	2.128363e-01	0	9.329362e-02	0	1.038024e+00
TCGA-A6-2682-01A-01R-1410-07	7.955336e-01	1.532107e-01	1.261862e-01	1.197443e-01	3.212585e-01	3.249979e+00
TCGA-A6-2683-11A-01R-A32Z-07	3.921856e+00	2.787566e-01	0	0	0	1.313675e+00
TCGA-A6-2684-11A-01R-A32Z-07	4.258290e+00	2.428072e-01	0	1.693765e-02	0	1.127577e+00
TCGA-A6-2684-01A-01R-1410-07	2.923162e-01	3.026204e-01	3.257510e-01	5.459086e-03	0	3.564608e+00
TCGA-A6-2685-11A-01R-A32Z-07	3.964737e+00	3.240592e-01	0	0	0	1.040313e+00
TCGA-A6-2685-01A-01R-1410-07	1.487822e+00	4.431476e-01	3.856811e-01	1.866128e-02	1.230242e-01	2.729194e+00
TCGA-A6-2686-11A-01R-A32Z-07	4.011126e+00	3.740666e-01	0	0	0	1.217738e+00
TCGA-A6-2686-01A-01R-A32Z-07	7.268174e-01	2.573655e-01	2.741426e-01	5.041146e-02	3.383416e-02	1.563251e+00
TCGA-A6-4105-01A-02R-1774-07	8.373325e-01	3.010631e-02	0	9.635024e-02	2.407693e-01	3.521784e+00
TCGA-A6-5656-01A-21R-1839-07	6.541265e-01	2.426686e-01	0	5.994030e-02	0	5.685323e+00
TCGA-A6-5657-01A-01R-A32Z-07	0	3.306699e-01	6.197234e-01	9.744655e-02	0	3.106763e+00
TCGA-A6-5659-11A-01R-1653-07	4.033433e+00	3.566656e-01	0	7.218854e-02	0	9.787997e-01
TCGA-A6-5659-01A-01R-1653-07	2.783915e-03	3.061022e-01	0	8.577054e-02	0	5.198391e+00
TCGA-A6-5660-01A-01R-1653-07	3.178351e-01	1.266318e-01	2.245939e-02	1.101141e-01	2.816479e-02	4.921907e+00
TCGA-A6-5661-01A-01R-1653-07	1.455084e+00	0	1.021906e+00	0	4.008520e-01	9.707279e-01
TCGA-A6-5662-11A-01R-1653-07	3.459061e+00	6.894124e-01	0	8.731276e-02	0	1.208982e+00
TCGA-A6-5662-01A-01R-1653-07	0	3.404725e-01	1.137784e-01	1.119281e-01	0	5.151006e+00
TCGA-A6-5664-01A-21R-1839-07	4.009070e-01	2.534297e-01	2.341644e-01	8.792979e-02	6.284653e-01	2.498619e+00
TCGA-A6-5665-11A-01R-1653-07	4.351109e+00	3.562288e-01	0	4.546953e-03	0	9.738526e-01
TCGA-A6-5665-01A-01R-1653-07	1.195595e+00	0	8.986657e-01	0	5.256492e-01	9.812918e-01
TCGA-A6-5666-01A-01R-1653-07	0	7.261601e-02	2.259598e-02	1.057358e-01	1.414557e-01	5.171866e+00
TCGA-A6-5667-11A-01R-1723-07	3.742171e+00	3.818593e-01	0	2.953670e-03	0	1.350420e+00
TCGA-A6-5667-01A-21R-1723-07	6.701652e-01	3.327487e-01	0	0	0	5.266927e+00
TCGA-A6-6137-01A-11R-1774-07	1.790575e+00	1.155347e-02	7.180148e-02	6.306940e-02	3.298522e-01	3.551127e+00
TCGA-A6-6138-01A-11R-1774-07	4.684518e-01	1.229727e-01	0	8.213270e-02	0	3.953661e+00
TCGA-A6-6140-01A-11R-1774-07	1.543423e+00	0	0	6.701894e-02	2.027933e-01	4.596814e+00
TCGA-A6-6141-01A-11R-1774-07	7.534966e-01	9.633927e-02	0	1.046615e-01	9.220919e-01	2.499116e+00
TCGA-A6-6142-01A-11R-1774-07	7.875271e-02	1.766634e-01	2.336392e-01	1.845656e-02	0	4.639646e+00
TCGA-A6-6648-01A-11R-1774-07	1.829143e+00	0	0	3.313998e-02	3.477849e-01	3.703340e+00
TCGA-A6-6649-01A-11R-1774-07	1.496143e+00	2.385991e-01	5.867615e-01	7.920954e-02	6.390302e-01	1.377805e+00
TCGA-A6-6650-01A-11R-1774-07	1.222569e+00	7.251320e-03	0	0	1.679521e-01	4.685110e+00
TCGA-A6-6651-01A-21R-1839-07	3.251611e-01	4.981370e-01	0	3.376465e-03	0	4.081682e+00
TCGA-A6-6652-01A-11R-1774-07	0	1.056438e-01	1.391622e-01	7.444523e-02	8.058500e-03	5.569747e+00
TCGA-A6-6653-01A-11R-1774-07	6.391797e-01	0	4.373230e-01	5.567233e-02	7.471072e-01	9.920301e-01
TCGA-A6-6654-01A-21R-1839-07	3.329520e-01	2.294829e-01	1.821325e-01	1.140116e-02	2.770215e-02	3.300119e+00
TCGA-A6-6780-01A-11R-1839-07	1.192946e+00	0	0	1.086269e-01	0	2.120857e+00
TCGA-A6-6781-01A-22R-1928-07	0	1.096618e-01	3.709344e-01	1.038748e-01	8.469162e-01	2.114710e-01
TCGA-A6-6782-01A-11R-1839-07	7.003636e-01	2.046334e-01	0	9.570850e-02	0	4.245198e+00
TCGA-A6-A565-01A-31R-A28H-07	2.210920e+00	1.237649e-01	3.262359e-01	0	6.875579e-01	9.670913e-01
TCGA-A6-A566-01A-11R-A28H-07	7.329525e-01	6.371567e-02	0	1.271614e-02	0	2.342414e+00
TCGA-A6-A567-01A-31R-A28H-07	2.517659e-01	2.965729e-01	2.955080e-01	6.689402e-02	2.594330e-01	4.765875e+00
TCGA-A6-A56B-01A-31R-A28H-07	0	2.046682e-01	0	7.051375e-02	0	5.150620e+00
TCGA-A6-A5ZU-01A-11R-A28H-07	0	8.901640e-02	0	9.037310e-02	0	4.184478e+00
TCGA-AA-3489-11A-01R-1839-07	3.169940e+00	6.876929e-01	0	1.107592e-01	4.164479e-02	2.888708e-01
TCGA-AA-3489-01A-21R-1839-07	1.905449e-01	1.862931e-01	0	9.606708e-02	0	3.690682e+00
TCGA-AA-3492-01A-01R-1410-07	1.068321e+00	8.563879e-02	1.169489e-01	3.033032e-02	2.617088e-01	1.812022e+00
TCGA-AA-3495-01A-01R-1410-07	1.758403e+00	4.851480e-02	1.013011e-01	1.015316e-01	2.452725e-01	3.615920e+00
TCGA-AA-3496-11A-01R-1839-07	3.237239e+00	7.801726e-01	0	5.950469e-03	0	1.091003e+00
TCGA-AA-3496-01A-21R-1839-07	4.961192e-01	6.341455e-02	0	5.704671e-03	2.359648e-01	4.039482e+00
TCGA-AA-3502-01A-01R-1410-07	2.770313e-01	5.658621e-02	0	1.273457e-01	1.753118e+00	1.899340e+00
TCGA-AA-3506-01A-01R-1410-07	1.506439e+00	1.242041e-01	7.212820e-02	1.162510e-01	4.636996e-01	2.929648e+00
TCGA-AA-3509-01A-01R-1410-07	1.035009e+00	1.132761e-01	2.882547e-01	1.049350e-02	3.779532e-01	4.041228e+00
TCGA-AA-3511-11A-01R-1839-07	3.484781e+00	2.862251e-01	0	9.410096e-02	0	1.109480e+00
TCGA-AA-3511-01A-21R-1839-07	1.329259e+00	1.255403e-01	1.495491e-01	1.049574e-01	2.809386e-01	3.479925e+00
TCGA-AA-3514-11A-01R-A32Z-07	4.269982e+00	2.586345e-01	0	0	0	6.338295e-01
TCGA-AA-3516-11A-01R-A32Z-07	4.563225e+00	4.555902e-01	0	0	0	6.236100e-01
TCGA-AA-3517-11A-01R-A32Z-07	3.947436e+00	2.978965e-01	0	9.436073e-02	0	1.022661e+00
TCGA-AA-3518-11A-01R-1672-07	3.953483e+00	4.622357e-01	0	0	0	1.258610e+00
TCGA-AA-3520-11A-01R-A32Z-07	4.104205e+00	2.979870e-01	0	5.651405e-03	0	1.138068e+00
TCGA-AA-3522-11A-01R-A32Z-07	3.911543e+00	2.578298e-01	0	8.430608e-02	0	1.235742e+00
TCGA-AA-3525-11A-01R-A32Z-07	4.021899e+00	1.521753e-01	0	9.493640e-02	0	4.978988e-01
TCGA-AA-3526-01A-02R-A32Z-07	7.746171e-01	3.781001e-02	2.400037e-02	1.196179e-01	4.353758e-01	3.487186e+00
TCGA-AA-3527-11A-01R-A32Z-07	3.993816e+00	4.245949e-01	0	0	0	9.109270e-01
TCGA-AA-3531-11A-01R-A32Z-07	4.519031e+00	3.604218e-01	0	3.938124e-03	0	7.774792e-01
TCGA-AA-3534-11A-01R-A32Z-07	3.763882e+00	2.855919e-01	0	1.606632e-02	0	1.177665e+00
TCGA-AA-3655-11A-01R-1723-07	3.542865e+00	5.681605e-01	0	1.190513e-01	0	1.049929e+00
TCGA-AA-3655-01A-02R-1723-07	7.663851e-01	0	1.996923e-01	9.844397e-02	3.776541e-01	2.816002e+00
TCGA-AA-3660-11A-01R-1723-07	3.920237e+00	3.277837e-01	0	2.543168e-02	0	9.851354e-01
TCGA-AA-3660-01A-01R-1723-07	1.221984e+00	1.201180e-01	1.810826e-01	3.818832e-02	4.258587e-01	3.676819e+00
TCGA-AA-3662-11A-01R-1723-07	3.337223e+00	5.130648e-01	0	2.131734e-02	4.387004e-02	1.209737e+00
TCGA-AA-3662-01A-01R-1723-07	1.060487e+00	1.104648e-01	3.425527e-01	2.421709e-02	2.249287e-01	3.719777e+00
TCGA-AA-3663-11A-01R-1723-07	3.385886e+00	6.171012e-01	0	8.426311e-02	0	1.312644e+00
TCGA-AA-3663-01A-01R-1723-07	4.941530e-01	3.184555e-02	2.270402e-01	1.191027e-01	1.109981e+00	1.278474e+00
TCGA-AA-3675-01A-02R-0905-07	3.961691e-01	8.309335e-02	1.806654e-01	1.113432e-01	5.622300e-01	3.600643e+00
TCGA-AA-3685-01A-02R-A32Z-07	1.456959e+00	1.329301e-01	6.328587e-03	1.355297e-01	2.552829e-01	3.416644e+00
TCGA-AA-3697-11A-01R-1723-07	3.347517e+00	4.354699e-01	1.328787e-01	8.710356e-02	7.676021e-02	4.424027e-01
TCGA-AA-3697-01A-01R-1723-07	1.446374e+00	1.403929e-02	2.043722e-01	9.063276e-02	1.826145e-01	3.834246e+00
TCGA-AA-3712-11A-01R-1723-07	3.844597e+00	2.765634e-01	0	9.531999e-02	0	1.061318e+00
TCGA-AA-3712-01A-21R-1723-07	7.164188e-01	0	0	9.064684e-02	4.082844e-01	4.085566e+00
TCGA-AA-3713-11A-01R-1723-07	3.717549e+00	4.647200e-01	0	1.240164e-01	0	9.490384e-01
TCGA-AA-3713-01A-21R-1723-07	1.791443e+00	1.532457e-02	2.361654e-01	5.918915e-02	7.369670e-01	8.972920e-01
TCGA-AA-A01P-01A-21R-A083-07	0	2.500154e-01	1.127214e+00	4.679644e-03	0	6.859580e-01
TCGA-AA-A01X-01A-21R-A083-07	3.657088e-01	3.548281e-01	3.281229e-01	1.365685e-02	2.889172e-01	4.517210e+00
TCGA-AA-A01Z-01A-11R-A083-07	6.819817e-01	9.715408e-03	3.811477e-01	9.033365e-02	3.174469e-01	4.014393e+00
TCGA-AA-A02K-01A-03R-A32Y-07	1.109718e+00	1.065966e-02	1.646395e-01	1.291844e-01	0	4.295924e+00
TCGA-AA-A02Y-01A-43R-A32Y-07	1.425833e+00	0	3.431877e-01	5.354913e-02	1.178105e+00	2.666366e+00
TCGA-AD-5900-01A-11R-1653-07	4.964158e-02	2.960871e-01	1.097552e+00	9.133790e-02	1.716416e-01	6.828198e-01
TCGA-AD-6548-01A-11R-1839-07	1.266911e+00	8.167035e-02	2.539779e-01	0	5.741821e-02	3.212149e+00
TCGA-AD-6888-01A-11R-1928-07	1.326992e+00	2.841445e-02	6.983734e-01	8.561643e-02	6.363959e-02	4.461513e+00
TCGA-AD-6889-01A-11R-1928-07	9.143725e-02	6.653919e-03	6.113846e-01	1.057412e-01	8.797996e-01	1.437770e+00
TCGA-AD-6890-01A-11R-1928-07	9.439380e-01	0	0	1.100093e-01	1.479776e-02	3.837529e+00
TCGA-AD-6895-01A-11R-1928-07	1.269421e-02	1.683492e-01	1.464761e+00	8.291151e-02	7.562904e-02	7.453183e-01
TCGA-AD-6899-01A-11R-1928-07	9.274279e-01	1.236105e-01	9.808598e-02	8.833068e-02	2.918533e-01	3.021200e+00
TCGA-AD-6901-01A-11R-1928-07	0	2.472811e-01	2.043731e-01	1.125402e-01	0	3.753122e+00
TCGA-AD-6963-01A-11R-1928-07	6.758395e-01	0	3.512829e-01	5.735031e-02	0	4.326698e+00
TCGA-AD-6964-01A-11R-1928-07	1.684685e-01	1.161337e-01	0	1.282098e-01	5.454479e-01	1.313020e+00
TCGA-AD-6965-01A-11R-1928-07	3.571828e-01	6.093166e-02	1.030296e-01	7.167805e-02	4.826738e-03	4.340087e+00
TCGA-AD-A5EJ-01A-11R-A28H-07	9.364598e-02	1.872487e-02	9.110851e-01	0	1.040342e+00	9.190807e-01
TCGA-AD-A5EK-01A-11R-A28H-07	0	1.601524e-01	0	6.500062e-02	3.304738e-01	4.792371e+00
TCGA-AM-5820-01A-01R-1653-07	7.863017e-01	3.985578e-01	3.029195e-01	0	0	3.968855e+00
TCGA-AM-5821-01A-01R-1653-07	0	2.634199e-03	1.321181e+00	0	0	1.044576e+00
TCGA-AU-3779-01A-01R-1723-07	9.421898e-01	9.252849e-02	9.713468e-02	2.009886e-03	0	4.551869e+00
TCGA-AU-6004-01A-11R-1723-07	7.677428e-01	1.029908e-01	7.479996e-01	0	0	1.374950e+00
TCGA-AY-5543-01A-01R-1653-07	1.142220e+00	0	6.282381e-01	0	1.772699e-01	3.848910e+00
TCGA-AY-6196-01A-11R-1723-07	1.799515e-02	2.953377e-01	1.827419e-01	1.212102e-01	3.038974e-01	8.089620e-01
TCGA-AY-6197-01A-11R-1723-07	1.292775e+00	0	4.141117e-01	7.246651e-02	5.060924e-01	1.716453e+00
TCGA-AY-6386-01A-21R-1723-07	1.094118e+00	0	6.764691e-01	0	4.599146e-01	2.459508e+00
TCGA-AY-A54L-01A-11R-A28H-07	8.602663e-01	8.634638e-02	4.978549e-01	0	8.730750e-01	4.279635e+00
TCGA-AY-A69D-01A-11R-A37K-07	8.766692e-01	0	0	0	5.983899e-01	4.019273e+00
TCGA-AY-A71X-01A-12R-A37K-07	6.254814e-01	2.505573e-05	5.207802e-01	6.608829e-03	1.488316e+00	2.616174e+00
TCGA-AY-A8YK-01A-11R-A41B-07	1.579084e+00	3.411569e-02	1.324864e-01	8.600809e-02	3.802742e-01	4.256023e+00
TCGA-AZ-4313-01A-01R-1410-07	0	8.611120e-02	7.951073e-01	2.908227e-02	1.297037e+00	1.269519e+00
TCGA-AZ-4315-01A-01R-1410-07	8.119356e-01	3.802751e-02	6.145642e-01	1.113373e-01	0	2.453211e+00
TCGA-AZ-4323-01A-21R-1839-07	6.564130e-01	3.306819e-01	1.412110e-01	1.058312e-01	8.964843e-02	2.222732e+00
TCGA-AZ-4614-01A-01R-1410-07	5.275132e-01	9.050069e-02	1.186422e+00	6.356959e-03	0	2.384048e+00
TCGA-AZ-4615-01A-01R-1410-07	8.491770e-02	4.585191e-02	7.052363e-01	7.922756e-02	3.155784e-01	5.700514e-01
TCGA-AZ-4616-01A-21R-1839-07	2.108672e-01	1.522672e-01	9.041818e-01	1.695706e-02	0	2.847909e+00
TCGA-AZ-4682-01B-01R-A32Z-07	1.443646e+00	1.857452e-01	1.908751e-01	1.304152e-01	4.771015e-01	3.970600e+00
TCGA-AZ-4684-01A-01R-1410-07	1.308562e+00	8.820550e-02	4.879816e-01	1.018031e-01	0	3.037933e+00
TCGA-AZ-5403-01A-01R-1653-07	1.204964e+00	2.602654e-01	1.389085e-02	1.048639e-01	2.004083e-01	3.768242e+00
TCGA-AZ-5407-01A-01R-1723-07	9.778368e-01	9.720885e-02	4.979433e-01	1.161900e-02	1.155130e+00	2.196336e+00
TCGA-AZ-6598-11A-01R-1774-07	3.307939e+00	5.868749e-01	0	0	0	1.425238e+00
TCGA-AZ-6598-01A-11R-1774-07	0	2.550132e-02	0	1.044912e-02	1.258389e+00	1.316052e+00
TCGA-AZ-6599-11A-01R-1774-07	3.218161e+00	3.869971e-01	0	7.845396e-02	4.320027e-02	1.231574e+00
TCGA-AZ-6599-01A-11R-1774-07	2.100650e-01	5.455856e-02	0	1.055313e-01	2.097246e+00	2.277067e+00
TCGA-AZ-6600-11A-01R-1774-07	3.279302e+00	3.612635e-01	0	8.920593e-02	0	1.285823e+00
TCGA-AZ-6600-01A-11R-1774-07	9.174620e-01	1.389571e-01	2.433226e-01	1.055038e-01	5.685417e-01	2.232042e+00
TCGA-AZ-6601-11A-01R-1774-07	3.225027e+00	5.601387e-01	0	7.287059e-02	0	1.317496e+00
TCGA-AZ-6601-01A-11R-1774-07	6.267447e-01	1.399422e-01	7.093697e-01	1.002159e-01	0	1.295937e+00
TCGA-AZ-6603-11A-02R-1839-07	2.268186e+00	6.466121e-01	0	0	4.280615e-01	7.314045e-01
TCGA-AZ-6603-01A-11R-1839-07	9.141881e-01	2.005040e-01	0	0	2.034025e-02	4.718513e+00
TCGA-AZ-6605-11A-01R-1839-07	1.732118e+00	1.004317e+00	0	7.232257e-02	0	1.912056e+00
TCGA-AZ-6605-01A-11R-1839-07	1.186780e+00	1.214306e-01	2.999879e-02	9.346491e-02	1.902890e-01	3.063654e+00
TCGA-AZ-6606-01A-11R-1839-07	8.065732e-01	9.837937e-03	9.961574e-01	7.958883e-02	5.191014e-01	2.931399e+00
TCGA-AZ-6607-01A-11R-1839-07	3.677335e-01	1.826001e-01	1.185135e+00	7.051358e-02	0	9.664477e-01
TCGA-AZ-6608-01A-11R-1839-07	4.398362e-01	0	6.099037e-01	0	0	5.380848e+00
TCGA-CA-5254-01A-21R-1839-07	4.469870e-01	8.640678e-02	8.981136e-01	0	2.406158e-02	2.098517e+00
TCGA-CA-5255-01A-11R-1839-07	1.100138e+00	1.098155e-01	1.278254e+00	9.063865e-02	4.231210e-01	2.022975e+00
TCGA-CA-5256-01A-01R-1410-07	1.042452e+00	1.556198e-01	0	2.999018e-02	0	4.938993e+00
TCGA-CA-5796-01A-01R-1653-07	1.864477e+00	0	4.552550e-01	0	1.361311e+00	7.177599e-01
TCGA-CA-5797-01A-01R-1653-07	9.662895e-01	2.311220e-01	0	8.827734e-02	0	4.397690e+00
TCGA-CA-6715-01A-21R-1839-07	3.233896e-01	7.656968e-02	0	8.274768e-02	0	5.838182e+00
TCGA-CA-6716-01A-11R-1839-07	0	2.708691e-01	0	8.375564e-02	1.521240e-01	5.462851e+00
TCGA-CA-6717-01A-11R-1839-07	6.426762e-01	3.200037e-01	1.511485e-01	9.197567e-02	4.083432e-01	1.951475e+00
TCGA-CA-6718-01A-11R-1839-07	0	1.378629e-01	8.105757e-01	7.945445e-02	0	1.431765e+00
TCGA-CA-6719-01A-11R-1839-07	1.823624e-01	2.570697e-01	1.013517e-01	7.993741e-02	0	4.225796e+00
TCGA-CK-4947-01B-11R-1653-07	1.283824e+00	5.054326e-02	0	0	4.037419e-01	2.963922e+00
TCGA-CK-4948-01B-11R-1653-07	5.790754e-01	7.688458e-02	4.702494e-01	1.386337e-02	0	3.811159e+00
TCGA-CK-4950-01A-01R-1723-07	2.305358e+00	5.401078e-02	1.353756e-01	1.188441e-02	5.474204e-01	1.851883e+00
TCGA-CK-4951-01A-01R-1410-07	5.765010e-01	2.547261e-02	6.807900e-01	0	1.033360e-01	1.672402e+00
TCGA-CK-4952-01A-01R-1723-07	0	0	1.607063e-01	0	1.781218e+00	1.230258e+00
TCGA-CK-5912-01A-11R-1653-07	4.324082e-01	1.104645e-01	0	4.923022e-02	0	5.391617e+00
TCGA-CK-5913-01A-11R-1653-07	6.171927e-01	0	1.137215e+00	0	3.291391e-01	8.503826e-01
TCGA-CK-5914-01A-11R-1653-07	1.128701e-01	0	0	3.991833e-02	1.418155e-01	4.720611e+00
TCGA-CK-5915-01A-11R-1653-07	3.883493e-01	0	0	3.074080e-02	0	5.684508e+00
TCGA-CK-5916-01A-11R-1653-07	0	1.763411e-01	7.145921e-01	0	6.870495e-03	1.521851e+00
TCGA-CK-6746-01A-11R-1839-07	0	6.875352e-02	5.662500e-01	0	6.287425e-02	9.987777e-01
TCGA-CK-6747-01A-11R-1839-07	1.195824e+00	8.152468e-03	0	0	5.311204e-01	2.859788e+00
TCGA-CK-6748-01A-11R-1839-07	5.727635e-02	2.598384e-01	9.144887e-02	1.162555e-02	0	4.681354e+00
TCGA-CK-6751-01A-11R-1839-07	6.710075e-01	0	1.277924e-01	7.099779e-03	5.493637e-01	2.505257e+00
TCGA-CM-4743-01A-01R-1723-07	8.938311e-01	4.368642e-02	1.382192e+00	8.268681e-02	0	2.739959e-01
TCGA-CM-4744-01A-01R-A32Z-07	5.911958e-01	9.653553e-02	1.005952e+00	1.161808e-01	0	2.499768e+00
TCGA-CM-4747-01A-01R-1410-07	4.694848e-01	2.160650e-01	1.472277e-01	1.059784e-01	4.357994e-01	4.125139e+00
TCGA-CM-4751-01A-02R-1839-07	1.468842e+00	9.726162e-02	6.198561e-01	9.779133e-02	2.664617e-01	1.831674e+00
TCGA-CM-5344-01A-21R-1723-07	1.004805e+00	1.801486e-01	0	0	0	4.149465e+00
TCGA-CM-5348-01A-21R-1723-07	9.068792e-01	3.104387e-01	3.260397e-01	7.242732e-02	8.702657e-02	2.143389e+00
TCGA-CM-5349-01A-21R-1723-07	5.823865e-01	3.770324e-01	0	1.144103e-02	2.658366e-01	3.683754e+00
TCGA-CM-5860-01A-01R-1653-07	7.522221e-01	9.834266e-02	1.399616e-01	8.895073e-02	2.509371e-01	3.056541e+00
TCGA-CM-5861-01A-01R-1653-07	0	1.979513e-01	1.143686e+00	7.538091e-03	9.531787e-01	4.223371e-01
TCGA-CM-5862-01A-01R-1653-07	0	2.956688e-01	0	1.120500e-01	2.938589e-01	4.782500e+00
TCGA-CM-5863-01A-21R-1839-07	9.645667e-01	2.224222e-01	5.587940e-01	1.783172e-02	1.165903e+00	1.587062e+00
TCGA-CM-5864-01A-01R-1653-07	2.416952e-01	1.535230e-01	0	1.081320e-01	6.927498e-01	4.387643e+00
TCGA-CM-5868-01A-01R-1653-07	4.388567e-01	2.112222e-01	0	1.347622e-02	5.952432e-02	4.518505e+00
TCGA-CM-6161-01A-11R-1653-07	6.683542e-01	1.089366e-01	0	0	0	4.614327e+00
TCGA-CM-6162-01A-11R-1653-07	7.554767e-01	1.628676e-01	3.788964e-02	0	9.903262e-01	1.045992e+00
TCGA-CM-6163-01A-11R-1653-07	1.664169e+00	1.254215e-01	0	8.693923e-02	1.379591e-01	3.206563e+00
TCGA-CM-6164-01A-11R-1653-07	5.621253e-01	2.167786e-01	6.231489e-02	0	0	5.100259e+00
TCGA-CM-6165-01A-11R-1653-07	1.083132e+00	2.133290e-01	0	8.043710e-02	1.028435e-01	3.586197e+00
TCGA-CM-6166-01A-11R-1653-07	0	2.390846e-01	0	2.407511e-03	0	6.024316e+00
TCGA-CM-6167-01A-11R-1653-07	5.150464e-01	5.948715e-01	0	0	3.274342e-01	2.829920e+00
TCGA-CM-6168-01A-11R-1653-07	1.042625e+00	2.442481e-01	2.106628e-01	0	2.460449e-01	2.754629e+00
TCGA-CM-6169-01A-11R-1653-07	5.815788e-01	2.048625e-01	0	6.921309e-02	0	3.659648e+00
TCGA-CM-6170-01A-11R-1653-07	7.102001e-01	1.006743e-01	0	0	4.602135e-02	4.788894e+00
TCGA-CM-6171-01A-11R-1653-07	2.386271e-01	1.912122e-03	0	0	1.140633e+00	1.487205e+00
TCGA-CM-6172-01A-11R-1653-07	1.382854e+00	1.100613e-01	0	0	7.239585e-01	3.110540e+00
TCGA-CM-6674-01A-11R-1839-07	2.729822e-01	2.014903e-01	1.779694e-01	1.035388e-01	1.117403e+00	5.759961e-01
TCGA-CM-6675-01A-11R-1839-07	7.666359e-01	1.633071e-02	1.160501e+00	5.947946e-02	0	1.774355e+00
TCGA-CM-6676-01A-11R-1839-07	4.664661e-01	2.384901e-01	0	9.399732e-02	0	5.209994e+00
TCGA-CM-6677-01A-11R-1839-07	5.970267e-01	9.363833e-02	0	0	1.207778e-02	3.922574e+00
TCGA-CM-6678-01A-11R-1839-07	5.148470e-01	2.462164e-01	3.772485e-01	5.793353e-03	5.423532e-01	4.208843e+00
TCGA-CM-6679-01A-11R-1839-07	5.539457e-01	2.362145e-01	0	7.493860e-02	0	4.962256e+00
TCGA-CM-6680-01A-11R-1839-07	5.380152e-01	1.283381e-01	0	1.188502e-02	1.182058e+00	2.542217e+00
TCGA-D5-5537-01A-21R-1928-07	5.174951e-01	7.399737e-02	0	9.591024e-02	7.000409e-02	4.572200e+00
TCGA-D5-5538-01A-01R-1653-07	4.878407e-01	1.062010e-01	2.375138e-01	9.418563e-03	0	3.400922e+00
TCGA-D5-5539-01A-01R-1653-07	9.121976e-01	1.315297e-01	1.663171e-01	8.796195e-02	1.096756e+00	2.183285e+00
TCGA-D5-5540-01A-01R-1653-07	0	1.634387e-01	0	1.319960e-01	0	5.618308e+00
TCGA-D5-5541-01A-01R-1653-07	3.263640e-01	1.633064e-01	0	9.420633e-02	0	4.921602e+00
TCGA-D5-6529-01A-11R-1774-07	5.754776e-01	2.483452e-02	3.353623e-01	9.061158e-02	0	3.338256e+00
TCGA-D5-6530-01A-11R-1723-07	6.570197e-01	0	1.235937e-01	1.029941e-01	1.249409e+00	1.002977e+00
TCGA-D5-6531-01A-11R-1723-07	0	1.180513e-01	1.211540e-01	6.826935e-02	5.869111e-02	3.136749e+00
TCGA-D5-6532-01A-11R-1723-07	3.327485e-01	4.143952e-02	0	7.323008e-02	0	5.382847e+00
TCGA-D5-6533-01A-11R-1723-07	6.210124e-01	5.063754e-02	0	0	0	5.241718e+00
TCGA-D5-6534-01A-21R-1928-07	1.165017e+00	2.683882e-01	4.995218e-01	1.045270e-02	0	1.610361e+00
TCGA-D5-6535-01A-11R-1723-07	1.003640e+00	5.150307e-05	8.555503e-01	0	5.255690e-02	3.020989e+00
TCGA-D5-6536-01A-11R-1723-07	0	1.242547e-01	0	1.190427e-01	1.309462e+00	2.640536e+00
TCGA-D5-6537-01A-11R-1723-07	2.852929e-01	0	5.527637e-01	1.003872e-01	7.945223e-03	4.623297e+00
TCGA-D5-6538-01A-11R-1723-07	0	2.605596e-01	0	0	3.188221e-01	5.016529e+00
TCGA-D5-6539-01A-11R-1723-07	2.595430e+00	7.595170e-02	1.925397e-01	0	4.672559e-01	1.857243e+00
TCGA-D5-6540-01A-11R-1723-07	0	1.288691e-02	1.227994e+00	7.987635e-02	5.350686e-01	4.223702e-01
TCGA-D5-6541-01A-11R-1723-07	4.605439e-01	7.952799e-02	2.452347e-01	1.085561e-01	0	3.217638e+00
TCGA-D5-6898-01A-11R-1928-07	6.612518e-01	2.676019e-01	0	0	0	4.533117e+00
TCGA-D5-6920-01A-11R-1928-07	2.198628e+00	0	1.504122e-01	0	5.864827e-01	2.377092e+00
TCGA-D5-6922-01A-11R-1928-07	7.652927e-01	2.895492e-01	0	6.627333e-02	0	4.220572e+00
TCGA-D5-6923-01A-11R-A32Z-07	6.934725e-02	4.910806e-02	4.497888e-02	6.228628e-02	0	4.671899e+00
TCGA-D5-6924-01A-11R-1928-07	2.268778e-01	1.511220e-01	0	7.158576e-02	0	4.726508e+00
TCGA-D5-6926-01A-11R-1928-07	9.328036e-02	1.454945e-01	0	7.626030e-02	0	4.492472e+00
TCGA-D5-6927-01A-21R-1928-07	4.143400e-01	4.299196e-02	4.027224e-01	9.590896e-02	2.888967e-01	1.726207e+00
TCGA-D5-6928-01A-11R-1928-07	7.898019e-01	1.055292e-01	3.967106e-01	9.780371e-02	1.598065e-01	6.361860e-01
TCGA-D5-6929-01A-31R-1928-07	4.748098e-01	6.379263e-02	0	3.101424e-02	0	4.919926e+00
TCGA-D5-6930-01A-11R-1928-07	2.291335e-01	1.408289e-01	2.421227e-01	1.104980e-01	1.082660e+00	6.061390e-01
TCGA-D5-6931-01A-11R-1928-07	1.173832e+00	0	4.581537e-01	8.352111e-02	4.090832e-01	2.085376e+00
TCGA-D5-6932-01A-11R-1928-07	1.520015e-02	1.684382e-01	0	1.107526e-01	2.227197e-01	4.346443e+00
TCGA-D5-7000-01A-11R-A32Z-07	6.850524e-01	1.080404e-01	5.698913e-01	0	3.708804e-01	2.231431e+00
TCGA-DM-A0X9-01A-11R-A155-07	4.864092e-01	4.908461e-02	0	0	6.573554e-01	4.052452e+00
TCGA-DM-A0XD-01A-12R-A155-07	2.321266e-01	9.648208e-03	1.102339e+00	1.217337e-01	0	3.241737e+00
TCGA-DM-A0XF-01A-11R-A155-07	3.335900e-01	1.136932e-01	2.985283e-01	1.344463e-02	0	4.792621e+00
TCGA-DM-A1D0-01A-11R-A155-07	6.763510e-01	7.635592e-02	5.457111e-01	2.924936e-03	0	5.306912e+00
TCGA-DM-A1D4-01A-21R-A155-07	8.240555e-01	0	0	8.704192e-02	7.346118e-01	4.027602e+00
TCGA-DM-A1D6-01A-21R-A155-07	0	6.346837e-02	8.940583e-02	3.967250e-02	1.696618e+00	2.716344e+00
TCGA-DM-A1D7-01A-11R-A155-07	9.903692e-01	1.122354e-01	3.559710e-01	7.754529e-02	2.887323e-01	3.660474e+00
TCGA-DM-A1D8-01A-11R-A155-07	0	1.797616e-01	2.340793e-01	1.124620e-02	2.601762e-01	4.269391e+00
TCGA-DM-A1D9-01A-11R-A155-07	0	1.241900e-01	2.645284e-01	1.958664e-03	5.266040e-01	4.294152e+00
TCGA-DM-A1DA-01A-11R-A155-07	0	4.327160e-02	3.186160e-01	2.081054e-02	1.888662e-01	3.186449e+00
TCGA-DM-A1DB-01A-11R-A155-07	5.781030e-01	6.048803e-02	0	7.200455e-02	0	5.502625e+00
TCGA-DM-A1HA-01A-11R-A155-07	0	8.468406e-02	8.373813e-01	1.290591e-01	0	3.454782e+00
TCGA-DM-A1HB-01A-21R-A180-07	9.014264e-02	3.834967e-02	1.470305e+00	9.756325e-02	5.799911e-01	5.653628e-01
TCGA-DM-A280-01A-12R-A16W-07	8.713338e-01	8.385458e-02	9.388997e-01	1.651692e-02	4.132028e-01	2.255216e+00
TCGA-DM-A282-01A-12R-A16W-07	4.207584e-01	1.853983e-01	0	2.337430e-02	1.330907e-01	5.309549e+00
TCGA-DM-A285-01A-11R-A16W-07	6.703156e-01	1.729009e-01	4.948953e-01	7.397186e-03	1.636901e-01	3.528649e+00
TCGA-DM-A288-01A-11R-A16W-07	3.500964e-01	5.483067e-02	6.121590e-01	8.527513e-02	2.095355e-01	3.523793e+00
TCGA-DM-A28A-01A-21R-A32Y-07	0	3.960745e-02	0	1.059908e-01	4.823557e-02	4.541850e+00
TCGA-DM-A28C-01A-11R-A32Y-07	7.795667e-02	3.661042e-02	0	9.611295e-02	3.102381e-01	5.022363e+00
TCGA-DM-A28E-01A-11R-A32Y-07	2.759479e-01	9.061221e-03	0	0	3.553067e-01	5.607466e+00
TCGA-DM-A28F-01A-11R-A32Y-07	9.241179e-01	0	3.206922e-01	5.499917e-02	0	4.658745e+00
TCGA-DM-A28G-01A-11R-A16W-07	6.498511e-01	1.217215e-01	2.227517e-01	1.008510e-01	5.919503e-01	4.022649e+00
TCGA-DM-A28H-01A-11R-A16W-07	8.852553e-01	8.104629e-02	0	6.034277e-02	0	4.924599e+00
TCGA-DM-A28K-01A-21R-A32Y-07	0	1.326884e-02	2.443993e-01	1.210104e-01	2.062471e+00	1.271783e+00
TCGA-DM-A28M-01A-12R-A16W-07	5.992683e-01	1.449401e-02	4.216372e-01	8.403577e-02	7.483350e-01	3.285338e+00
TCGA-F4-6459-01A-11R-1774-07	1.010426e+00	3.962863e-01	0	0	0	4.372564e+00
TCGA-F4-6460-01A-11R-1774-07	7.584448e-01	4.353602e-01	0	1.469882e-02	3.690630e-01	3.890528e+00
TCGA-F4-6461-01A-11R-1774-07	5.046370e-01	2.510313e-01	1.466139e-01	6.542163e-03	1.016878e+00	1.858137e+00
TCGA-F4-6463-01A-11R-1723-07	6.651309e-02	2.344889e-01	6.655104e-03	8.833241e-02	2.043994e-01	4.082762e+00
TCGA-F4-6569-01A-11R-1774-07	1.185416e-01	1.959519e-01	0	1.088215e-01	0	2.606756e+00
TCGA-F4-6570-01A-11R-1774-07	2.365645e-01	8.966349e-02	7.550276e-01	1.867251e-03	0	8.079882e-01
TCGA-F4-6703-01A-11R-1839-07	0	1.553532e-01	9.405491e-01	8.806085e-02	0	1.143565e+00
TCGA-F4-6704-11A-01R-1839-07	2.921859e+00	5.937600e-01	0	7.887007e-02	9.139019e-02	1.174915e+00
TCGA-F4-6704-01A-11R-1839-07	0	4.156164e-01	0	1.044731e-01	7.649268e-01	1.624537e+00
TCGA-F4-6805-01A-11R-1839-07	9.122526e-01	2.972043e-01	4.104637e-01	0	3.570956e-01	2.569193e+00
TCGA-F4-6806-01A-11R-1839-07	7.969055e-01	1.416636e-01	3.201466e-01	9.427712e-03	8.793458e-01	3.208484e+00
TCGA-F4-6807-01A-11R-1839-07	1.795150e-01	3.378621e-01	2.334010e-01	0	2.863764e-01	3.234361e+00
TCGA-F4-6808-01A-11R-1839-07	8.472533e-01	1.185589e-01	7.026531e-02	8.438813e-03	3.714532e-01	4.791558e+00
TCGA-F4-6809-01A-11R-1839-07	7.443664e-01	4.709638e-01	3.594215e-01	1.695183e-02	3.354057e-02	3.439159e+00
TCGA-F4-6854-01A-11R-1928-07	8.208621e-01	2.606800e-01	0	0	2.511983e-01	4.329428e+00
TCGA-F4-6855-01A-11R-1928-07	0	1.638508e-01	0	1.533021e-02	5.677128e-01	3.523088e+00
TCGA-F4-6856-01A-11R-1928-07	3.847495e-01	9.972884e-02	2.292166e-01	1.013324e-01	1.295758e+00	9.493185e-01
TCGA-G4-6293-01A-11R-1723-07	1.477918e+00	0	4.871000e-01	0	1.718565e-01	3.425022e+00
TCGA-G4-6294-01A-11R-1774-07	2.822187e-01	7.871939e-02	1.787330e-02	5.892704e-02	1.547423e-01	5.332978e+00
TCGA-G4-6295-01A-11R-1723-07	2.329657e-01	2.267997e-02	0	0	1.296002e-01	4.017634e+00
TCGA-G4-6297-01A-11R-1723-07	9.402974e-01	1.133114e-01	3.473815e-01	0	1.156538e-01	3.481186e+00
TCGA-G4-6298-01A-11R-1723-07	0	1.802952e-01	2.256599e-01	1.263241e-01	0	5.226510e+00
TCGA-G4-6299-01A-11R-1774-07	0	1.486050e-01	8.127951e-01	8.637070e-02	0	1.986861e+00
TCGA-G4-6302-01A-11R-1723-07	3.856182e-01	5.936056e-01	6.631404e-01	0	1.626796e-01	1.142906e+00
TCGA-G4-6303-01A-11R-1774-07	5.888884e-01	2.281139e-01	5.734246e-02	0	0	4.839653e+00
TCGA-G4-6304-01A-11R-1928-07	2.501068e-01	0	3.408998e-01	2.119559e-02	0	3.514880e+00
TCGA-G4-6306-01A-11R-1774-07	1.984521e+00	0	4.676847e-01	1.083696e-01	9.457881e-02	3.512080e+00
TCGA-G4-6307-01A-11R-1723-07	7.581854e-01	1.657963e-01	1.205990e-01	1.686431e-02	0	5.659148e+00
TCGA-G4-6309-01A-21R-1839-07	1.035853e+00	2.946624e-02	7.667846e-01	3.338167e-04	5.100868e-01	1.707552e+00
TCGA-G4-6310-01A-11R-1723-07	9.229129e-02	6.992722e-01	0	7.969539e-02	0	5.255357e+00
TCGA-G4-6311-01A-11R-1723-07	1.228281e+00	9.444942e-03	2.035965e-01	7.438471e-02	0	3.679297e+00
TCGA-G4-6314-01A-11R-1723-07	0	3.841328e-01	0	0	0	4.482066e+00
TCGA-G4-6315-01A-11R-1723-07	1.542467e+00	3.808307e-02	1.500649e-02	6.436321e-02	4.925356e-01	4.078720e+00
TCGA-G4-6317-01A-11R-1723-07	3.257359e-01	1.443720e-01	4.011290e-02	3.471097e-02	0	6.103281e+00
TCGA-G4-6317-02A-11R-2066-07	7.110923e-01	1.015305e-01	1.399512e-01	8.438277e-03	0	5.447434e+00
TCGA-G4-6320-01A-11R-1723-07	4.044823e-01	5.542927e-02	2.731879e-01	1.281872e-01	1.211881e+00	2.498450e+00
TCGA-G4-6321-01A-11R-1723-07	3.313901e+00	6.520320e-02	1.032141e+00	0	3.639389e-01	0
TCGA-G4-6322-01A-11R-1723-07	4.019761e-01	7.396966e-02	0	1.006730e-01	1.500479e+00	2.123552e+00
TCGA-G4-6323-01A-11R-1723-07	1.162533e+00	9.671667e-02	3.997299e-01	9.884998e-02	8.674367e-01	2.682619e+00
TCGA-G4-6586-01A-11R-1774-07	9.319670e-01	0	9.823495e-01	5.445701e-03	1.251167e-01	1.265742e+00
TCGA-G4-6588-01A-11R-1774-07	3.281417e-02	0	8.760816e-01	0	7.510855e-01	7.879491e-01
TCGA-G4-6625-01A-21R-1774-07	1.518127e+00	1.683583e-01	0	0	1.344422e-01	3.277700e+00
TCGA-G4-6626-01A-11R-1774-07	4.455470e-01	0	2.465950e-02	4.314173e-02	2.018872e-01	4.873376e+00
TCGA-G4-6627-01A-11R-1774-07	1.837736e+00	3.176531e-01	3.337690e-01	8.806360e-02	3.254205e-01	2.437071e+00
TCGA-G4-6628-01A-11R-1839-07	7.413852e-01	1.316135e-01	4.754494e-01	6.935696e-02	1.038796e-01	6.225891e-01
TCGA-NH-A50T-01A-11R-A28H-07	4.828558e-01	0	2.375915e-01	0	0	5.372886e+00
TCGA-NH-A50U-01A-33R-A37K-07	4.740254e-01	9.115416e-02	4.784156e-01	1.102953e-01	0	3.681088e+00
TCGA-NH-A50V-01A-11R-A28H-07	2.230860e-02	9.053628e-02	4.725443e-01	8.454770e-02	1.757291e-01	3.153731e+00
TCGA-NH-A5IV-01A-42R-A37K-07	2.778434e-01	9.315641e-03	1.104197e-01	8.435512e-03	4.442160e-01	1.824149e+00
TCGA-NH-A6GA-01A-11R-A37K-07	5.324771e-01	1.449929e-01	6.541747e-01	8.027021e-02	0	3.181165e+00
TCGA-NH-A6GB-01A-11R-A37K-07	7.066274e-01	0	8.244538e-01	0	1.004331e-01	3.577981e+00
TCGA-NH-A6GC-01A-12R-A41B-07	0	2.021343e-01	3.249582e-03	1.438376e-02	1.095376e+00	2.773878e+00
TCGA-NH-A8F7-06A-31R-A41B-07	1.036600e+00	5.248356e-02	0	0	0	5.606693e+00
TCGA-NH-A8F7-01A-11R-A41B-07	4.363436e-01	2.322550e-01	0	0	0	6.216143e+00
TCGA-NH-A8F8-01A-72R-A41B-07	1.733708e-02	2.610213e-01	1.578825e-01	7.783482e-02	0	4.859449e+00
TCGA-QG-A5YV-01A-11R-A28H-07	5.569842e-01	2.846840e-02	2.062751e-01	2.888493e-03	4.929603e-01	4.406916e+00
TCGA-QG-A5YW-01A-11R-A28H-07	1.308768e+00	2.659515e-02	4.529418e-01	1.367644e-02	2.893709e-01	2.895278e+00
TCGA-QG-A5YX-01A-11R-A28H-07	2.158309e+00	0	3.447279e-01	0	2.313025e-01	3.035929e+00
TCGA-QG-A5Z1-01A-11R-A28H-07	6.038234e-01	3.048795e-01	2.193531e-02	4.947321e-02	0	4.757620e+00
TCGA-QG-A5Z2-01A-11R-A28H-07	1.283454e+00	0	3.397642e-01	8.380732e-02	9.412808e-01	1.476685e+00
TCGA-QL-A97D-01A-12R-A41B-07	9.491051e-01	1.795421e-02	3.406260e-01	0	2.481476e-01	3.737239e+00
TCGA-RU-A8FL-01A-11R-A37K-07	3.321329e-01	0	8.056030e-04	5.311143e-02	0	5.976737e+00
TCGA-SS-A7HO-01A-21R-A37K-07	0	2.417447e-02	0	0	0	5.915565e+00
TCGA-T9-A92H-01A-11R-A37K-07	1.194090e+00	0	3.775470e-01	4.357411e-02	0	4.566535e+00
TCGA-WS-AB45-01A-11R-A41B-07	0	2.202931e-01	0	0	2.513896e-01	8.350719e-01
