sampleID	D8.8_GNF2-SPRR1B	D7.4_MILICIC-FAMILIAL-ADENOMATOUS-POLYPOSIS-DN	D7.2_REACTOME-ENDOSOMAL-VACUOLAR-PATHWAY	D13.8_REACTOME-TRANSLOCATION-OF-ZAP-70-TO-IMMUNOLOGICAL-SYNAPSE	D13.4_SINGH-NFE2L2-TARGETS	D14.13_WEBER-METHYLATED-ICP-IN-SPERM-DN	D13.11_GNF2-SPINK1	D13.3_MIPS-40S-RIBOSOMAL-SUBUNIT-CYTOPLASMIC	D10.2_REACTOME-BETA-DEFENSINS
TCGA-2H-A9GF-01A-11R-A37I-31	0	1.285418e+00	3.660752e+00	1.614921e-01	1.557444e-01	5.013359e-01	1.476663e-01	1.366795e+00	5.378922e-02
TCGA-2H-A9GG-01A-11R-A37I-31	0	2.191383e+00	3.419093e+00	9.777456e-01	2.898374e-01	4.381184e-01	1.065266e+00	1.545167e+00	0
TCGA-2H-A9GH-01A-11R-A37I-31	1.396250e-01	1.035477e+00	4.231329e+00	7.256493e-01	6.368891e-01	1.931135e-02	8.970378e-01	1.304295e+00	0
TCGA-2H-A9GI-01A-11R-A37I-31	1.158409e-02	4.900329e-01	4.894424e+00	6.571408e-01	2.852133e-01	0	1.054949e-01	2.249680e+00	7.468272e-02
TCGA-2H-A9GJ-01A-11R-A37I-31	0	6.821315e-01	3.767054e+00	2.909962e-01	4.034283e-01	9.277243e-01	9.473189e-01	2.051948e+00	2.454777e-02
TCGA-2H-A9GK-01A-11R-A37I-31	0	1.318684e+00	3.962450e+00	1.397495e+00	5.777241e-01	0	8.142032e-01	1.414587e+00	7.795253e-01
TCGA-2H-A9GL-01A-12R-A37I-31	0	1.964420e+00	3.733988e+00	1.038098e+00	4.529206e-01	1.879452e-01	5.697290e-01	1.187043e+00	0
TCGA-2H-A9GM-01A-11R-A37I-31	7.360786e-01	1.047224e+00	3.861067e+00	5.968017e-01	5.531919e-01	1.788466e-01	2.834949e-01	1.640382e+00	1.539701e+00
TCGA-2H-A9GN-01A-11R-A37I-31	0	1.153997e+00	4.413872e+00	2.524236e-01	0	4.786453e-01	2.454812e-02	1.542302e+00	4.796302e-01
TCGA-2H-A9GO-01A-11R-A37I-31	0	3.756528e-01	2.761182e+00	2.912345e-01	0	5.978957e-01	1.621144e+00	2.350487e+00	2.855149e-01
TCGA-2H-A9GQ-01A-11R-A37I-31	0	1.471667e+00	9.876054e-01	0	0	1.080830e+00	1.435187e-01	1.345461e+00	5.777060e-01
TCGA-2H-A9GR-01A-12R-A37I-31	0	1.626974e+00	4.088416e+00	1.067603e+00	4.247905e-01	0	1.062649e+00	1.576458e+00	0
TCGA-IC-A6RE-11A-12R-A336-31	2.025118e+00	1.358990e+00	6.730045e-02	3.776758e-01	9.182718e-01	0	0	2.560808e+00	1.585505e-01
TCGA-IC-A6RE-01A-11R-A336-31	1.650025e-01	1.752701e+00	4.241843e+00	1.172227e+00	4.389454e-01	1.324803e-01	8.396291e-01	1.886000e+00	0
TCGA-IC-A6RF-11A-21R-A336-31	1.517888e+00	1.138976e+00	0	0	1.535004e+00	0	0	2.531613e+00	1.330534e+00
TCGA-IC-A6RF-01A-13R-A336-31	9.761230e-01	9.112431e-01	5.134215e-01	8.651620e-01	8.396465e-01	0	0	1.935199e+00	2.508428e+00
TCGA-IG-A3I8-11A-11R-A24K-31	1.027683e-02	3.900395e+00	0	0	0	0	2.872263e-02	3.456855e+00	6.140715e-01
TCGA-IG-A3I8-01A-11R-A24K-31	2.877453e-01	1.423170e+00	2.947889e-01	3.044098e-01	1.025624e+00	0	0	8.250081e-01	1.768405e+00
TCGA-IG-A3QL-01A-11R-A24K-31	4.771807e-02	8.794079e-01	0	0	2.548799e+00	0	0	1.687600e+00	2.837648e+00
TCGA-IG-A3Y9-01A-12R-A24K-31	6.265744e-01	1.503861e+00	4.746914e-01	4.795350e-01	8.547858e-01	0	0	1.297471e+00	4.421102e+00
TCGA-IG-A3YA-01A-11R-A24K-31	5.719181e-01	2.523925e+00	7.061943e-01	1.221320e+00	1.661038e+00	0	0	8.624222e-01	1.315594e+00
TCGA-IG-A3YB-01A-11R-A36D-31	3.172022e-01	2.162918e+00	1.173178e-02	5.948415e-01	1.273865e+00	0	0	1.920251e+00	1.220238e+00
TCGA-IG-A3YC-01A-11R-A24K-31	1.028205e+00	1.841062e+00	1.232487e+00	1.699362e+00	8.758471e-01	0	2.351035e-01	8.044769e-01	1.932874e+00
TCGA-IG-A4P3-01A-11R-A260-31	9.803482e-01	1.716502e+00	1.356514e+00	1.773502e+00	1.907941e+00	0	0	7.150082e-01	6.711623e-01
TCGA-IG-A4QS-01A-11R-A260-31	5.920391e-01	5.405952e-01	4.256278e+00	7.456366e-01	5.890084e-01	0	2.104215e-01	2.199690e+00	7.059135e-01
TCGA-IG-A4QT-01A-21R-A260-31	0	2.622199e+00	1.004026e+00	2.457542e+00	1.312108e-02	0	0	3.033046e+00	0
TCGA-IG-A50L-01A-11R-A260-31	0	1.283841e+00	0	2.433781e-01	1.867979e+00	4.898927e-02	0	1.253922e+00	3.745939e+00
TCGA-IG-A51D-01A-11R-A36D-31	3.744795e-01	1.354385e+00	4.072006e-01	8.884077e-01	5.125238e-01	1.738255e-01	0	1.567226e+00	3.486460e+00
TCGA-IG-A5B8-01A-11R-A28J-31	8.025136e-01	1.341873e-02	3.458802e-01	2.418128e-01	0	5.844236e-02	0	2.449558e+00	4.712727e+00
TCGA-IG-A5S3-01A-11R-A28J-31	9.837540e-01	2.128356e+00	6.540849e-01	9.237453e-01	4.503595e-01	0	0	7.391306e-01	0
TCGA-IG-A625-01A-11R-A31P-31	6.363857e-01	1.803634e+00	1.845379e-01	7.813851e-01	2.859214e+00	0	0	1.173797e+00	5.169006e-01
TCGA-IG-A6QS-01A-12R-A336-31	1.777931e-02	6.573691e-01	3.480637e-02	8.842464e-01	2.759420e-01	0	0	2.397843e+00	4.646615e+00
TCGA-IG-A7DP-01A-31R-A336-31	0	2.846154e+00	3.004455e+00	2.384491e+00	2.363144e-01	0	2.058138e-01	1.674452e+00	0
TCGA-IG-A8O2-01A-11R-A36D-31	1.221789e-01	1.263985e+00	3.588063e-01	9.103879e-01	2.719785e+00	0	0	2.345226e+00	2.651284e-01
TCGA-IG-A97H-01A-11R-A38D-31	1.139054e-01	6.179597e-01	4.897353e-01	7.648389e-01	9.004705e-01	0	4.752777e-02	1.575512e+00	4.432325e+00
TCGA-IG-A97I-01A-11R-A38D-31	3.033839e-01	1.181013e+00	5.932736e-01	5.423732e-01	1.480501e+00	0	0	9.318537e-01	3.292722e+00
TCGA-JY-A6F8-01A-11R-A336-31	0	0	3.122349e+00	0	1.665988e-01	0	1.250248e+00	3.229610e+00	0
TCGA-JY-A6FA-01A-11R-A336-31	7.570955e-01	4.313870e-01	3.367692e-01	1.334034e-01	2.395964e+00	1.047343e-01	0	1.727089e+00	1.373920e+00
TCGA-JY-A6FB-01A-11R-A336-31	0	6.257440e-01	3.916394e+00	1.487595e-01	2.935952e-01	0	9.236914e-01	2.212193e+00	0
TCGA-JY-A6FD-01A-11R-A336-31	1.118070e+00	5.979954e-01	7.354977e-01	8.328573e-01	1.641359e-01	3.216320e-01	0	1.665694e+00	3.337787e+00
TCGA-JY-A6FE-01A-11R-A336-31	0	1.471864e+00	2.788783e-01	1.100209e+00	2.034885e-01	0	0	2.929204e+00	1.744105e+00
TCGA-JY-A6FG-01A-11R-A336-31	1.271239e+00	9.971283e-02	0	0	9.055648e-02	0	2.053652e-02	2.674047e+00	4.229625e+00
TCGA-JY-A6FH-01A-11R-A336-31	5.213661e-01	4.930697e-01	3.916502e+00	1.705950e-01	3.860937e-01	7.333052e-02	3.251052e-01	1.771932e+00	0
TCGA-JY-A938-01A-11R-A37I-31	3.696728e-01	1.535144e+00	4.346720e+00	1.431775e+00	3.887843e-01	0	0	1.233663e+00	1.695239e-01
TCGA-JY-A939-01A-12R-A37I-31	0	2.203694e+00	2.816134e+00	1.484486e+00	2.118670e-01	8.934587e-02	1.941583e+00	1.721922e+00	0
TCGA-JY-A93C-01A-11R-A38D-31	1.631651e-01	1.278857e+00	4.674623e+00	6.140604e-01	9.264680e-01	2.170791e-02	1.889211e-01	1.478610e+00	2.017421e-01
TCGA-JY-A93D-01A-11R-A38D-31	0	2.755499e+00	3.418134e+00	1.399484e+00	3.986223e-01	1.030450e-01	7.866705e-01	1.007405e+00	0
TCGA-JY-A93E-01A-11R-A37I-31	5.007858e-03	2.248484e+00	3.781110e+00	1.575590e+00	4.304607e-01	0	6.855377e-01	9.905504e-01	0
TCGA-JY-A93F-01A-21R-A37I-31	1.038762e+00	0	0	0	0	1.769230e-01	0	2.543956e+00	4.456688e+00
TCGA-KH-A6WC-01A-11R-A336-31	1.961648e+00	1.003208e+00	0	1.994248e-01	1.012989e+00	0	0	2.334951e+00	1.018558e+00
TCGA-L5-A43C-11A-11R-A24K-31	0	2.111179e+00	2.784692e-02	3.188973e-01	1.677235e-01	0	3.159825e+00	2.852447e+00	0
TCGA-L5-A43C-01A-11R-A24K-31	0	2.058463e+00	4.306227e+00	1.427189e+00	1.746277e-01	0	3.255007e-01	1.353601e+00	9.876600e-01
TCGA-L5-A43E-01A-11R-A24K-31	0	4.567354e-01	4.685008e+00	5.938664e-01	4.525843e-01	0	6.756521e-01	1.970374e+00	0
TCGA-L5-A43H-01A-11R-A24K-31	3.864169e-01	1.460853e+00	9.863731e-01	8.978637e-01	2.372064e+00	0	1.132337e-01	7.956809e-01	1.907852e+00
TCGA-L5-A43I-01A-11R-A24K-31	0	4.962177e-01	4.049438e+00	3.643437e-01	4.473957e-01	3.981774e-01	1.031623e+00	1.809353e+00	0
TCGA-L5-A43J-01A-12R-A24K-31	0	1.279153e+00	4.702069e-01	2.891278e-01	8.171524e-01	0	7.799791e-02	1.274635e+00	3.356053e+00
TCGA-L5-A43M-01A-11R-A24K-31	0	1.582222e+00	2.821326e+00	1.047982e+00	5.433187e-01	9.097802e-03	1.939387e+00	1.222548e+00	1.005989e-01
TCGA-L5-A4OE-01A-11R-A260-31	1.142750e+00	6.708232e-01	3.914996e+00	8.362949e-01	3.089692e-01	0	0	1.463917e+00	1.828923e+00
TCGA-L5-A4OF-11A-12R-A260-31	0	1.848173e+00	4.956652e-01	0	5.167194e-01	0	2.946822e+00	1.968821e+00	4.422532e-01
TCGA-L5-A4OF-01A-11R-A260-31	0	1.584488e+00	3.825290e+00	8.828733e-01	6.436191e-02	1.477503e+00	5.880064e-01	1.322217e+00	2.958619e-01
TCGA-L5-A4OG-11A-12R-A260-31	0	2.565443e+00	7.158303e-01	7.797823e-01	7.086022e-01	0	2.876599e+00	1.780689e+00	2.911606e-02
TCGA-L5-A4OG-01A-11R-A260-31	8.372101e-01	7.880821e-01	3.714030e+00	1.058582e+00	2.650448e-01	0	4.958000e-01	1.115092e+00	1.121316e+00
TCGA-L5-A4OH-01A-11R-A260-31	0	5.837441e-01	4.617249e+00	1.305084e-01	3.398035e-01	4.781328e-01	0	2.122648e+00	3.872933e-01
TCGA-L5-A4OI-01A-11R-A36D-31	0	4.280818e-01	4.765729e+00	1.591677e-01	2.685853e-01	0	0	2.179666e+00	0
TCGA-L5-A4OJ-11A-12R-A260-31	6.304721e-01	2.284449e+00	2.535229e-01	4.249189e-01	3.789165e-01	0	2.407295e+00	1.610937e+00	0
TCGA-L5-A4OJ-01A-11R-A260-31	0	4.125926e-01	4.280858e+00	5.701553e-01	2.607058e-01	1.060952e-01	1.049663e+00	2.075087e+00	0
TCGA-L5-A4OM-11A-11R-A260-31	8.237055e-01	2.020863e+00	2.000491e+00	6.605062e-01	6.966465e-01	0	2.074870e+00	1.235250e+00	1.746819e-01
TCGA-L5-A4OM-01A-11R-A260-31	7.598584e-01	1.220355e+00	6.217295e-01	4.961579e-01	1.265346e+00	6.924521e-02	8.682388e-03	4.958298e-01	1.235487e+00
TCGA-L5-A4ON-01A-11R-A260-31	3.220079e-01	8.681930e-01	4.697984e+00	3.475388e-01	6.133808e-01	1.899449e-03	4.190194e-01	1.327510e+00	8.810336e-01
TCGA-L5-A4OO-11A-12R-A260-31	0	3.461886e+00	0	0	2.482031e-01	0	2.367760e+00	2.507295e+00	0
TCGA-L5-A4OO-01A-11R-A260-31	0	2.150255e+00	3.636913e+00	1.653404e+00	8.252275e-01	0	5.212209e-01	4.619501e-01	2.414273e-01
TCGA-L5-A4OP-01A-11R-A260-31	7.420360e-02	9.084599e-01	4.528241e+00	3.625901e-01	3.307543e-01	1.524644e-01	0	1.905068e+00	6.940156e-01
TCGA-L5-A4OQ-11A-12R-A260-31	0	4.147422e+00	0	7.221756e-02	0	0	1.804615e-01	3.027078e+00	1.075755e-01
TCGA-L5-A4OQ-01A-11R-A260-31	6.757321e-02	1.485107e+00	4.366004e+00	1.362284e+00	0	1.273613e+00	2.184946e-02	1.552202e+00	8.735956e-01
TCGA-L5-A4OR-11A-11R-A260-31	2.149115e-01	1.856388e+00	1.748751e-01	3.541636e-01	4.319363e-01	0	3.117979e+00	2.482059e+00	1.180689e-01
TCGA-L5-A4OR-01A-11R-A260-31	0	9.718711e-01	4.336504e+00	5.584973e-01	5.595000e-01	2.169768e-01	7.762842e-01	1.449936e+00	0
TCGA-L5-A4OS-01A-11R-A28J-31	0	1.620194e+00	3.736651e+00	1.558817e+00	0	1.268009e+00	0	1.586643e+00	6.872718e-01
TCGA-L5-A4OT-01A-11R-A28J-31	0	2.119280e+00	3.383450e+00	1.200289e+00	3.070711e-01	0	1.218444e+00	1.002537e+00	0
TCGA-L5-A4OU-01A-11R-A28J-31	6.082570e-02	1.900801e+00	3.753713e+00	1.943228e+00	5.233007e-01	0	4.407372e-01	8.905076e-01	2.557393e-01
TCGA-L5-A4OW-01A-11R-A28J-31	3.661082e-01	1.126096e+00	4.686064e+00	9.947909e-01	6.211695e-01	7.356572e-02	3.387948e-01	9.419311e-01	6.417807e-02
TCGA-L5-A4OX-01A-21R-A28J-31	0	7.958831e-01	4.405792e+00	4.817872e-01	4.002572e-01	0	1.165527e-01	1.622698e+00	0
TCGA-L5-A88S-01A-11R-A36D-31	4.717447e-01	2.544809e+00	6.468396e-02	4.597371e-01	4.945120e-01	0	0	1.981822e+00	3.461252e+00
TCGA-L5-A88T-01A-11R-A354-31	1.721220e+00	1.778876e+00	1.982196e+00	6.537969e-01	8.452610e-01	0	1.164125e-01	1.882211e+00	4.798789e-01
TCGA-L5-A88V-01A-11R-A354-31	7.488275e-01	5.735849e-01	3.334208e+00	3.439589e-01	5.639878e-01	0	4.482596e-01	1.733708e+00	1.932862e-01
TCGA-L5-A88W-01A-11R-A354-31	6.243050e-01	0	0	0	1.190446e-01	0	0	2.651786e+00	5.493833e+00
TCGA-L5-A88Y-01A-11R-A354-31	1.072513e+00	1.244701e+00	4.287450e+00	1.001458e+00	5.973429e-01	0	3.668124e-02	1.531201e+00	1.384213e+00
TCGA-L5-A88Z-01A-11R-A36D-31	7.472025e-01	8.712678e-01	1.677519e-01	3.189038e-01	2.698909e+00	0	0	1.952464e+00	2.635882e+00
TCGA-L5-A891-01A-11R-A36D-31	0	5.677872e-01	3.380776e+00	0	1.708124e-01	0	0	2.357514e+00	4.528932e-01
TCGA-L5-A893-01A-11R-A36D-31	1.238642e+00	1.417183e+00	3.432232e+00	1.094991e+00	6.381726e-01	0	7.187042e-01	1.561028e+00	2.957831e-01
TCGA-L5-A8NE-01A-11R-A37I-31	0	5.083612e-01	3.810693e+00	2.611717e-01	1.725032e-01	1.593307e-01	1.116987e+00	1.940631e+00	1.103993e-02
TCGA-L5-A8NF-01A-11R-A37I-31	0	1.097708e+00	3.579730e+00	5.168602e-01	2.076497e-01	3.299576e-01	1.469151e+00	1.593128e+00	0
TCGA-L5-A8NG-01A-11R-A37I-31	1.876623e-01	1.972979e+00	4.577434e+00	1.226291e+00	6.560690e-01	1.255666e-01	4.333830e-01	6.055556e-01	0
TCGA-L5-A8NH-01A-11R-A37I-31	0	7.690686e-01	4.918493e+00	1.009142e+00	5.230578e-01	2.150139e-01	4.412124e-01	1.774632e+00	1.307739e-01
TCGA-L5-A8NI-01A-11R-A37I-31	0	1.608017e+00	3.284388e+00	5.113882e-01	1.624923e-01	8.061141e-02	1.001407e+00	1.323312e+00	1.792648e-01
TCGA-L5-A8NJ-01A-11R-A36D-31	1.812932e-01	1.262207e-01	4.171361e+00	4.220471e-01	5.610113e-01	0	4.327595e-01	2.053235e+00	0
TCGA-L5-A8NK-01A-21R-A37I-31	1.512021e+00	1.484352e+00	5.195033e-01	5.601758e-01	8.852175e-01	2.016282e-01	0	1.278461e+00	1.455111e+00
TCGA-L5-A8NL-01A-12R-A37I-31	0	2.377955e+00	2.780674e+00	8.734429e-01	2.248873e-01	3.430435e-02	1.162577e+00	1.179631e+00	9.397218e-03
TCGA-L5-A8NM-01A-11R-A37I-31	0	6.543230e-01	4.915506e+00	9.926306e-01	1.160774e-01	0	1.455491e-01	1.676819e+00	2.127764e-01
TCGA-L5-A8NN-01A-11R-A37I-31	0	1.188861e+00	3.203358e+00	1.281692e+00	0	1.934855e+00	2.189418e-01	2.140192e+00	0
TCGA-L5-A8NQ-01A-11R-A36D-31	1.506877e+00	1.592153e+00	9.626204e-01	1.207463e+00	7.900708e-01	0	0	1.768621e+00	1.579154e+00
TCGA-L5-A8NR-01A-11R-A37I-31	0	1.220313e+00	4.571296e+00	3.839610e-01	1.591271e-01	0	0	1.155733e+00	1.888032e-01
TCGA-L5-A8NS-01A-12R-A37I-31	0	2.195483e+00	3.682628e+00	1.262990e+00	7.429916e-01	8.715103e-02	8.112986e-01	2.718459e-01	2.370841e-02
TCGA-L5-A8NT-01A-11R-A37I-31	1.882977e-01	2.350026e+00	3.582852e+00	9.899991e-01	6.616569e-01	0	5.052994e-01	4.026588e-01	3.655431e-01
TCGA-L5-A8NU-01A-11R-A36D-31	1.576292e-01	2.696900e+00	3.185038e+00	2.021595e+00	5.968558e-01	0	1.088633e+00	1.195641e+00	0
TCGA-L5-A8NV-01A-11R-A37I-31	6.912308e-01	1.809614e+00	3.690485e+00	1.437628e+00	6.510208e-01	0	1.161989e+00	1.081807e+00	2.820654e-01
TCGA-L5-A8NW-01A-11R-A37I-31	1.423169e+00	1.393704e+00	2.893458e+00	6.942130e-01	7.010487e-01	0	4.696173e-02	8.883706e-01	1.557726e+00
TCGA-L7-A56G-01A-21R-A260-31	1.348987e+00	1.013644e+00	5.989508e-01	5.280048e-01	5.220365e-01	0	0	9.453898e-01	1.548449e+00
TCGA-L7-A6VZ-01A-12R-A336-31	0	4.349242e-01	4.029506e+00	4.637829e-01	5.657608e-01	1.711915e-01	6.573651e-01	2.198498e+00	2.364876e-01
TCGA-LN-A49K-01A-11R-A24K-31	4.361109e-01	1.891896e+00	3.700011e-01	9.534566e-01	2.297908e+00	7.333649e-02	0	1.251839e+00	1.837062e+00
TCGA-LN-A49L-01A-11R-A24K-31	2.171613e-01	1.382082e+00	5.856199e-01	5.251969e-01	4.727787e-01	7.494143e-01	0	1.367858e+00	9.667051e-01
TCGA-LN-A49M-01A-21R-A260-31	5.923766e-01	6.023517e-01	0	0	6.637057e-01	0	0	1.551657e+00	5.258800e+00
TCGA-LN-A49N-01A-11R-A24K-31	3.544074e-01	2.283637e+00	5.260851e-01	8.511290e-01	1.669501e+00	0	0	3.001928e-01	2.920999e+00
TCGA-LN-A49O-01A-11R-A24K-31	0	7.637596e-01	1.676056e-01	4.979868e-01	0	0	0	1.529773e+00	4.204048e+00
TCGA-LN-A49P-01A-11R-A24K-31	4.767177e-01	1.982527e+00	9.628151e-01	1.244772e+00	2.115433e+00	0	0	1.161265e+00	1.384366e+00
TCGA-LN-A49R-01A-11R-A24K-31	3.535541e-01	1.428968e+00	6.908933e-01	1.008531e+00	2.132526e+00	0	0	1.299500e+00	3.270508e+00
TCGA-LN-A49S-01A-11R-A24K-31	1.472068e+00	1.048752e+00	1.265661e+00	1.122721e+00	1.195744e+00	2.088278e-01	1.065827e-01	1.428210e+00	6.721361e-01
TCGA-LN-A49U-01A-31R-A260-31	0	8.382207e-01	0	0	1.924628e+00	0	0	1.113355e+00	4.243274e+00
TCGA-LN-A49V-01A-11R-A24K-31	0	1.164488e+00	1.611959e-01	0	2.309626e-01	7.161138e-02	0	1.530762e+00	4.940553e-01
TCGA-LN-A49W-01A-11R-A260-31	1.708818e-01	2.178084e+00	9.134728e-01	1.445280e+00	6.818711e-01	1.387880e-01	0	8.091213e-01	2.681577e+00
TCGA-LN-A49X-01A-31R-A260-31	3.688739e-02	1.930114e+00	2.543348e-01	5.374440e-01	8.393115e-01	0	0	1.020500e+00	3.515638e+00
TCGA-LN-A49Y-01A-11R-A260-31	4.157032e-01	9.931750e-01	0	3.692137e-01	1.433723e+00	1.731393e-01	2.219603e-01	1.686968e+00	2.121926e+00
TCGA-LN-A4A1-01A-21R-A260-31	3.857868e-01	7.905522e-01	0	0	6.722029e-01	0	0	1.409614e+00	4.953615e+00
TCGA-LN-A4A2-01A-31R-A260-31	0	8.864657e-01	0	0	1.961800e+00	0	0	8.952409e-01	3.849131e+00
TCGA-LN-A4A3-01A-11R-A260-31	1.018402e+00	7.840577e-01	5.303487e-01	7.168929e-01	5.305768e-01	2.995303e-01	0	1.155044e+00	3.009446e+00
TCGA-LN-A4A4-01A-11R-A260-31	3.299280e-01	1.505738e+00	0	0	2.200478e+00	1.389003e-02	0	8.472596e-01	2.784404e+00
TCGA-LN-A4A5-01A-21R-A260-31	0	2.610558e+00	4.751572e-01	6.045775e-01	7.978571e-01	1.479194e-01	0	7.524151e-01	2.005497e+00
TCGA-LN-A4A6-01A-11R-A260-31	2.523159e-02	6.670431e-01	4.370272e-01	2.520802e-01	1.412046e+00	2.539927e-01	0	1.099902e+00	3.084586e+00
TCGA-LN-A4A8-01A-32R-A260-31	1.897823e-01	1.654381e+00	1.098888e+00	1.092183e+00	1.176163e+00	1.605524e-01	0	2.938353e-01	9.206884e-01
TCGA-LN-A4A9-01A-11R-A28J-31	2.752443e-01	1.591204e+00	3.805656e-01	6.959928e-01	4.553028e-01	0	0	1.166898e+00	4.614312e+00
TCGA-LN-A4MQ-01A-11R-A28J-31	7.919034e-01	1.373369e+00	0	0	2.702765e+00	1.179261e-01	0	1.138717e+00	1.089140e+00
TCGA-LN-A4MR-01A-11R-A28J-31	6.639956e-01	1.295179e+00	1.053616e+00	5.678431e-01	8.931463e-01	0	0	8.843259e-01	3.955699e+00
TCGA-LN-A5U5-01A-21R-A28J-31	3.405569e-01	1.114919e+00	1.608654e+00	1.430640e+00	1.960670e+00	2.370667e-01	9.741820e-02	1.532847e+00	1.068507e+00
TCGA-LN-A5U6-01A-11R-A28J-31	0	1.195593e+00	0	2.497664e-01	1.712040e+00	0	2.690147e-02	1.226093e+00	3.759577e+00
TCGA-LN-A5U7-01A-11R-A31P-31	0	5.023441e-01	0	2.062507e-01	1.852407e+00	7.217638e-04	0	1.389838e+00	4.046514e+00
TCGA-LN-A7HV-01A-21R-A354-31	1.633701e-01	7.755408e-01	0	2.215299e-01	1.174466e+00	0	0	2.327071e+00	3.541344e+00
TCGA-LN-A7HW-01A-22R-A354-31	1.203481e-01	1.279447e+00	0	0	2.589528e+00	0	0	1.150753e+00	3.655797e+00
TCGA-LN-A7HX-01A-11R-A336-31	4.863802e-01	4.917773e-01	3.304248e-01	1.457135e-01	1.453715e+00	0	0	1.595286e+00	4.129852e+00
TCGA-LN-A7HY-01A-12R-A354-31	5.194181e-01	2.052039e+00	6.807273e-01	8.311516e-01	5.559998e-01	6.965281e-02	0	1.606991e+00	1.861768e+00
TCGA-LN-A7HZ-01A-31R-A354-31	0	1.247439e+00	1.014908e-01	1.238161e+00	2.932229e+00	0	0	2.151511e+00	1.924483e+00
TCGA-LN-A8HZ-01A-11R-A36D-31	5.936246e-01	6.967325e-01	3.116645e-01	3.917917e-01	2.530484e+00	1.064478e-01	0	1.326005e+00	2.436266e+00
TCGA-LN-A8I0-01A-11R-A36D-31	5.064163e-01	7.599881e-01	4.363875e-01	5.825965e-01	2.165607e+00	0	0	1.853766e+00	3.640610e+00
TCGA-LN-A8I1-01A-11R-A36D-31	5.427433e-01	9.986865e-01	8.125106e-01	1.514344e+00	1.738292e+00	6.090867e-03	0	1.694801e+00	1.817851e+00
TCGA-LN-A9FO-01A-11R-A38D-31	5.519361e-01	1.115329e+00	1.173976e+00	1.220794e+00	4.107687e-01	3.139284e-01	0	1.209192e+00	2.115421e+00
TCGA-LN-A9FP-01A-31R-A38D-31	1.728215e-01	3.338137e+00	9.884379e-02	7.623348e-01	1.359410e+00	0	1.459703e-01	1.329396e+00	1.007733e+00
TCGA-LN-A9FQ-01A-31R-A38D-31	9.644146e-02	1.524182e+00	2.365615e-01	1.250587e-01	2.757824e+00	0	0	1.192006e+00	2.675357e+00
TCGA-LN-A9FR-01A-11R-A38D-31	0	1.616527e+00	5.131281e-01	2.841030e-01	1.565318e+00	0	0	8.432942e-01	3.050163e+00
TCGA-M9-A5M8-01A-11R-A28J-31	6.088461e-01	8.788692e-01	4.228200e+00	7.338638e-01	5.360141e-01	0	4.269262e-01	9.577371e-01	1.675303e-01
TCGA-Q9-A6FU-01A-11R-A31P-31	1.583864e-01	1.219475e+00	2.587656e-01	4.264090e-01	1.509104e+00	0	2.899141e-02	6.548623e-01	3.368302e+00
TCGA-Q9-A6FW-01A-31R-A31P-31	1.449185e+00	1.394742e+00	3.543343e+00	1.016182e+00	5.628127e-01	0	4.252689e-01	1.052943e+00	7.825251e-01
TCGA-R6-A6DN-01B-11R-A31P-31	0	4.765913e-01	2.594949e+00	4.341683e-01	0	3.750003e-02	0	1.696361e+00	6.543125e-01
TCGA-R6-A6DQ-01B-11R-A31P-31	0	1.370093e+00	4.096145e+00	1.554640e+00	4.567473e-01	4.549237e-01	9.765724e-01	1.212209e+00	2.072699e-01
TCGA-R6-A6KZ-01A-11R-A31P-31	0	1.723625e+00	3.786107e+00	1.216204e+00	3.075186e-01	1.234519e+00	2.710261e-01	1.265964e+00	1.195445e-01
TCGA-R6-A6L4-01A-11R-A31P-31	1.586366e+00	4.267590e-01	3.251479e+00	0	4.897868e-01	0	5.286122e-03	1.982370e+00	9.000795e-01
TCGA-R6-A6L6-01B-11R-A336-31	1.187896e+00	7.497879e-01	3.416475e+00	6.011769e-01	2.689279e-01	0	0	2.200957e+00	1.586030e+00
TCGA-R6-A6XG-01B-11R-A336-31	0	0	3.265720e+00	0	2.706042e-01	2.702179e-01	9.836638e-01	3.010275e+00	0
TCGA-R6-A6XQ-01B-11R-A336-31	1.349619e+00	1.413689e-01	2.463060e+00	0	0	2.744375e-01	2.745974e-01	1.903025e+00	8.150263e-01
TCGA-R6-A6Y0-01B-11R-A336-31	1.656068e+00	6.446144e-01	2.939414e+00	6.252350e-01	6.471315e-01	0	4.108069e-02	1.851257e+00	1.223574e+00
TCGA-R6-A6Y2-01B-11R-A336-31	2.240968e-03	1.810015e+00	3.072340e+00	6.998474e-01	4.146774e-01	0	1.545446e-01	1.124011e+00	8.382901e-01
TCGA-R6-A8W5-01B-11R-A37I-31	4.474603e-02	1.110182e+00	3.903074e+00	9.747083e-01	3.468880e-01	3.914667e-01	6.865632e-01	9.682812e-01	4.041102e-01
TCGA-R6-A8W8-01B-11R-A37I-31	7.797210e-01	4.380832e-01	4.544526e+00	5.222352e-01	4.890157e-01	0	0	1.801111e+00	5.934269e-01
TCGA-R6-A8WC-01A-11R-A37I-31	0	2.064277e-01	4.616127e+00	0	1.468086e-01	3.096233e-01	0	1.978151e+00	0
TCGA-R6-A8WG-01A-11R-A37I-31	0	1.447394e+00	3.399828e+00	1.108793e+00	0	1.226117e+00	1.378210e-01	1.371964e+00	0
TCGA-RE-A7BO-01A-11R-A336-31	0	3.560374e-01	5.193342e+00	3.489161e-01	1.228048e-01	0	0	2.760121e+00	3.993506e-01
TCGA-S8-A6BV-01A-21R-A31P-31	5.597529e-01	1.509011e+00	3.926391e+00	6.006391e-01	7.014977e-01	0	3.238556e-01	1.668338e+00	9.275412e-01
TCGA-S8-A6BW-01A-11R-A31P-31	1.827069e-01	1.252520e+00	2.066195e-01	3.356055e-02	2.506257e+00	0	0	8.958527e-01	3.295319e+00
TCGA-V5-A7RB-01A-11R-A354-31	1.041945e+00	6.110588e-01	3.937734e+00	3.853414e-01	5.223425e-01	1.319656e-03	0	1.806159e+00	8.252000e-01
TCGA-V5-A7RC-06A-11R-A406-31	1.308686e-01	1.250913e+00	1.971079e-01	4.251799e-01	2.633802e+00	2.323996e-01	1.413912e-01	1.520179e+00	7.437937e-01
TCGA-V5-A7RC-01B-11R-A406-31	2.412644e-01	8.826288e-01	0	6.847081e-02	2.500829e+00	1.305155e-01	0	1.363356e+00	2.794489e+00
TCGA-V5-A7RE-01A-11R-A354-31	0	0	4.231060e+00	2.373861e-01	3.633157e-01	8.705775e-02	7.410055e-01	2.132165e+00	2.810256e-02
TCGA-V5-AASV-01A-11R-A38D-31	4.319164e-01	7.395614e-01	3.645682e-01	9.865722e-01	4.578797e-01	1.051808e-01	0	1.548072e+00	2.759153e+00
TCGA-V5-AASW-01A-11R-A406-31	0	1.277531e-01	5.141213e+00	3.042373e-01	3.638530e-01	0	0	1.830834e+00	0
TCGA-V5-AASX-01A-11R-A38D-31	0	9.464841e-01	4.850377e+00	7.538762e-01	4.766305e-01	0	4.844697e-01	1.462273e+00	0
TCGA-VR-A8EO-01A-11R-A36D-31	0	1.475810e+00	3.832763e-01	7.370237e-01	2.186084e-01	0	1.604673e-01	1.180181e+00	0
TCGA-VR-A8EP-01A-31R-A406-31	1.265407e+00	8.764877e-01	4.913722e-01	2.044158e-01	1.271569e+00	5.341059e-01	0	1.381219e+00	1.278165e+00
TCGA-VR-A8EQ-01A-11R-A36D-31	0	2.675685e-01	3.994598e+00	1.054133e+00	2.001618e-01	0	1.131987e+00	2.410199e+00	3.187633e-01
TCGA-VR-A8ER-01A-11R-A36D-31	3.427083e-01	1.059329e+00	6.416955e-01	4.912745e-01	2.566759e+00	0	0	1.261546e+00	2.157002e+00
TCGA-VR-A8ET-01A-11R-A406-31	1.244786e+00	3.009958e-01	1.391738e+00	1.613703e-01	2.290794e-01	2.397716e-01	7.140068e-02	1.428176e+00	3.608300e+00
TCGA-VR-A8EU-01A-11R-A36D-31	4.903369e-01	7.502613e-01	1.425636e-01	6.389962e-01	8.754461e-01	0	0	1.721859e+00	4.700902e+00
TCGA-VR-A8EW-01A-11R-A36D-31	8.824739e-01	5.720087e-01	2.397480e-01	4.010047e-01	2.164594e+00	7.712088e-02	0	1.522463e+00	2.426812e+00
TCGA-VR-A8EX-01A-11R-A36D-31	1.438530e+00	6.228290e-01	8.830003e-01	1.052114e+00	1.449177e+00	1.424640e-01	4.084217e-02	1.642641e+00	9.659469e-01
TCGA-VR-A8EY-01A-11R-A36D-31	1.277424e-01	1.038180e-01	0	0	1.634103e+00	0	0	2.420599e+00	4.030360e+00
TCGA-VR-A8EZ-01A-11R-A36D-31	0	1.112881e+00	1.206362e-01	6.717436e-01	2.688017e+00	0	0	2.265818e+00	2.182175e+00
TCGA-VR-A8Q7-01A-11R-A37I-31	0	8.709112e-01	1.565887e+00	8.239981e-01	0	5.997994e-01	0	1.361780e+00	1.639814e+00
TCGA-VR-AA4D-01A-11R-A37I-31	0	1.207717e-01	4.255714e+00	0	3.296462e-01	1.502884e-01	0	2.271276e+00	0
TCGA-VR-AA4G-01A-11R-A37I-31	3.524748e-01	1.339100e+00	6.867416e-01	1.036767e+00	1.284432e+00	0	1.961184e-02	8.417209e-01	3.346929e+00
TCGA-VR-AA7B-01A-31R-A406-31	1.157106e-01	1.571292e+00	1.172137e+00	1.358593e-01	7.804896e-01	3.245167e-01	0	4.176247e-01	2.546904e+00
TCGA-VR-AA7D-01A-11R-A406-31	0	7.233187e-01	2.878209e-01	9.860748e-01	2.329290e-01	0	0	1.621328e+00	4.109250e+00
TCGA-VR-AA7I-01A-11R-A406-31	4.464354e-01	1.620038e+00	3.765917e-01	8.912879e-01	9.936069e-01	0	0	1.106118e+00	3.870285e+00
TCGA-X8-AAAR-01A-11R-A406-31	7.332579e-01	1.749179e+00	4.228644e+00	1.251903e+00	3.945624e-01	0	3.268234e-01	1.223701e+00	0
TCGA-XP-A8T6-01A-11R-A36D-31	9.091988e-01	1.656769e+00	5.492223e-01	7.528779e-01	2.341607e+00	4.164878e-02	0	1.507036e+00	1.737335e+00
TCGA-XP-A8T8-01A-11R-A36D-31	6.609750e-01	3.073112e-01	3.948290e-01	4.706803e-01	2.337461e+00	0	0	1.501487e+00	2.223682e+00
TCGA-Z6-A8JD-01A-11R-A36D-31	3.769198e-01	1.401089e+00	6.862711e-01	8.504806e-01	3.901699e-01	1.329167e-01	0	1.196058e+00	3.686986e+00
TCGA-Z6-A8JE-01A-11R-A37I-31	3.571560e-01	1.459747e+00	1.255500e+00	6.495927e-01	1.113947e+00	6.884674e-02	2.130159e-01	4.015489e-01	1.418791e+00
TCGA-Z6-A9VB-01A-21R-A37I-31	7.796169e-01	6.675701e-01	3.599109e-01	5.590573e-01	2.558502e+00	0	0	1.370805e+00	1.744016e+00
TCGA-Z6-AAPN-01A-11R-A406-31	6.952890e-01	7.115632e-01	1.228801e+00	1.188199e+00	2.270599e-01	2.364426e-01	0	1.518026e+00	3.249493e+00
TCGA-ZR-A9CJ-01B-11R-A38D-31	0	1.721335e+00	3.060280e+00	4.038911e-01	0	2.209812e-01	0	1.427290e+00	1.401424e+00
