sampleID	D9.8_REACTOME-GABA-A-RECEPTOR-ACTIVATION	D8.3_GNF2-BUB1	D9.4_MIPS-40S-RIBOSOMAL-SUBUNIT-CYTOPLASMIC	D9.2_GCM-AQP4	D6.3_GNF2-CDH11
TCGA-02-0047-01A-01R-1849-01	6.649203e-01	1.610815e+00	5.032917e-01	2.058790e+00	1.901289e+00
TCGA-02-0055-01A-01R-1849-01	5.079648e-01	0	1.210685e+00	7.225177e-01	3.028535e+00
TCGA-02-2483-01A-01R-1849-01	2.029695e-01	2.570367e+00	1.317112e+00	7.715280e-01	1.683653e+00
TCGA-02-2485-01A-01R-1849-01	7.142748e-01	1.268306e+00	6.087691e-01	2.276175e+00	6.413742e-01
TCGA-02-2486-01A-01R-1849-01	0	0	1.336286e+00	2.205023e+00	2.156750e+00
TCGA-06-0125-01A-01R-1849-01	4.792643e-01	1.126920e+00	4.886645e-01	1.127575e+00	8.702677e-01
TCGA-06-0125-02A-11R-2005-01	7.477093e-01	5.295676e-01	3.092106e-01	1.822956e+00	1.728711e+00
TCGA-06-0129-01A-01R-1849-01	9.293241e-02	2.554911e+00	4.297196e-01	2.388508e+00	1.793855e+00
TCGA-06-0130-01A-01R-1849-01	0	0	7.817668e-01	1.050422e+00	3.412560e+00
TCGA-06-0132-01A-02R-1849-01	1.258235e+00	2.482881e-02	1.073050e+00	2.107183e+00	1.427905e+00
TCGA-06-0138-01A-02R-1849-01	5.308737e-01	1.361216e+00	1.447313e+00	1.893316e+00	1.112422e+00
TCGA-06-0141-01A-01R-1849-01	4.888123e-01	1.885164e-01	1.199328e+00	1.908764e+00	1.886539e+00
TCGA-06-0152-02A-01R-2005-01	8.418596e-01	8.393806e-01	4.475150e-01	6.828445e-01	1.195410e+00
TCGA-06-0156-01A-03R-1849-01	2.543787e-01	1.831187e+00	1.108549e+00	2.221769e+00	1.971590e+00
TCGA-06-0157-01A-01R-1849-01	2.982951e-01	1.400410e+00	6.274768e-01	2.325015e+00	1.011018e+00
TCGA-06-0158-01A-01R-1849-01	5.727354e-01	9.880947e-01	3.996282e-01	1.942090e+00	1.277195e+00
TCGA-06-0168-01A-01R-1849-01	9.161566e-01	3.173911e-01	7.440553e-01	2.112330e+00	1.463941e+00
TCGA-06-0171-02A-11R-2005-01	3.328897e-01	0	3.270971e-01	1.899155e+00	3.263431e+00
TCGA-06-0174-01A-01R-1849-01	4.805073e-01	2.684710e+00	1.049438e+00	7.085802e-01	1.203205e+00
TCGA-06-0178-01A-01R-1849-01	2.229946e-01	2.024007e+00	2.336176e+00	2.004735e+00	9.924268e-01
TCGA-06-0184-01A-01R-1849-01	1.958699e-01	3.955919e-02	1.248403e+00	1.464533e+00	1.544937e+00
TCGA-06-0187-01A-01R-1849-01	0	6.483337e-01	6.603366e-01	1.976648e+00	1.199811e+00
TCGA-06-0190-01A-01R-1849-01	1.699809e-01	7.511938e-01	8.755785e-01	6.479408e-01	2.385688e+00
TCGA-06-0190-02A-01R-2005-01	0	0	6.602383e-01	3.903602e-01	3.643014e+00
TCGA-06-0210-01A-01R-1849-01	6.273132e-02	6.555623e-01	1.093117e+00	8.323033e-01	1.862002e+00
TCGA-06-0210-02A-01R-2005-01	0	1.436350e+00	6.270311e-01	1.634430e+00	2.421949e+00
TCGA-06-0211-01B-01R-1849-01	6.699550e-01	9.684535e-01	9.179030e-01	7.382404e-01	2.642985e-01
TCGA-06-0211-02A-02R-2005-01	4.862257e-01	1.096185e+00	1.093843e+00	7.541199e-01	1.332488e+00
TCGA-06-0219-01A-01R-1849-01	7.630560e-01	3.818088e-01	2.183725e+00	1.907259e+00	2.363641e-01
TCGA-06-0221-02A-11R-2005-01	1.392316e+00	1.507970e+00	1.799703e-01	1.887722e+00	1.180777e+00
TCGA-06-0238-01A-02R-1849-01	6.862509e-01	1.939817e+00	1.499570e+00	1.695598e+00	1.403933e+00
TCGA-06-0644-01A-02R-1849-01	0	0	1.162960e+00	1.870210e-01	2.725972e+00
TCGA-06-0645-01A-01R-1849-01	4.240212e-01	9.864670e-01	9.125503e-01	9.258816e-01	1.963972e+00
TCGA-06-0646-01A-01R-1849-01	4.339393e-01	1.673773e+00	5.794439e-01	1.682477e+00	1.789222e+00
TCGA-06-0649-01B-01R-1849-01	3.426408e-01	8.970412e-01	8.396942e-01	3.129958e+00	2.031117e+00
TCGA-06-0675-11A-32R-A36H-07	2.293518e+00	0	3.109820e-01	2.053051e+00	4.217014e-01
TCGA-06-0678-11A-32R-A36H-07	2.205626e+00	0	3.934684e-01	1.471338e+00	5.222350e-01
TCGA-06-0680-11A-32R-A36H-07	2.341685e+00	0	2.776642e-01	2.050267e+00	2.993352e-01
TCGA-06-0681-11A-41R-A36H-07	2.218328e+00	0	5.548471e-01	1.709394e+00	3.593124e-01
TCGA-06-0686-01A-01R-1849-01	5.567961e-01	2.335434e+00	1.155180e+00	7.236642e-01	1.497247e+00
TCGA-06-0743-01A-01R-1849-01	4.095879e-01	8.300452e-01	7.853100e-01	2.448368e+00	7.870422e-01
TCGA-06-0744-01A-01R-1849-01	5.306294e-01	1.171926e+00	1.114834e+00	1.244380e+00	4.825519e-01
TCGA-06-0745-01A-01R-1849-01	7.553032e-02	1.858530e+00	1.570153e+00	7.702181e-01	1.035681e+00
TCGA-06-0747-01A-01R-1849-01	6.100661e-01	4.531086e-01	6.071185e-01	1.619170e+00	6.441220e-01
TCGA-06-0749-01A-01R-1849-01	1.204537e+00	2.289168e-01	1.115164e+00	2.561267e+00	6.357759e-01
TCGA-06-0750-01A-01R-1849-01	2.949712e-01	8.153694e-01	1.126185e+00	1.471289e+00	1.606510e+00
TCGA-06-0878-01A-01R-1849-01	1.442337e-01	3.841968e-01	7.155919e-01	1.492375e+00	1.555912e+00
TCGA-06-0882-01A-01R-1849-01	8.928002e-01	1.441449e-01	7.372748e-01	1.945291e+00	1.216952e+00
TCGA-06-1804-01A-01R-1849-01	8.443489e-01	3.857739e-01	0	3.746499e+00	1.106305e+00
TCGA-06-2557-01A-01R-1849-01	3.109165e-01	9.697136e-01	5.809529e-01	1.960102e+00	1.515905e+00
TCGA-06-2558-01A-01R-1849-01	6.871694e-01	1.940015e+00	1.006421e+00	1.698617e+00	1.362239e+00
TCGA-06-2559-01A-01R-1849-01	4.473286e-01	1.897042e+00	8.011769e-01	1.116507e+00	1.374304e+00
TCGA-06-2561-01A-02R-1849-01	9.008837e-01	1.027143e-01	6.136355e-01	2.231856e+00	1.115725e+00
TCGA-06-2562-01A-01R-1849-01	7.492863e-01	3.539480e-01	8.209342e-01	5.357819e-01	1.244654e+00
TCGA-06-2563-01A-01R-1849-01	7.795366e-01	4.897875e-02	8.776240e-01	6.883188e-01	1.619396e-01
TCGA-06-2564-01A-01R-1849-01	4.567896e-01	8.150887e-01	5.661329e-01	1.419845e+00	1.139959e+00
TCGA-06-2565-01A-01R-1849-01	3.528163e-01	9.181536e-01	5.749936e-01	1.270739e+00	7.850164e-01
TCGA-06-2567-01A-01R-1849-01	4.072872e-01	5.405509e-01	4.324312e-01	3.421899e+00	1.749968e+00
TCGA-06-2569-01A-01R-1849-01	2.688171e-01	0	6.908189e-01	1.208904e+00	2.751256e+00
TCGA-06-2570-01A-01R-1849-01	3.752981e-01	2.486451e+00	8.049749e-01	1.388160e+00	1.795348e+00
TCGA-06-5408-01A-01R-1849-01	4.031624e-01	1.239879e+00	7.796829e-01	1.497688e+00	1.020330e+00
TCGA-06-5410-01A-01R-1849-01	4.328387e-01	0	1.224336e+00	1.026091e+00	2.411562e+00
TCGA-06-5411-01A-01R-1849-01	1.358016e+00	9.321936e-01	1.322752e+00	1.333477e+00	8.613449e-01
TCGA-06-5412-01A-01R-1849-01	4.426011e-01	0	1.217738e+00	1.114427e+00	1.534089e+00
TCGA-06-5413-01A-01R-1849-01	1.978036e-01	1.645661e+00	1.216781e+00	1.964005e+00	1.443542e+00
TCGA-06-5414-01A-01R-1849-01	0	5.679194e-01	9.817997e-01	7.031737e-01	1.103814e+00
TCGA-06-5415-01A-01R-1849-01	8.982366e-01	8.251030e-01	8.579540e-01	1.820523e+00	3.749367e-01
TCGA-06-5416-01A-01R-1849-01	4.443388e-01	2.342901e+00	1.495448e+00	8.332123e-01	1.177867e+00
TCGA-06-5417-01A-01R-1849-01	0	2.026218e+00	1.040228e+00	3.067081e+00	1.132603e+00
TCGA-06-5418-01A-01R-1849-01	1.052523e-01	8.312713e-01	1.225911e+00	1.137117e+00	1.106055e+00
TCGA-06-5856-01A-01R-1849-01	3.987266e-01	1.403819e+00	9.413613e-01	1.831911e+00	1.180006e+00
TCGA-06-5858-01A-01R-1849-01	0	9.496935e-01	6.546825e-01	1.904619e+00	2.084076e+00
TCGA-06-5859-01A-01R-1849-01	2.092659e-01	8.121682e-01	7.041015e-01	3.884647e+00	1.296056e+00
TCGA-06-AABW-11A-31R-A36H-07	1.521657e+00	0	5.659300e-01	2.123883e+00	7.520923e-01
TCGA-08-0386-01A-01R-1849-01	6.856129e-01	9.346813e-01	4.016357e-01	2.874609e+00	1.284614e+00
TCGA-12-0616-01A-01R-1849-01	1.982212e-01	2.072701e+00	1.520599e+00	1.160774e+00	1.157033e+00
TCGA-12-0618-01A-01R-1849-01	5.922897e-01	2.710650e+00	8.531222e-01	1.641816e+00	1.368563e+00
TCGA-12-0619-01A-01R-1849-01	6.566810e-02	9.439620e-01	5.303736e-01	1.967836e+00	2.399319e+00
TCGA-12-0821-01A-01R-1849-01	5.832785e-01	1.061519e+00	9.794244e-01	2.520312e+00	1.012310e+00
TCGA-12-1597-01B-01R-1849-01	6.363044e-01	1.999775e+00	1.513281e+00	1.237057e+00	8.363625e-01
TCGA-12-3650-01A-01R-1849-01	5.437492e-01	1.760966e+00	1.552807e+00	5.917504e-01	1.126897e-01
TCGA-12-3652-01A-01R-1849-01	3.330228e-01	6.507042e-01	2.092771e+00	4.085785e-01	0
TCGA-12-3653-01A-01R-1849-01	0	1.797330e-02	8.581519e-01	1.719654e+00	5.681252e-02
TCGA-12-5295-01A-01R-1849-01	0	2.297352e-01	1.952022e+00	1.615175e+00	1.920102e-01
TCGA-12-5299-01A-02R-1849-01	4.246722e-01	8.421542e-01	1.266037e+00	9.600122e-01	8.342459e-01
TCGA-14-0736-02A-01R-2005-01	1.029128e+00	0	1.927473e+00	2.831455e+00	8.118052e-01
TCGA-14-0781-01B-01R-1849-01	1.199152e-01	3.376348e-01	9.308249e-01	1.247953e+00	1.946036e+00
TCGA-14-0787-01A-01R-1849-01	5.628799e-01	5.846008e-01	1.037722e+00	9.406357e-01	6.259661e-01
TCGA-14-0789-01A-01R-1849-01	7.263922e-03	5.089296e-01	6.807348e-01	8.849838e-01	2.251346e+00
TCGA-14-0790-01B-01R-1849-01	4.309027e-01	3.572809e-01	8.089444e-01	2.800053e+00	0
TCGA-14-0817-01A-01R-1849-01	4.002775e-01	7.547100e-01	1.772585e+00	1.539559e+00	9.236923e-01
TCGA-14-1034-01A-01R-1849-01	0	2.990516e-03	5.563427e-01	2.718981e+00	1.643666e+00
TCGA-14-1034-02B-01R-2005-01	7.549703e-01	2.894006e-01	7.360051e-01	1.508530e+00	6.519083e-01
TCGA-14-1402-02A-01R-2005-01	7.103637e-01	0	1.906983e+00	2.062182e+00	2.436407e-01
TCGA-14-1823-01A-01R-1849-01	1.589966e-01	0	1.614122e+00	3.106953e+00	1.098572e+00
TCGA-14-1825-01A-01R-1850-01	2.250392e-01	2.630888e+00	1.260316e+00	1.581868e+00	1.255928e+00
TCGA-14-1829-01A-01R-1850-01	1.482774e-01	5.336948e-01	2.492539e+00	2.394385e+00	7.195082e-01
TCGA-14-2554-01A-01R-1850-01	5.536257e-01	2.234798e-01	1.404005e+00	2.536571e+00	6.702691e-01
TCGA-15-0742-01A-01R-1850-01	4.064038e-01	1.364772e+00	9.792445e-01	7.777984e-01	1.778261e-01
TCGA-15-1444-01A-02R-1850-01	1.118135e-01	1.663562e+00	6.220897e-01	2.918344e+00	1.908386e+00
TCGA-16-0846-01A-01R-1850-01	7.860870e-01	1.188143e+00	6.286234e-01	2.786675e+00	1.321936e+00
TCGA-16-1045-01B-01R-1850-01	2.116937e-01	5.450169e-01	6.303973e-01	2.193308e+00	2.071022e+00
TCGA-19-0957-02A-11R-2005-01	6.562906e-01	1.504921e+00	6.354035e-01	1.694316e+00	2.096892e+00
TCGA-19-1389-02A-21R-2005-01	8.161200e-03	0	7.643417e-01	1.617002e+00	3.297667e+00
TCGA-19-1390-01A-01R-1850-01	0	2.754179e+00	7.591694e-01	3.953003e-01	1.692737e+00
TCGA-19-1787-01B-01R-1850-01	6.856382e-02	3.531717e-01	6.957520e-01	2.347676e+00	2.132042e+00
TCGA-19-2619-01A-01R-1850-01	5.526500e-01	1.188848e+00	5.486661e-01	1.327805e+00	7.408749e-01
TCGA-19-2620-01A-01R-1850-01	6.711584e-01	4.611609e-01	7.882164e-01	1.830594e+00	1.172176e+00
TCGA-19-2624-01A-01R-1850-01	8.190485e-01	2.230858e+00	7.142260e-01	9.132390e-01	6.426647e-01
TCGA-19-2625-01A-01R-1850-01	7.886279e-02	5.093602e-01	7.666047e-01	2.734659e+00	1.625775e+00
TCGA-19-2629-01A-01R-1850-01	6.505267e-02	1.897876e+00	9.017766e-01	2.431925e+00	2.108735e+00
TCGA-19-4065-01A-01R-2005-01	3.157280e-01	4.573502e-01	1.294910e+00	1.007462e+00	1.659287e+00
TCGA-19-4065-02A-11R-2005-01	1.095238e+00	2.193427e-01	6.452085e-01	8.297458e-01	2.314678e+00
TCGA-19-5960-01A-11R-1850-01	9.005619e-01	1.260072e+00	3.534156e-01	2.789603e+00	7.455100e-01
TCGA-26-1442-01A-01R-1850-01	9.362652e-01	1.162261e+00	5.892489e-01	2.911497e+00	1.148084e+00
TCGA-26-5132-01A-01R-1850-01	1.756249e-01	6.734656e-01	6.709770e-01	2.177099e+00	1.468935e+00
TCGA-26-5133-01A-01R-1850-01	3.915925e-02	1.993518e+00	1.082404e+00	1.463541e+00	1.525039e+00
TCGA-26-5134-01A-01R-1850-01	3.288278e-01	2.443261e+00	8.918427e-01	1.173853e+00	1.629645e+00
TCGA-26-5135-01A-01R-1850-01	3.154879e-01	2.316536e+00	9.131251e-01	2.573411e-01	1.493494e+00
TCGA-26-5136-01B-01R-1850-01	2.694817e-01	7.252136e-01	6.933617e-01	2.834932e+00	1.650742e+00
TCGA-26-5139-01A-01R-1850-01	6.500212e-01	5.256153e-01	7.181389e-01	1.427749e+00	1.042662e+00
TCGA-27-1830-01A-01R-1850-01	6.515500e-02	1.764049e+00	5.742712e-01	2.100912e+00	2.527498e+00
TCGA-27-1831-01A-01R-1850-01	1.072415e-01	0	2.283734e+00	2.064650e+00	1.649903e-01
TCGA-27-1832-01A-01R-1850-01	2.735952e-01	0	7.234554e-01	2.880669e+00	2.239666e+00
TCGA-27-1834-01A-01R-1850-01	4.885242e-01	8.737196e-01	4.563893e-01	3.473415e+00	1.573493e+00
TCGA-27-1835-01A-01R-1850-01	3.021629e-01	1.111380e-01	7.982435e-01	2.006803e+00	3.349607e-02
TCGA-27-1837-01A-01R-1850-01	5.805172e-01	1.479103e+00	6.696951e-01	1.084350e+00	7.277391e-01
TCGA-27-2519-01A-01R-1850-01	2.271172e-01	1.414828e+00	8.815232e-01	2.891453e+00	1.733342e+00
TCGA-27-2521-01A-01R-1850-01	0	2.619530e+00	1.347332e+00	1.837109e+00	1.440153e+00
TCGA-27-2523-01A-01R-1850-01	2.841548e-01	1.712994e+00	1.275864e+00	0	2.485192e-01
TCGA-27-2524-01A-01R-1850-01	3.706115e-01	7.755023e-01	1.789547e+00	6.980301e-02	1.139522e+00
TCGA-27-2526-01A-01R-1850-01	0	7.397350e-02	1.923879e+00	2.331729e+00	0
TCGA-27-2528-01A-01R-1850-01	4.842392e-01	7.447396e-01	1.004394e+00	9.924203e-01	7.273041e-01
TCGA-28-1747-01C-01R-1850-01	6.004815e-01	8.243615e-01	6.203394e-01	2.562437e+00	7.248962e-01
TCGA-28-1753-01A-01R-1850-01	2.933885e-01	1.776728e+00	5.814676e-01	7.748092e-01	1.963055e+00
TCGA-28-2499-01A-01R-1850-01	2.162991e-01	0	1.097426e+00	2.922354e+00	2.889035e-01
TCGA-28-2509-01A-01R-1850-01	3.153616e-02	7.158246e-02	9.650944e-01	1.701149e+00	1.494166e+00
TCGA-28-2510-01A-01R-1850-01	1.578876e+00	5.252556e-01	6.196302e-01	1.415150e+00	1.007540e+00
TCGA-28-2513-01A-01R-1850-01	3.760219e-02	3.782715e-01	1.012212e+00	1.458765e+00	1.832631e+00
TCGA-28-2514-01A-02R-1850-01	1.149801e+00	1.070660e+00	6.109549e-01	1.093807e+00	5.219829e-01
TCGA-28-5204-01A-01R-1850-01	3.344921e-01	8.124429e-01	9.537762e-01	9.987387e-01	3.487373e-01
TCGA-28-5207-01A-01R-1850-01	1.041469e+00	7.134039e-01	5.598592e-01	2.969594e+00	9.438665e-01
TCGA-28-5208-01A-01R-1850-01	3.494024e-01	7.687623e-01	1.134455e+00	1.249332e+00	9.137477e-01
TCGA-28-5209-01A-01R-1850-01	6.220930e-02	1.015925e+00	6.318982e-01	1.207685e+00	9.145606e-01
TCGA-28-5213-01A-01R-1850-01	0	2.176270e-02	1.604390e+00	3.168576e+00	1.806967e+00
TCGA-28-5215-01A-01R-1850-01	1.744217e-01	2.208895e+00	6.837336e-01	1.665887e+00	2.479924e+00
TCGA-28-5216-01A-01R-1850-01	3.031243e-01	2.033322e+00	1.081652e+00	1.568979e+00	1.959532e+00
TCGA-28-5218-01A-01R-1850-01	0	0	5.895989e-01	5.258585e-01	3.802531e+00
TCGA-28-5220-01A-01R-1850-01	1.362972e-01	3.481744e-01	1.206230e+00	4.230079e+00	7.106617e-01
TCGA-32-1970-01A-01R-1850-01	8.609736e-01	8.036892e-01	3.527030e-01	2.364464e+00	5.622057e-01
TCGA-32-1980-01A-01R-1850-01	1.438157e+00	4.825163e-02	8.850529e-01	1.412643e+00	1.311573e+00
TCGA-32-1982-01A-01R-1850-01	7.301123e-01	3.559789e-01	1.103422e+00	1.202381e+00	9.685166e-01
TCGA-32-2615-01A-01R-1850-01	5.461415e-01	4.976663e-01	6.535838e-01	1.958701e+00	1.626707e+00
TCGA-32-2616-01A-01R-1850-01	0	8.662673e-01	8.486685e-01	1.782445e+00	1.545728e+00
TCGA-32-2632-01A-01R-1850-01	5.208881e-01	0	7.268754e-01	2.446488e+00	1.211199e+00
TCGA-32-2634-01A-01R-1850-01	6.119849e-01	1.840444e+00	7.416759e-01	1.873593e+00	1.657974e+00
TCGA-32-2638-01A-01R-1850-01	4.788363e-01	4.453971e-01	5.968394e-01	1.170959e+00	1.190792e+00
TCGA-32-4213-01A-01R-1850-01	0	1.357846e+00	1.357096e+00	1.283306e+00	1.619578e+00
TCGA-32-5222-01A-01R-1850-01	2.754220e-01	4.777873e-01	1.658152e+00	1.585436e+00	5.203483e-01
TCGA-41-2571-01A-01R-1850-01	4.494391e-01	2.579978e+00	1.278191e+00	4.917997e-01	1.530433e+00
TCGA-41-2572-01A-01R-1850-01	3.678519e-01	2.079661e-01	1.106988e+00	1.284171e+00	4.260359e-01
TCGA-41-3915-01A-01R-1850-01	0	1.615113e+00	9.161525e-01	1.671145e+00	2.586161e+00
TCGA-41-4097-01A-01R-1850-01	9.261305e-01	1.318507e-01	5.250385e-01	1.762640e+00	1.776007e+00
TCGA-41-5651-01A-01R-1850-01	6.573869e-01	2.702499e+00	9.157412e-01	1.256748e+00	1.247849e+00
TCGA-76-4925-01A-01R-1850-01	0	1.083919e+00	1.012490e+00	9.347775e-01	9.192947e-01
TCGA-76-4926-01B-01R-1850-01	1.015984e+00	2.610975e-01	6.751630e-01	2.918340e+00	6.324610e-01
TCGA-76-4927-01A-01R-1850-01	1.650652e-01	1.240784e+00	9.502096e-01	1.031048e+00	1.667244e+00
TCGA-76-4928-01B-01R-1850-01	1.150895e-01	7.191831e-01	1.165069e+00	3.467180e-01	1.737819e+00
TCGA-76-4929-01A-01R-1850-01	2.125782e-01	1.599385e+00	7.342556e-01	2.939118e+00	1.814159e+00
TCGA-76-4931-01A-01R-1850-01	7.265880e-01	1.377444e+00	6.954669e-01	1.307848e+00	6.270106e-01
TCGA-76-4932-01A-01R-1850-01	1.067951e-01	8.835319e-01	1.147447e+00	9.916278e-01	3.633899e-01
