sampleID	D12.10_GNF2-TTN	D12.11_RICKMAN-HEAD-AND-NECK-CANCER-D	D11.2_MOSERLE-IFNA-RESPONSE	D7.4_CORNIFIED-ENVELOPE	D12.5_FARMER-BREAST-CANCER-CLUSTER-5	D16.16_WEBER-METHYLATED-ICP-IN-SPERM-UP	D17.14_SINGH-NFE2L2-TARGETS	D14.8_GNF2-SPRR1B	D14.10_RUNNE-GENDER-EFFECT-UP	D10.2_MIPS-40S-RIBOSOMAL-SUBUNIT-CYTOPLASMIC	D9.2_GNF2-CDH3
TCGA-4P-AA8J-01A-11R-A39I-07	5.460109e-01	1.159304e-01	1.588489e+00	3.886908e-01	1.257171e+00	6.649377e-01	3.667819e-02	6.159557e-02	1.734987e-01	2.658513e+00	3.140987e+00
TCGA-BA-4074-01A-01R-1436-07	1.814913e-01	9.092325e-02	1.351643e+00	1.163347e-01	7.409409e-01	2.205951e-01	2.349399e-01	0	0	2.569855e+00	3.487103e+00
TCGA-BA-4075-01A-01R-1436-07	3.254655e-01	1.669011e-01	1.213698e+00	1.382417e-01	5.164818e-01	3.570664e-01	3.405460e-01	0	0	2.416566e+00	3.884042e+00
TCGA-BA-4076-01A-01R-1436-07	0	0	7.995660e-01	9.839859e-01	5.435414e-01	9.185845e-01	1.762642e-01	2.843533e-01	1.276916e-01	1.845630e+00	3.754308e+00
TCGA-BA-4077-01B-01R-1436-07	2.530019e-01	1.839453e-01	2.042309e+00	6.774515e-01	6.641159e-01	5.734274e-01	2.555034e-01	3.373088e-01	5.636708e-01	1.551611e+00	2.724476e+00
TCGA-BA-4078-01A-01R-1436-07	4.547076e-02	0	9.848803e-01	0	1.821182e+00	0	8.956961e-01	0	7.302031e-01	1.851299e+00	1.830217e+00
TCGA-BA-5149-01A-01R-1514-07	2.860126e-01	0	1.631264e+00	5.406174e-01	5.331522e-01	0	0	0	0	1.133345e+00	4.542679e+00
TCGA-BA-5151-01A-01R-1436-07	0	0	1.830633e+00	1.270425e+00	8.121252e-01	0	7.590912e-02	3.351238e-01	0	1.045535e+00	3.917632e+00
TCGA-BA-5152-01A-02R-1873-07	0	0	2.136486e+00	1.073117e+00	5.835727e-01	6.379873e-01	9.108482e-02	7.636446e-01	3.726493e-02	1.995424e+00	2.860731e+00
TCGA-BA-5153-01A-01R-1436-07	0	0	1.520666e+00	2.297281e-01	1.121297e+00	0	0	3.138961e-01	2.085974e+00	1.159126e+00	9.764433e-01
TCGA-BA-5555-01A-01R-1514-07	0	7.994135e-01	1.668350e+00	5.020166e-01	5.430103e-01	0	4.181788e-01	1.557687e-01	0	1.641217e+00	2.432397e+00
TCGA-BA-5556-01A-01R-1514-07	0	1.789283e-01	2.588847e+00	1.234665e+00	4.762604e-01	0	4.968868e-02	6.230461e-01	0	1.162688e+00	3.318262e+00
TCGA-BA-5557-01A-01R-1514-07	6.853183e-02	0	1.575325e+00	1.337664e+00	1.390340e+00	0	0	5.594755e-01	0	1.699843e+00	3.711508e+00
TCGA-BA-5558-01A-01R-1514-07	0	0	2.037110e+00	1.327827e+00	6.374647e-01	5.129810e-01	3.880481e-02	2.483243e-01	0	1.317905e+00	3.822842e+00
TCGA-BA-5559-01A-01R-1514-07	7.658505e-01	0	1.976248e+00	0	1.405699e+00	0	4.238150e-02	0	1.440393e+00	1.404418e+00	8.086828e-01
TCGA-BA-6868-01B-12R-1915-07	2.940687e-02	2.549474e-01	9.953384e-01	5.126938e-01	7.815977e-01	5.970454e-01	7.426127e-02	1.520469e-02	1.713945e-01	1.672425e+00	4.192516e+00
TCGA-BA-6869-01A-11R-1873-07	0	7.578346e-01	1.379019e+00	8.575107e-01	1.143852e-01	0	1.747233e-01	5.251346e-01	1.633591e-01	2.288183e+00	2.287628e+00
TCGA-BA-6870-01A-11R-1873-07	0	3.408102e-01	1.615551e+00	9.015985e-01	6.365955e-01	2.657276e-01	3.263305e-01	4.223839e-01	9.683473e-02	1.963641e+00	3.446810e+00
TCGA-BA-6871-01A-11R-1873-07	8.420978e-03	4.572852e-02	1.398231e+00	0	1.662634e+00	0	2.364122e-01	0	1.247238e+00	2.251346e+00	1.754728e+00
TCGA-BA-6872-01A-11R-1873-07	0	3.580676e-01	1.506013e+00	7.207585e-01	7.651203e-01	1.444417e-01	1.889471e-01	0	3.445635e-02	1.792054e+00	4.336914e+00
TCGA-BA-6873-01A-11R-1873-07	5.007638e-01	0	1.818287e+00	4.233496e-01	6.889428e-01	0	1.004142e-01	0	0	1.095849e+00	4.173857e+00
TCGA-BA-7269-01A-11R-2016-07	3.053593e-01	1.183663e-01	1.023804e+00	5.224971e-01	1.057914e+00	3.966383e-01	6.986329e-01	3.408067e-01	2.861681e-02	3.643174e+00	2.635927e+00
TCGA-BA-A4IF-01A-11R-A266-07	3.638377e-01	4.942566e-01	1.101238e+00	8.283489e-01	5.490347e-01	0	5.855286e-01	0	5.707156e-03	1.745734e+00	3.187257e+00
TCGA-BA-A4IG-01A-11R-A266-07	0	1.427254e-02	1.533863e+00	8.250308e-01	3.459878e-01	0	6.665125e-01	6.508627e-01	7.043628e-01	1.750491e+00	1.947431e+00
TCGA-BA-A4IH-01A-11R-A266-07	4.562867e-02	2.704293e-01	1.469711e+00	5.594928e-01	1.149914e+00	0	2.121536e-01	6.341941e-01	1.285342e+00	1.869207e+00	1.687516e+00
TCGA-BA-A4II-01A-11R-A266-07	0	0	1.370918e+00	1.068683e+00	8.958363e-01	0	4.038652e-01	6.778277e-02	2.765026e-01	1.573241e+00	3.353618e+00
TCGA-BA-A6D8-01A-31R-A31N-07	3.804961e-02	0	9.974208e-01	0	1.174206e+00	0	1.297902e+00	0	1.484564e-01	4.084107e+00	2.012885e+00
TCGA-BA-A6DA-01A-31R-A31N-07	0	2.204480e-01	1.510430e+00	1.572158e+00	1.740750e-01	0	2.191800e-01	3.079092e-01	1.707483e-01	2.659558e+00	3.433855e+00
TCGA-BA-A6DB-01A-11R-A30B-07	7.944495e-01	5.667069e-04	1.857445e+00	1.250369e+00	1.002431e+00	0	1.748102e-01	7.195563e-01	1.003455e-01	2.451736e+00	2.370514e+00
TCGA-BA-A6DD-01A-12R-A31N-07	0	4.650498e-01	2.054062e+00	1.116172e+00	5.938095e-01	0	1.151768e-01	6.626083e-01	5.933973e-02	2.298036e+00	2.943557e+00
TCGA-BA-A6DE-01A-22R-A31N-07	2.594064e-01	0	1.457663e+00	9.828106e-01	2.280625e-01	2.775760e-01	0	0	0	1.471347e+00	3.640869e+00
TCGA-BA-A6DG-01A-21R-A30B-07	5.827632e-01	4.128897e-02	1.107949e+00	5.653762e-01	1.534857e+00	0	0	0	0	2.130947e+00	3.967280e+00
TCGA-BA-A6DI-01A-11R-A30B-07	0	1.243456e+00	1.382245e+00	1.119595e+00	2.353171e-01	0	3.715317e-01	5.237702e-01	7.829508e-02	1.752582e+00	3.103687e+00
TCGA-BA-A6DJ-01A-11R-A30B-07	0	0	2.298197e+00	1.135983e+00	2.766045e-01	0	4.567602e-02	2.798044e-01	0	1.395554e+00	4.196956e+00
TCGA-BA-A6DL-01A-21R-A30B-07	2.439670e-02	2.569678e-02	1.445628e+00	1.159708e+00	0	4.505562e-01	3.653353e-01	6.418085e-01	0	1.993937e+00	2.747266e+00
TCGA-BA-A8YP-01A-11R-A39I-07	3.662631e-01	0	9.642182e-01	0	1.564045e+00	6.059262e-02	1.220426e+00	0	0	2.200370e+00	2.326460e+00
TCGA-BB-4217-01A-11R-2081-07	0	3.243059e-01	1.632349e+00	7.485080e-01	9.569077e-01	0	1.549173e-01	7.070688e-01	6.579159e-01	1.946490e+00	2.335984e+00
TCGA-BB-4223-01A-01R-1436-07	8.014175e-03	0	1.523814e+00	0	1.134058e+00	0	2.188115e-01	4.956944e-02	1.907480e+00	1.425029e+00	7.218899e-01
TCGA-BB-4224-01A-01R-1436-07	3.789561e-01	0	1.121352e+00	9.124750e-01	2.889429e-01	0	4.347419e-01	0	3.488485e-01	1.871921e+00	2.952285e+00
TCGA-BB-4225-01A-01R-1436-07	5.624816e-03	0	1.600719e+00	0	1.093376e+00	0	2.581517e-02	0	2.197689e+00	1.669769e+00	1.013643e+00
TCGA-BB-4227-01A-01R-1873-07	0	7.760047e-02	9.937238e-01	7.275040e-01	2.234935e-01	6.516581e-01	3.276857e-01	5.646773e-01	0	2.057702e+00	3.002777e+00
TCGA-BB-4228-01A-01R-1436-07	3.786591e-02	1.124378e-01	1.101049e+00	4.846523e-02	1.159162e+00	0	9.056669e-02	2.411147e-01	2.044240e+00	1.950369e+00	1.059673e+00
TCGA-BB-7861-01A-11R-2232-07	0	9.042168e-03	2.512701e+00	1.012077e-01	1.026005e+00	1.042015e-01	2.951482e-01	9.440145e-02	1.527677e+00	1.065690e+00	1.075821e+00
TCGA-BB-7862-01A-21R-2232-07	0	0	9.609244e-01	2.588828e-01	1.521468e+00	0	1.024410e+00	2.269496e-01	5.642723e-01	1.822350e+00	2.613362e+00
TCGA-BB-7863-01A-11R-2232-07	1.074943e-01	0	1.426624e+00	1.427916e+00	2.843569e-01	2.830528e-01	7.817926e-02	0	0	1.248488e+00	4.322212e+00
TCGA-BB-7864-01A-11R-2232-07	0	5.094911e-01	8.835541e-01	6.728807e-01	3.960113e-01	0	8.349001e-01	1.707719e-01	7.952971e-02	1.800090e+00	2.752159e+00
TCGA-BB-7866-01A-11R-2232-07	0	6.593662e-02	1.786579e+00	2.524579e-01	8.368035e-01	0	0	3.493901e-01	1.686941e+00	1.331254e+00	9.499807e-01
TCGA-BB-7870-01A-11R-2232-07	0	4.125427e-01	1.156638e+00	6.455612e-01	0	1.155650e-01	6.315216e-01	1.627703e-01	2.725542e-01	2.557820e+00	2.318170e+00
TCGA-BB-7871-01A-11R-2232-07	0	4.932620e-02	1.435098e+00	1.629754e-02	1.515303e+00	0	1.080408e+00	0	1.006902e-01	2.250902e+00	2.356700e+00
TCGA-BB-7872-01A-11R-2232-07	2.843001e-01	5.600404e-02	1.845940e+00	6.180622e-01	6.898699e-01	0	9.640898e-02	0	0	8.938155e-01	4.399454e+00
TCGA-BB-8596-01A-11R-2403-07	4.465977e-01	1.010011e+00	1.299028e+00	2.631568e-01	1.486799e+00	2.291435e-01	2.214873e-01	0	6.845871e-02	1.902985e+00	3.064614e+00
TCGA-BB-8601-01A-11R-2403-07	0	0	2.679640e-01	4.362032e-01	7.544611e-01	0	2.034586e+00	3.756849e-02	2.294756e-01	2.512606e+00	2.439020e+00
TCGA-BB-A5HU-01A-11R-A28V-07	0	0	1.071620e+00	4.132871e-01	1.238654e+00	1.088530e+00	0	0	0	1.510687e+00	4.351709e+00
TCGA-BB-A5HY-01A-11R-A28V-07	1.538886e-01	0	1.183712e+00	0	6.169828e-01	8.620641e-01	2.936945e-01	0	0	2.086993e+00	3.595668e+00
TCGA-BB-A5HZ-01A-21R-A28V-07	3.662751e-02	0	1.164731e+00	1.145723e+00	6.268360e-01	1.242957e-02	0	0	0	1.881071e+00	3.713035e+00
TCGA-BB-A6UM-01A-12R-A34R-07	2.004301e-02	1.444787e-01	2.235025e+00	7.754793e-01	0	0	5.204103e-02	6.801558e-01	8.012209e-01	2.018853e+00	1.265216e+00
TCGA-BB-A6UO-01A-12R-A34R-07	7.869596e-03	0	1.655455e+00	8.563675e-01	6.673582e-01	0	5.217701e-02	7.956013e-03	0	2.097739e+00	4.194497e+00
TCGA-C9-A47Z-01A-11R-A24H-07	4.578866e-01	0	1.493764e+00	1.412304e+00	2.950293e-01	3.919099e-02	2.171393e-01	0	4.526640e-02	9.926560e-01	4.357051e+00
TCGA-C9-A480-01A-12R-A24H-07	5.674437e-01	0	1.740483e+00	1.318149e+00	2.454721e-01	0	6.469519e-02	0	0	1.341883e+00	3.824653e+00
TCGA-CN-4722-01A-01R-1436-07	0	5.539925e-01	1.056185e+00	1.380920e+00	1.216833e+00	2.106208e-01	2.713505e-01	4.324508e-01	0	2.166829e+00	2.929322e+00
TCGA-CN-4723-01A-01R-1436-07	1.841077e-02	3.030449e-01	1.597952e+00	3.753405e-01	1.158909e+00	7.674258e-01	5.469691e-01	0	5.855956e-02	1.571437e+00	3.240154e+00
TCGA-CN-4725-01A-01R-1436-07	7.601088e-01	0	9.003671e-01	9.799121e-01	5.339704e-01	0	2.608284e-01	0	0	1.313264e+00	4.300252e+00
TCGA-CN-4726-01A-01R-1436-07	2.163220e-01	0	1.063686e+00	1.251625e+00	1.059864e+00	0	1.858616e-01	9.494439e-02	0	1.863984e+00	4.025961e+00
TCGA-CN-4727-01A-01R-1436-07	0	0	8.088494e-01	1.336764e-01	5.488012e-01	0	0	0	0	1.805359e+00	3.095834e+00
TCGA-CN-4728-01A-01R-1436-07	5.002590e-01	1.578851e-04	1.599954e+00	3.209309e-01	1.957764e+00	0	5.888732e-01	1.892173e-01	2.489961e-01	1.927242e+00	2.622577e+00
TCGA-CN-4729-01A-01R-1436-07	0	1.004003e-01	1.185688e+00	1.170714e+00	1.049405e+00	2.754555e-01	1.546125e-01	7.052423e-01	1.620947e-01	1.731847e+00	3.155649e+00
TCGA-CN-4730-01A-01R-1436-07	1.412870e-02	0	8.743806e-01	8.373691e-01	3.348517e-01	1.668973e-01	2.522012e-01	2.622155e-02	0	1.869807e+00	3.655170e+00
TCGA-CN-4731-01A-01R-1436-07	0	2.863598e-01	1.281819e+00	6.126585e-01	6.851995e-01	1.613767e-01	5.203443e-03	3.710251e-01	0	1.994351e+00	3.078984e+00
TCGA-CN-4733-01A-02R-1873-07	5.786571e-01	1.063630e-01	2.382808e+00	4.097808e-01	1.336573e+00	0	0	7.785652e-02	0	1.546118e+00	3.148463e+00
TCGA-CN-4734-01A-01R-1436-07	0	0	2.260916e+00	1.025711e+00	7.013653e-01	0	9.453800e-02	1.544786e-01	0	1.113088e+00	4.082569e+00
TCGA-CN-4735-01A-01R-1436-07	8.257317e-02	1.101754e-01	1.480485e+00	0	1.735222e+00	8.431277e-01	4.098076e-01	0	1.357586e+00	1.547823e+00	1.730926e+00
TCGA-CN-4736-01A-01R-1436-07	8.626754e-01	0	2.153441e+00	6.561638e-01	1.176554e+00	4.649118e-01	5.392423e-02	0	0	1.541826e+00	3.480388e+00
TCGA-CN-4737-01A-01R-1436-07	7.386649e-01	0	9.244636e-01	8.958026e-01	1.364077e+00	5.270268e-01	0	0	0	1.619312e+00	3.616826e+00
TCGA-CN-4738-01A-02R-1514-07	0	1.103653e+00	1.774889e+00	8.664848e-01	5.459385e-01	2.330260e-01	1.202398e-01	5.201742e-01	0	1.542205e+00	2.957788e+00
TCGA-CN-4739-01A-02R-1514-07	1.026760e-01	3.219568e-01	1.486399e+00	8.069882e-01	6.164953e-01	6.193664e-02	3.270350e-02	7.513606e-01	3.724923e-01	1.728682e+00	1.898976e+00
TCGA-CN-4740-01A-01R-1436-07	6.664280e-01	0	1.590398e+00	8.556688e-01	1.706035e+00	6.076776e-01	1.740506e-01	4.558567e-01	0	2.121348e+00	2.651824e+00
TCGA-CN-4741-01A-01R-1436-07	1.430746e-01	1.644408e-01	1.418664e+00	9.892251e-01	7.881394e-01	2.608123e-02	3.613991e-01	5.937974e-01	5.696966e-01	1.480008e+00	2.237412e+00
TCGA-CN-4742-01A-02R-1514-07	3.361936e-01	0	1.417256e+00	1.006415e+00	1.333699e+00	7.414339e-01	0	0	0	1.402173e+00	4.197945e+00
TCGA-CN-5355-01A-01R-1436-07	5.389175e-01	0	1.031701e+00	8.696656e-01	1.268576e+00	0	1.209747e-01	2.493796e-01	1.208062e-01	1.616829e+00	3.573622e+00
TCGA-CN-5356-01A-01R-1436-07	0	1.361075e-01	1.204176e+00	6.506077e-01	1.036764e+00	3.734468e-01	9.988104e-03	4.303607e-01	0	1.584723e+00	3.255973e+00
TCGA-CN-5358-01A-01R-1514-07	5.718837e-01	1.364315e-01	1.861959e+00	1.036329e+00	1.658938e+00	2.032177e-02	0	5.078138e-01	2.955565e-02	1.674822e+00	2.856934e+00
TCGA-CN-5359-01A-01R-1436-07	2.534717e-01	0	1.776048e+00	6.858470e-01	1.653948e+00	2.583454e-01	7.376401e-01	6.337865e-02	2.214219e-02	1.377355e+00	3.202539e+00
TCGA-CN-5360-01A-01R-1436-07	5.952025e-01	1.024193e+00	1.780906e+00	6.144271e-01	1.202906e+00	0	8.321972e-01	2.331877e-01	4.804239e-02	1.712353e+00	2.074880e+00
TCGA-CN-5361-01A-01R-1436-07	7.742845e-02	0	1.370920e+00	4.036867e-02	1.448405e+00	4.834532e-01	4.265442e-02	0	0	1.611689e+00	3.367084e+00
TCGA-CN-5363-01A-01R-1436-07	5.383843e-01	0	1.985657e+00	0	9.740530e-01	0	0	0	0	1.356011e+00	3.571379e+00
TCGA-CN-5364-01A-01R-1436-07	5.241633e-01	0	1.596873e+00	6.048108e-01	6.694561e-01	2.278250e-02	4.403289e-01	3.739361e-01	2.071497e-01	1.807151e+00	2.661735e+00
TCGA-CN-5365-01A-01R-1436-07	6.543846e-03	0	1.887148e+00	9.623497e-01	2.986464e-01	4.507629e-01	1.425358e-01	0	0	1.559420e+00	4.116499e+00
TCGA-CN-5366-01A-01R-1436-07	3.995357e-01	7.031253e-03	1.645368e+00	5.103411e-01	9.451543e-01	0	2.237116e-01	0	0	1.427605e+00	4.034583e+00
TCGA-CN-5367-01A-01R-1436-07	4.841830e-01	8.610408e-02	1.601642e+00	4.859558e-01	8.194144e-01	4.800631e-01	2.552086e-01	0	0	1.482967e+00	3.675902e+00
TCGA-CN-5369-01A-01R-1436-07	0	3.674441e-01	2.328664e+00	1.102289e+00	8.531951e-01	5.844920e-01	1.604686e-02	6.470433e-01	0	1.558606e+00	3.287092e+00
TCGA-CN-5370-01A-01R-2016-07	6.411312e-01	7.814009e-02	2.086114e+00	6.991010e-01	1.310004e+00	4.385534e-01	3.803645e-02	1.434823e-01	0	1.497314e+00	3.486906e+00
TCGA-CN-5373-01A-01R-1436-07	3.750239e-01	0	1.949013e+00	1.336707e+00	1.205159e+00	4.193658e-01	4.711906e-03	2.312648e-02	0	9.837642e-01	3.668832e+00
TCGA-CN-5374-01A-01R-1436-07	3.951959e-01	7.835728e-03	1.855796e+00	5.475850e-01	5.887816e-01	3.110452e-01	2.037750e-01	5.265638e-01	9.277642e-01	2.089112e+00	1.249589e+00
TCGA-CN-6010-01A-11R-1686-07	1.620758e-01	1.159465e+00	1.281983e+00	1.133945e-01	1.146794e+00	0	1.451199e+00	0	3.199640e-02	1.957742e+00	2.011360e+00
TCGA-CN-6011-01A-11R-1686-07	0	0	1.661742e+00	8.242224e-01	5.012855e-01	4.740602e-01	0	0	0	1.104682e+00	4.396826e+00
TCGA-CN-6012-01A-11R-1686-07	0	6.217896e-01	1.640185e+00	4.948159e-01	1.120619e+00	4.209041e-02	1.221189e+00	1.793444e-01	2.386866e-01	1.846286e+00	2.038374e+00
TCGA-CN-6013-01A-11R-1686-07	4.623686e-01	0	2.411933e+00	7.666245e-01	6.674753e-01	6.214049e-01	1.069665e-01	2.097421e-01	7.727229e-03	1.258613e+00	2.907925e+00
TCGA-CN-6016-01A-11R-1686-07	8.748069e-01	0	1.294691e+00	3.118625e-01	1.724678e+00	0	0	0	0	1.970678e+00	3.400947e+00
TCGA-CN-6017-01A-11R-1686-07	1.038556e+00	1.872697e-01	2.378758e+00	2.310777e-01	1.329610e+00	0	0	8.887771e-03	0	1.914668e+00	2.652582e+00
TCGA-CN-6018-01A-11R-1686-07	5.378922e-01	0	2.045611e+00	2.072409e-01	1.203536e+00	3.270071e-01	0	0	0	1.337716e+00	3.719532e+00
TCGA-CN-6019-01A-11R-1686-07	4.742281e-01	6.699857e-01	1.269174e+00	4.916845e-01	2.015679e+00	0	8.152321e-01	5.389492e-01	0	2.637385e+00	2.127868e+00
TCGA-CN-6020-01A-11R-1686-07	1.720747e-01	0	1.664787e+00	9.119841e-01	9.854946e-01	2.819885e-01	2.517489e-01	5.717767e-01	0	1.585278e+00	3.273875e+00
TCGA-CN-6021-01A-11R-1686-07	0	3.520109e-01	1.129361e+00	7.741232e-01	9.730672e-01	0	1.229580e+00	4.327613e-01	1.711348e-01	1.888042e+00	2.226468e+00
TCGA-CN-6022-01A-21R-1686-07	6.632313e-01	8.887601e-02	1.327314e+00	2.159914e-01	1.429120e+00	1.065097e+00	0	0	4.165452e-02	1.831517e+00	3.441008e+00
TCGA-CN-6023-01A-11R-1686-07	0	2.385993e-01	1.873849e+00	0	1.304413e+00	0	1.681307e+00	0	1.229156e-01	1.805571e+00	1.257919e+00
TCGA-CN-6024-01A-11R-1686-07	6.315485e-01	0	5.944143e-01	4.386844e-01	1.332449e+00	0	1.437115e+00	0	3.123325e-02	2.129214e+00	3.102992e+00
TCGA-CN-6988-01A-11R-1915-07	1.358017e-01	2.790490e-01	9.320741e-01	8.942613e-01	0	0	1.210023e-01	7.017083e-01	8.676283e-02	1.779263e+00	2.277769e+00
TCGA-CN-6989-01A-11R-1915-07	5.829925e-01	0	1.386549e+00	1.351406e-02	1.849650e+00	0	1.190015e+00	0	0	1.948445e+00	2.733071e+00
TCGA-CN-6992-01A-11R-1915-07	0	3.557211e-01	9.882960e-01	2.531619e-01	1.353146e+00	9.082185e-02	1.545663e+00	1.643186e-01	4.890411e-02	2.091939e+00	2.076475e+00
TCGA-CN-6994-01A-11R-1915-07	0	8.958766e-02	1.243517e+00	7.581464e-01	1.303852e+00	8.266828e-01	4.178584e-01	0	4.380246e-02	1.477171e+00	3.380627e+00
TCGA-CN-6995-01A-31R-2016-07	4.981943e-01	0	2.131997e+00	6.614888e-01	4.134085e-01	0	0	0	1.316480e-01	1.473855e+00	3.487892e+00
TCGA-CN-6996-01A-11R-1915-07	7.661845e-01	0	2.360159e+00	9.235770e-01	8.837497e-01	0	1.508201e-01	0	0	9.394418e-01	3.808382e+00
TCGA-CN-6997-01A-11R-2016-07	0	4.928175e-01	1.010195e+00	0	1.228319e+00	4.018789e-02	1.287485e+00	0	0	1.815847e+00	2.328035e+00
TCGA-CN-6998-01A-23R-2016-07	4.851208e-01	0	1.671180e+00	1.317223e+00	8.092719e-02	0	7.602351e-02	0	0	1.034167e+00	4.467926e+00
TCGA-CN-A497-01A-11R-A24H-07	9.788167e-03	2.526828e-01	1.215373e+00	0	1.004741e+00	0	2.927318e-01	0	1.621872e-01	1.945922e+00	2.130067e+00
TCGA-CN-A498-01A-11R-A24H-07	1.493856e-02	7.089405e-01	1.484114e+00	9.486019e-01	5.659362e-01	0	5.013149e-01	3.307832e-01	4.014708e-01	1.385347e+00	3.316211e+00
TCGA-CN-A499-01A-11R-A24H-07	0	0	2.488119e+00	7.816851e-01	2.990652e-01	0	2.849980e-01	9.156223e-02	4.071414e-01	8.610364e-01	3.222964e+00
TCGA-CN-A49A-01A-11R-A24H-07	2.618721e-01	3.227718e-02	6.032891e-01	3.030094e-01	1.479084e+00	8.911326e-01	3.967277e-01	0	1.297655e-01	2.004079e+00	3.356123e+00
TCGA-CN-A49B-01A-31R-A24H-07	0	3.004186e-01	2.344670e+00	5.603522e-01	4.697592e-01	0	4.272595e-01	7.545417e-02	3.070586e-01	1.593824e+00	2.841319e+00
TCGA-CN-A49C-01A-11R-A24H-07	0	0	1.706890e+00	7.988513e-01	2.206396e-01	0	2.292130e-01	5.967365e-01	1.059159e+00	1.863512e+00	1.744526e+00
TCGA-CN-A63T-01A-11R-A28V-07	2.445835e-01	7.660310e-01	1.923359e+00	8.799069e-01	4.434763e-01	0	2.907427e-01	1.639073e-01	0	2.041627e+00	3.085869e+00
TCGA-CN-A63U-01A-11R-A30B-07	1.272616e-01	6.772674e-01	1.081539e+00	1.850340e-01	1.498387e-01	2.528860e-01	4.667626e-01	0	2.492819e-01	2.504553e+00	1.880670e+00
TCGA-CN-A63V-01A-11R-A466-07	1.875013e-01	0	9.895166e-01	6.062945e-01	1.314355e+00	8.181408e-01	0	2.536725e-01	0	2.522704e+00	3.267020e+00
TCGA-CN-A63W-01A-11R-A30B-07	1.254476e-01	5.227451e-01	1.444984e+00	9.185623e-01	1.301543e-01	1.133788e-01	0	1.036554e-01	2.046607e-02	1.736133e+00	3.739959e+00
TCGA-CN-A641-01A-11R-A30B-07	2.935628e-02	4.166361e-01	1.098816e+00	1.161005e+00	3.075825e-01	4.009670e-01	4.815087e-01	2.266414e-01	7.381717e-02	1.948117e+00	2.955271e+00
TCGA-CN-A642-01A-12R-A30B-07	5.481521e-01	0	2.108631e+00	1.752983e-01	4.118104e-01	0	2.492936e-02	0	0	2.124302e+00	3.138361e+00
TCGA-CN-A6UY-01A-12R-A34R-07	2.015039e-02	0	1.805063e+00	2.718990e-01	5.908612e-01	0	0	0	2.617367e+00	2.277451e+00	8.854070e-01
TCGA-CN-A6V1-01A-12R-A34R-07	9.164246e-02	1.627801e-04	2.587544e+00	6.249374e-01	5.515214e-01	0	1.218814e-01	5.891425e-01	1.262079e+00	2.728878e+00	6.038197e-01
TCGA-CN-A6V3-01A-12R-A34R-07	2.606532e-03	8.788452e-01	2.021899e+00	1.088565e+00	1.762807e-01	5.292364e-01	0	3.706877e-01	1.478484e-01	1.400900e+00	3.262658e+00
TCGA-CN-A6V6-01A-12R-A34R-07	5.931539e-01	2.823225e-01	2.143592e+00	7.599751e-01	4.603970e-01	0	0	7.451173e-01	1.010534e+00	1.987439e+00	1.179788e+00
TCGA-CN-A6V7-01A-12R-A34R-07	0	1.270300e-01	1.580960e+00	2.872347e-01	3.412423e-02	0	7.270910e-01	1.624843e-01	1.130512e+00	1.803094e+00	1.041126e+00
TCGA-CQ-5323-01A-01R-1686-07	0	0	1.841615e+00	1.045530e+00	8.029562e-01	0	5.363493e-01	2.339930e-01	4.951518e-01	1.256507e+00	2.688122e+00
TCGA-CQ-5324-01A-01R-1686-07	0	1.345466e-01	1.747415e+00	7.929006e-01	8.849823e-01	0	1.086340e+00	4.361153e-01	0	1.845583e+00	3.048098e+00
TCGA-CQ-5325-01A-01R-1686-07	7.958360e-01	0	2.506821e+00	7.838217e-01	1.013869e+00	0	0	0	0	1.475191e+00	3.501025e+00
TCGA-CQ-5326-01A-01R-1873-07	0	0	1.593485e+00	7.880221e-01	7.130767e-01	3.607990e-01	0	5.051872e-02	0	9.530164e-01	4.550510e+00
TCGA-CQ-5327-01A-01R-1686-07	4.625154e-01	0	2.476748e+00	1.253959e+00	3.366387e-01	0	4.498820e-02	2.033208e-01	0	1.626562e+00	3.355254e+00
TCGA-CQ-5329-01A-01R-1686-07	4.062138e-01	0	1.948734e+00	5.774078e-01	9.430448e-01	0	1.461974e-01	0	0	1.623495e+00	4.000854e+00
TCGA-CQ-5330-01A-01R-1686-07	7.970328e-01	0	2.095098e+00	2.768391e-01	1.188901e+00	0	5.398884e-02	0	0	1.579628e+00	3.699171e+00
TCGA-CQ-5331-01A-02R-1873-07	0	0	2.646548e+00	1.332642e+00	6.598187e-01	0	6.911846e-02	0	0	1.156161e+00	3.719772e+00
TCGA-CQ-5332-01A-01R-1686-07	0	0	7.078353e-01	4.265107e-01	1.543399e+00	3.844565e-01	1.368200e+00	0	6.407272e-02	2.092015e+00	2.943380e+00
TCGA-CQ-5333-01A-01R-2403-07	8.384068e-01	0	2.583159e+00	3.326393e-01	6.075572e-01	8.345179e-02	0	0	0	2.169375e+00	3.106404e+00
TCGA-CQ-5334-01A-01R-1686-07	8.418709e-02	0	2.361790e+00	6.547795e-01	9.570442e-01	0	0	3.584825e-02	0	1.318765e+00	3.861340e+00
TCGA-CQ-6218-01A-11R-1915-07	0	8.246227e-01	1.830302e+00	1.258250e+00	6.906378e-01	2.949875e-01	2.373576e-02	0	0	1.487948e+00	3.970852e+00
TCGA-CQ-6219-01A-11R-1915-07	4.113398e-01	1.648758e-01	2.264109e+00	6.231029e-01	9.401254e-01	0	2.352433e-01	0	6.913164e-02	1.540295e+00	3.548754e+00
TCGA-CQ-6220-01A-11R-1915-07	2.045755e-01	0	1.877751e+00	1.426835e+00	2.563822e-01	1.456337e-01	1.638705e-01	0	0	1.085391e+00	4.203871e+00
TCGA-CQ-6221-01A-11R-2081-07	0	0	8.473170e-01	0	2.431450e+00	0	5.129203e-02	0	0	2.695053e+00	2.126401e+00
TCGA-CQ-6222-01A-11R-1915-07	1.008611e+00	5.482475e-02	2.080972e+00	1.245359e+00	7.245559e-01	0	5.309681e-02	7.643519e-01	0	2.291517e+00	2.143780e+00
TCGA-CQ-6223-01A-11R-1915-07	0	0	1.794142e+00	1.443486e+00	4.638714e-01	7.822274e-01	2.963165e-01	2.278669e-01	0	1.217693e+00	3.486904e+00
TCGA-CQ-6224-01A-11R-1915-07	7.600689e-01	0	1.656931e+00	0	1.504951e+00	0	1.150982e-01	0	0	1.748171e+00	3.589113e+00
TCGA-CQ-6225-01A-11R-1915-07	3.339970e-01	1.027714e-01	6.061090e-01	8.484986e-01	1.962922e-01	6.806666e-01	1.092301e+00	4.288932e-01	5.613602e-02	2.418061e+00	2.275351e+00
TCGA-CQ-6227-01A-11R-1915-07	7.931853e-01	1.519102e-01	1.174171e+00	7.635180e-01	1.185341e+00	0	8.813977e-03	1.269454e-01	0	1.979346e+00	3.838020e+00
TCGA-CQ-6228-01A-11R-1915-07	6.212709e-02	0	1.108932e+00	2.691060e-01	1.114460e+00	0	1.339334e+00	1.445880e-01	0	2.255560e+00	2.185480e+00
TCGA-CQ-6229-01A-11R-1915-07	6.624882e-01	0	1.792414e+00	1.302843e+00	7.312686e-01	0	3.019664e-01	0	0	1.409214e+00	3.847019e+00
TCGA-CQ-7063-01A-11R-2403-07	5.156983e-02	0	2.415323e+00	1.213508e+00	4.771686e-01	0	8.768418e-02	0	0	1.020949e+00	4.087617e+00
TCGA-CQ-7065-01A-11R-2081-07	5.343406e-01	0	7.899624e-01	1.084196e+00	2.785443e-01	0	1.581766e-01	0	0	1.643592e+00	4.293283e+00
TCGA-CQ-7067-01A-11R-2232-07	5.907090e-01	2.778824e-01	1.616401e+00	5.932150e-01	7.040561e-01	4.575451e-01	2.753351e-02	2.965097e-03	0	1.643499e+00	3.472247e+00
TCGA-CQ-7068-01A-11R-2081-07	0	0	2.774323e+00	7.188927e-01	2.060953e-01	0	5.932878e-02	0	0	1.123166e+00	3.714496e+00
TCGA-CQ-7069-01A-11R-2403-07	2.627216e-02	0	1.103893e+00	7.843104e-01	9.883595e-01	7.853305e-01	0	0	0	1.158785e+00	4.947720e+00
TCGA-CQ-7071-01A-12R-A30B-07	0	0	1.898473e+00	1.402023e+00	8.214347e-01	1.989816e-01	1.980339e-01	2.580829e-01	0	1.302600e+00	3.880516e+00
TCGA-CQ-7072-01A-21R-A30B-07	4.622527e-01	0	6.428189e-01	0	1.755858e+00	3.428853e-01	2.216293e-01	0	0	2.182049e+00	2.982966e+00
TCGA-CQ-A4C6-01A-11R-A24Z-07	5.346718e-01	0	1.938397e+00	7.648786e-01	6.031709e-01	0	1.818740e-01	0	0	1.072048e+00	4.653313e+00
TCGA-CQ-A4C7-01A-11R-A24Z-07	5.493003e-01	0	1.647756e+00	4.335337e-01	9.859955e-01	0	0	0	0	1.565959e+00	3.924228e+00
TCGA-CQ-A4C9-01A-11R-A24Z-07	3.933541e-03	5.639645e-01	1.394092e+00	7.325803e-01	7.004917e-01	8.892828e-02	5.529143e-01	5.182873e-01	0	2.333626e+00	2.162121e+00
TCGA-CQ-A4CA-01A-11R-A24Z-07	8.913680e-01	0	2.137260e+00	3.455631e-01	8.302125e-01	6.302637e-01	6.885051e-03	0	0	1.991546e+00	3.335018e+00
TCGA-CQ-A4CB-01A-11R-A24Z-07	6.585512e-03	7.798113e-01	1.805254e+00	9.414232e-02	9.113854e-01	0	0	0	0	1.589523e+00	3.536547e+00
TCGA-CQ-A4CD-01A-21R-A24Z-07	0	0	2.193212e+00	4.286976e-01	3.044964e-01	2.063176e-01	0	0	0	1.686086e+00	3.551628e+00
TCGA-CQ-A4CE-01A-11R-A266-07	2.181631e-01	0	1.730642e+00	1.655330e+00	4.283306e-01	2.821846e-01	2.988334e-01	2.749602e-01	1.929857e-02	1.511607e+00	3.207945e+00
TCGA-CQ-A4CG-01A-11R-A266-07	3.778909e-02	2.309499e-01	1.364384e+00	8.482448e-02	9.725394e-01	4.980575e-01	8.315184e-01	0	0	1.312112e+00	3.915489e+00
TCGA-CQ-A4CH-01A-11R-A266-07	3.073701e-01	0	1.302236e+00	7.167658e-01	7.779730e-01	0	2.972880e-02	0	0	1.322315e+00	4.357135e+00
TCGA-CQ-A4CI-01A-11R-A266-07	0	0	7.001869e-01	0	1.349193e+00	0	1.727117e+00	0	0	2.365573e+00	2.400186e+00
TCGA-CR-5243-01A-01R-1514-07	1.560019e-01	0	1.297563e+00	2.058493e-01	1.363307e+00	0	0	1.843563e-01	1.795513e+00	1.294262e+00	1.588535e+00
TCGA-CR-5247-01A-01R-2016-07	1.416754e-01	0	5.231007e-01	3.468291e-01	1.154506e+00	0	4.099974e-01	3.766742e-03	0	2.243285e+00	3.565271e+00
TCGA-CR-5248-01A-01R-2016-07	0	0	2.155667e+00	3.336647e-01	7.608402e-01	0	2.826029e-01	3.072598e-01	1.231326e+00	1.678628e+00	9.000223e-01
TCGA-CR-5249-01A-01R-1514-07	0	8.064786e-02	1.717312e+00	5.641696e-01	1.094593e+00	0	3.795039e-01	6.098909e-01	1.071251e+00	1.432309e+00	1.578980e+00
TCGA-CR-5250-01A-01R-1514-07	0	1.522963e-01	1.242976e+00	3.703362e-01	1.249594e+00	0	0	4.776811e-01	2.046444e+00	1.476878e+00	1.205500e+00
TCGA-CR-6467-01A-11R-1873-07	1.339586e-02	4.946816e-03	1.616809e+00	0	1.099677e+00	0	8.553779e-02	0	2.056782e+00	1.556848e+00	6.430165e-01
TCGA-CR-6470-01A-11R-1873-07	1.977176e-01	0	1.873881e+00	0	1.566424e+00	0	2.497556e-01	0	1.529608e+00	1.386817e+00	9.354808e-01
TCGA-CR-6471-01A-11R-1873-07	0	0	1.760922e+00	1.093687e+00	1.021214e+00	0	0	5.811007e-01	4.075316e-02	1.381816e+00	2.887737e+00
TCGA-CR-6472-01A-11R-1873-07	0	9.066994e-02	1.050184e+00	3.701460e-02	1.047272e+00	0	7.552045e-01	3.454875e-01	7.385039e-01	2.164780e+00	8.308631e-01
TCGA-CR-6473-01A-11R-1873-07	0	2.090088e-01	1.396230e+00	0	6.361919e-01	0	2.667261e-01	0	1.565864e+00	1.307051e+00	1.654544e+00
TCGA-CR-6474-01A-11R-1873-07	5.440765e-01	2.933964e-01	1.287130e+00	1.118111e-01	1.518577e+00	1.093860e-01	1.338149e-02	0	7.972632e-02	1.824076e+00	3.563963e+00
TCGA-CR-6477-01A-11R-1873-07	2.681741e-01	0	1.564611e+00	4.979935e-01	1.325007e+00	4.426872e-01	3.497174e-01	0	0	1.467646e+00	4.054499e+00
TCGA-CR-6478-01A-11R-1873-07	0	2.521898e-01	2.409808e+00	4.248406e-01	9.885188e-01	6.537067e-01	6.494480e-02	0	2.124397e-01	1.144368e+00	3.426597e+00
TCGA-CR-6480-01A-11R-1873-07	0	3.722393e-01	1.674472e+00	6.871510e-01	3.686078e-01	0	1.019684e-01	7.546030e-01	1.126087e+00	1.397882e+00	1.093595e+00
TCGA-CR-6481-01A-11R-1873-07	0	0	2.299619e+00	3.023183e-01	1.182710e+00	0	2.287442e-01	3.274478e-01	8.390758e-01	1.396786e+00	1.665068e+00
TCGA-CR-6482-01A-11R-1873-07	1.552479e-02	2.988664e-01	1.890610e+00	2.434594e-01	1.418234e+00	0	2.461202e-01	4.918091e-01	9.474941e-01	1.783112e+00	1.362984e+00
TCGA-CR-6484-01A-11R-1873-07	0	1.069349e-02	2.351454e+00	9.376576e-01	1.162415e+00	6.052726e-01	0	6.222589e-01	0	1.570995e+00	2.675117e+00
TCGA-CR-6487-01A-11R-1873-07	2.959379e-01	0	2.314954e+00	0	1.356056e+00	0	4.962926e-01	0	9.869685e-01	1.594862e+00	5.867910e-01
TCGA-CR-6488-01A-12R-2081-07	6.733152e-01	1.673704e-01	1.402180e+00	8.696199e-01	1.287618e+00	7.242880e-02	1.226598e-01	2.074465e-01	3.544304e-02	1.547377e+00	3.637744e+00
TCGA-CR-6491-01A-11R-1873-07	1.606738e-01	0	1.290525e+00	1.182004e+00	4.987347e-01	0	3.412216e-01	3.399473e-01	0	1.519838e+00	3.851024e+00
TCGA-CR-6492-01A-12R-2081-07	0	1.007042e+00	1.908013e+00	1.238551e+00	4.128627e-01	0	2.730122e-02	6.880175e-01	0	1.679541e+00	3.162861e+00
TCGA-CR-6493-01A-11R-1873-07	1.827696e-01	0	1.462003e+00	8.923884e-01	4.864852e-02	0	0	7.898294e-02	0	1.213725e+00	4.420982e+00
TCGA-CR-7364-01A-11R-2016-07	0	5.252002e-01	1.130990e+00	8.285532e-01	7.453630e-01	3.670994e-01	2.141412e-01	7.317877e-01	2.756902e-02	1.628006e+00	2.418802e+00
TCGA-CR-7365-01A-11R-2016-07	5.302687e-01	0	1.298276e+00	9.662578e-01	9.470056e-01	0	1.293843e-01	2.471383e-02	0	1.276603e+00	4.216187e+00
TCGA-CR-7367-01A-11R-2016-07	1.129796e-02	5.414637e-01	1.359954e+00	1.003464e+00	1.512176e+00	0	4.862689e-02	1.793922e-01	1.194170e-01	1.553289e+00	3.344471e+00
TCGA-CR-7368-01A-11R-2132-07	0	4.410328e-01	1.758278e+00	8.191662e-01	5.735583e-01	0	1.087733e-01	4.722349e-01	4.835534e-01	1.063149e+00	2.548692e+00
TCGA-CR-7369-01A-11R-2132-07	1.095576e-01	0	1.313178e+00	8.015819e-01	9.721864e-01	0	2.344399e-01	6.540078e-01	4.094568e-01	1.462397e+00	2.725589e+00
TCGA-CR-7370-01A-11R-2132-07	1.846229e-02	7.525957e-01	1.273504e+00	5.855404e-02	1.252252e+00	4.503858e-01	1.359077e+00	0	0	1.669043e+00	2.188545e+00
TCGA-CR-7371-01A-11R-2016-07	2.022103e-01	8.759664e-01	1.533591e+00	6.592094e-01	1.084289e+00	3.074356e-01	7.430391e-01	4.302438e-01	1.408209e-01	1.755622e+00	2.431171e+00
TCGA-CR-7372-01A-11R-2016-07	4.872041e-01	0	1.109191e+00	1.033637e+00	1.274922e+00	2.093553e-01	4.564451e-01	1.014694e-01	0	1.614941e+00	3.589777e+00
TCGA-CR-7373-01A-11R-2016-07	0	3.928828e-02	2.432581e+00	6.243374e-01	4.133892e-01	0	5.988246e-02	0	0	8.496429e-01	4.157909e+00
TCGA-CR-7374-01A-11R-2016-07	3.979891e-02	6.267287e-01	1.338534e+00	3.314548e-01	1.194178e+00	2.088963e-01	1.052837e+00	3.643834e-02	2.398412e-01	1.798832e+00	2.113275e+00
TCGA-CR-7376-01A-11R-2132-07	4.801138e-01	5.809561e-01	2.159669e+00	5.039289e-01	1.705868e+00	0	0	2.886763e-01	0	1.490235e+00	3.006624e+00
TCGA-CR-7377-01A-11R-2016-07	6.510418e-01	0	1.809460e+00	8.382673e-01	1.373833e+00	2.688820e-01	8.157294e-02	6.346094e-01	4.391475e-02	1.737487e+00	2.895591e+00
TCGA-CR-7379-01A-11R-2016-07	2.643312e-01	0	1.199141e+00	8.410171e-01	1.196695e+00	7.605454e-01	1.632555e-01	7.119776e-02	0	1.557791e+00	3.933278e+00
TCGA-CR-7380-01A-11R-2016-07	0	8.636358e-02	1.504508e+00	8.030395e-01	1.265424e+00	7.432571e-02	3.533873e-01	0	0	1.216277e+00	3.998800e+00
TCGA-CR-7382-01A-11R-2132-07	4.666072e-01	0	2.211036e+00	7.537402e-02	1.613654e+00	0	1.070687e-01	1.178800e-02	0	1.390856e+00	2.938372e+00
TCGA-CR-7383-01A-11R-2132-07	6.143390e-01	2.264490e-01	1.901889e+00	2.342172e-01	1.212603e+00	0	8.121010e-01	0	0	2.209042e+00	2.883143e+00
TCGA-CR-7385-01A-11R-2016-07	0	0	2.051506e+00	6.883995e-01	5.767503e-01	0	3.247661e-01	7.825995e-01	9.651983e-01	1.591671e+00	1.035372e+00
TCGA-CR-7386-01A-11R-2016-07	3.839459e-01	0	1.854828e+00	7.789116e-01	1.744243e+00	3.527783e-01	1.214748e-01	0	0	1.462831e+00	3.736759e+00
TCGA-CR-7388-01A-11R-2016-07	5.916536e-02	3.767450e-01	1.504749e+00	7.861990e-01	1.288005e+00	6.890113e-01	5.443604e-01	6.434574e-01	2.440620e-01	1.808569e+00	2.467762e+00
TCGA-CR-7389-01A-11R-2016-07	0	8.406509e-01	1.468026e+00	9.557183e-01	1.232735e+00	0	2.768071e-01	5.449728e-01	3.265168e-03	1.724557e+00	2.716671e+00
TCGA-CR-7390-01A-11R-2016-07	1.332152e-01	0	6.900579e-01	7.586076e-01	1.132015e+00	1.283742e-01	6.550316e-01	2.088389e-01	8.884803e-02	1.456797e+00	3.754674e+00
TCGA-CR-7391-01A-11R-2016-07	5.064303e-01	0	1.734528e+00	1.350785e+00	1.304391e+00	0	1.663606e-01	1.024671e+00	0	1.997367e+00	2.264988e+00
TCGA-CR-7392-01A-11R-2016-07	3.465996e-01	1.102090e-01	1.945126e+00	8.580559e-01	1.405373e+00	5.786547e-01	0	1.581526e-02	0	1.156748e+00	3.744564e+00
TCGA-CR-7393-01A-11R-2016-07	3.452113e-01	2.225203e-02	1.489694e+00	1.073727e+00	1.551210e+00	0	1.473920e-01	1.157311e+00	6.038868e-02	1.965226e+00	2.097826e+00
TCGA-CR-7394-01A-11R-2016-07	2.859068e-01	0	2.127316e+00	1.429597e+00	1.261698e+00	0	1.782906e-01	4.546635e-01	0	1.216709e+00	3.094064e+00
TCGA-CR-7395-01A-11R-2016-07	1.284048e-01	0	2.244406e+00	1.193370e+00	9.226384e-01	0	2.289554e-03	4.225157e-01	0	1.339472e+00	3.593021e+00
TCGA-CR-7397-01A-11R-2016-07	4.296398e-01	0	1.256025e+00	9.914113e-01	1.615565e+00	3.990390e-01	1.736008e-01	9.345658e-01	0	2.056844e+00	2.638431e+00
TCGA-CR-7398-01A-11R-2016-07	2.607472e-02	0	1.110827e+00	9.891615e-02	1.236177e+00	2.174141e-01	5.449768e-01	0	1.091446e-01	1.744038e+00	2.519758e+00
TCGA-CR-7399-01A-11R-2016-07	0	2.037259e-01	1.744476e+00	3.679605e-02	1.289332e+00	4.265800e-01	4.833318e-01	9.172295e-03	1.343015e+00	1.665920e+00	1.653674e+00
TCGA-CR-7401-01A-11R-2016-07	6.086039e-01	0	1.283796e+00	9.922864e-01	1.199283e+00	1.779615e-01	2.149802e-01	4.520974e-01	0	1.921553e+00	3.418411e+00
TCGA-CR-7402-01A-11R-2016-07	6.640437e-02	7.002575e-01	1.445590e+00	5.485407e-01	7.555488e-01	0	1.292559e-01	2.123805e-01	5.758678e-01	1.504194e+00	2.413643e+00
TCGA-CR-7404-01A-11R-2132-07	3.200610e-02	7.630400e-02	1.934524e+00	4.111143e-01	9.465590e-01	0	3.448376e-01	4.276274e-01	7.818458e-01	1.605865e+00	1.616110e+00
TCGA-CV-5430-01A-02R-1686-07	1.631659e-02	2.627653e-01	1.629689e+00	1.149330e-01	1.161999e+00	7.723549e-02	3.248824e-01	1.241707e-01	8.668014e-01	1.792031e+00	1.304939e+00
TCGA-CV-5431-01A-01R-1514-07	0	3.979051e-02	1.698911e+00	0	1.590848e+00	5.293811e-01	9.077434e-02	0	1.078108e+00	1.667567e+00	2.363417e+00
TCGA-CV-5432-01A-02R-1686-07	2.695667e-01	6.381299e-01	1.113120e+00	6.752088e-01	6.858189e-01	0	1.068517e+00	0	1.662409e-01	2.085689e+00	3.212525e+00
TCGA-CV-5434-01A-01R-1686-07	6.016817e-01	0	1.462601e+00	3.733126e-02	1.737081e+00	0	1.405039e+00	0	0	2.135731e+00	2.337782e+00
TCGA-CV-5435-01A-01R-1686-07	5.710328e-01	2.990089e-02	7.117608e-01	0	1.442204e+00	0	1.470088e+00	0	0	1.804605e+00	2.560714e+00
TCGA-CV-5436-01A-01R-1514-07	3.382525e-01	0	1.433319e+00	3.953372e-01	9.075435e-01	0	4.222566e-01	0	1.227429e-01	1.523068e+00	3.990802e+00
TCGA-CV-5439-01A-01R-1686-07	0	2.177022e-01	1.728376e+00	1.244812e+00	2.853231e-01	1.610156e-01	1.576501e-01	5.933704e-01	4.697309e-02	1.614328e+00	3.020673e+00
TCGA-CV-5440-01A-01R-1514-07	9.100225e-01	7.801529e-02	1.069050e+00	3.615404e-01	8.363285e-01	2.011743e-01	1.142396e+00	0	0	2.020161e+00	2.746683e+00
TCGA-CV-5441-01A-01R-1514-07	0	0	1.107774e+00	5.814071e-01	8.247923e-01	5.366252e-01	0	0	0	1.934364e+00	3.519107e+00
TCGA-CV-5442-01A-01R-1514-07	0	0	6.315931e-01	1.231971e+00	0	0	0	1.222681e-01	1.719393e-01	1.497916e+00	3.253534e+00
TCGA-CV-5443-01A-01R-1514-07	1.960430e-02	4.323894e-02	1.714515e+00	0	1.246079e+00	0	0	0	2.070988e+00	1.656674e+00	9.162787e-01
TCGA-CV-5444-01A-02R-1514-07	7.290636e-01	0	1.826082e+00	3.964310e-01	1.547048e+00	0	0	0	0	1.682129e+00	3.512711e+00
TCGA-CV-5966-01A-11R-1686-07	3.784903e-01	0	2.379812e+00	0	3.372790e-01	0	6.038870e-02	0	0	1.760639e+00	3.671635e+00
TCGA-CV-5970-01A-11R-1686-07	4.859381e-01	8.300600e-02	1.412816e+00	1.198854e+00	1.087117e+00	2.473604e-01	0	0	8.016753e-02	1.247888e+00	3.854317e+00
TCGA-CV-5971-01A-11R-1686-07	1.104867e+00	1.466039e-02	1.658570e+00	0	1.685454e+00	2.252707e-02	0	1.081739e-01	0	2.441988e+00	2.298295e+00
TCGA-CV-5973-01A-11R-1686-07	1.248039e-01	2.775048e-01	1.143825e+00	1.461302e+00	0	3.964812e-01	0	3.106081e-01	0	2.326198e+00	3.792912e+00
TCGA-CV-5976-01A-11R-1686-07	6.758342e-01	1.376511e-01	1.319678e+00	6.666085e-01	6.216372e-01	0	1.284309e-01	1.001924e-02	0	1.721802e+00	3.870750e+00
TCGA-CV-5977-01A-11R-1686-07	2.942176e-01	0	1.827363e+00	6.989759e-01	0	0	0	0	0	1.365875e+00	4.572198e+00
TCGA-CV-5978-01A-11R-1686-07	9.006071e-03	0	1.533739e+00	9.948930e-02	1.977707e+00	0	1.643991e+00	0	0	1.761786e+00	2.686719e+00
TCGA-CV-5979-01A-11R-1686-07	4.139231e-01	0	1.330065e+00	6.215164e-01	3.537799e-01	0	0	0	0	1.438099e+00	4.311670e+00
TCGA-CV-6003-01A-11R-1686-07	2.546838e-01	0	1.561840e+00	6.456298e-01	9.704099e-02	3.979996e-01	2.859206e-01	0	0	1.571500e+00	4.283534e+00
TCGA-CV-6433-01A-11R-1686-07	0	1.746359e-02	2.096578e+00	0	6.390104e-01	0	0	0	1.981240e+00	1.551011e+00	1.003831e+00
TCGA-CV-6436-01A-11R-1686-07	0	0	2.201393e+00	1.634580e+00	1.546652e-01	0	1.931811e-01	4.871414e-01	0	2.592963e+00	3.126676e+00
TCGA-CV-6441-01A-11R-1686-07	7.484802e-01	3.200452e-01	1.383042e+00	1.682906e-01	0	0	2.272894e-01	0	4.141380e-01	2.137940e+00	1.610198e+00
TCGA-CV-6933-11A-01R-1915-07	1.000969e-01	2.107034e+00	6.327569e-01	0	9.297781e-01	0	7.994572e-02	0	0	3.057141e+00	1.025547e+00
TCGA-CV-6933-01A-11R-1915-07	2.022168e-01	9.606362e-02	1.251843e+00	5.974430e-01	1.349991e+00	4.255734e-01	1.193256e+00	1.467084e-02	1.410418e-01	1.879643e+00	3.047104e+00
TCGA-CV-6934-11A-01R-1915-07	1.670881e-01	1.667478e+00	1.467353e+00	7.739724e-01	6.721133e-02	0	4.625090e-01	7.183207e-01	0	2.450547e+00	1.280066e+00
TCGA-CV-6934-01A-11R-1915-07	5.962386e-01	1.167540e-01	1.596449e+00	2.839763e-01	1.871303e+00	0	5.511657e-01	1.200193e-01	0	1.959344e+00	3.096880e+00
TCGA-CV-6935-11A-01R-1915-07	0	8.260750e-01	1.134968e+00	1.524190e+00	3.418089e-01	0	2.872409e-01	1.739646e+00	0	2.732226e+00	1.243335e+00
TCGA-CV-6935-01A-11R-1915-07	3.179305e-01	1.766045e-01	7.683074e-01	1.691557e-01	1.466316e+00	0	1.382408e+00	4.066891e-03	0	2.355731e+00	2.631135e+00
TCGA-CV-6936-11A-01R-1915-07	7.373855e-01	0	1.319973e+00	1.168493e+00	9.853503e-01	0	3.072399e-01	1.543124e+00	0	2.894730e+00	1.222405e+00
TCGA-CV-6936-01A-11R-1915-07	0	0	1.834331e+00	4.973201e-01	6.671392e-01	5.128376e-01	7.025368e-03	3.597351e-02	4.995044e-02	1.633472e+00	3.176827e+00
TCGA-CV-6937-01A-11R-2016-07	9.747597e-02	1.403332e-01	1.062570e+00	4.215516e-01	1.135481e+00	8.806109e-01	2.049173e-01	0	2.543942e-01	2.288391e+00	3.030151e+00
TCGA-CV-6938-11A-01R-1915-07	1.688822e-01	7.383943e-01	8.823258e-01	8.580028e-01	1.606189e+00	1.969939e-02	1.841903e-01	2.448088e-01	5.279711e-03	2.489830e+00	2.187762e+00
TCGA-CV-6938-01A-11R-1915-07	0	0	2.755999e+00	9.166969e-01	2.641295e-01	0	2.618177e-01	7.163733e-02	0	1.269443e+00	3.718801e+00
TCGA-CV-6939-11A-01R-1915-07	1.110324e+00	1.567464e+00	5.486469e-01	0	1.488038e+00	0	0	1.717417e-01	0	3.387428e+00	8.094164e-01
TCGA-CV-6939-01A-11R-1915-07	1.671524e-02	9.498291e-01	1.642549e+00	1.551433e-01	1.055758e+00	0	1.579864e-01	2.300202e-01	1.058355e+00	1.448746e+00	1.491092e+00
TCGA-CV-6940-01A-11R-1915-07	6.366233e-01	0	9.953352e-01	6.733554e-01	1.020103e+00	0	1.089741e+00	3.736266e-01	7.570852e-02	2.010872e+00	2.863923e+00
TCGA-CV-6941-01A-11R-1915-07	9.994896e-02	0	1.347575e+00	6.501785e-01	1.227479e+00	3.112765e-01	5.466677e-01	9.510435e-02	0	1.678418e+00	2.993483e+00
TCGA-CV-6942-01A-21R-2016-07	6.501248e-02	7.698846e-01	2.382819e+00	2.122098e-01	9.682049e-01	0	0	0	0	1.807601e+00	3.374542e+00
TCGA-CV-6943-11A-01R-1915-07	5.712525e-01	6.229051e-02	1.093410e+00	1.707051e+00	2.498497e-01	0	3.958725e-01	1.457823e+00	1.329781e-01	2.369563e+00	1.258774e+00
TCGA-CV-6943-01A-11R-1915-07	2.607438e-01	0	2.295031e+00	1.028896e+00	1.457500e+00	0	0	5.469654e-01	0	1.511685e+00	2.940284e+00
TCGA-CV-6945-01A-11R-1915-07	1.187067e-01	6.419805e-02	8.386854e-01	8.857660e-01	7.458469e-01	7.534484e-01	5.370389e-01	0	0	2.117121e+00	4.118685e+00
TCGA-CV-6948-01A-11R-1915-07	5.907397e-02	2.095793e-01	1.436866e+00	9.275778e-02	1.026210e+00	1.959743e-01	1.398362e+00	0	1.240931e-01	2.211575e+00	1.727310e+00
TCGA-CV-6950-01A-11R-1915-07	6.429620e-01	3.989345e-01	1.379126e+00	1.804101e-01	8.795681e-01	0	1.203543e-01	0	1.497881e-01	1.439477e+00	3.798987e+00
TCGA-CV-6951-01A-11R-1915-07	5.913684e-01	5.359927e-01	1.002221e+00	6.285139e-01	6.986269e-01	0	1.309593e+00	9.944207e-02	0	2.075103e+00	2.832201e+00
TCGA-CV-6952-01A-11R-1915-07	5.248985e-01	0	2.084254e+00	1.372609e+00	4.430533e-01	0	2.305289e-01	6.461242e-02	0	1.051709e+00	4.179348e+00
TCGA-CV-6953-01A-11R-1915-07	0	0	1.431795e+00	1.515259e+00	3.487212e-01	2.881173e-01	8.310618e-02	5.021240e-01	0	1.747148e+00	3.351590e+00
TCGA-CV-6954-01A-11R-1915-07	1.266108e-02	0	1.651971e+00	9.550630e-01	9.238731e-01	8.088634e-02	0	0	0	1.612763e+00	3.643925e+00
TCGA-CV-6955-11A-01R-2016-07	9.717066e-02	1.254766e+00	1.776036e+00	1.335844e+00	7.453132e-01	0	2.378724e-01	6.746041e-01	0	1.871952e+00	2.308717e+00
TCGA-CV-6955-01A-11R-2016-07	0	7.806318e-03	1.940826e+00	1.784225e+00	1.652505e-01	0	8.081615e-01	9.481480e-01	0	1.870369e+00	1.952938e+00
TCGA-CV-6956-11A-01R-2016-07	8.757912e-01	9.381457e-02	1.312819e+00	1.463709e+00	1.311775e-01	0	1.832286e-01	1.417920e+00	2.261531e-01	2.550245e+00	1.384605e+00
TCGA-CV-6956-01A-21R-2016-07	6.459012e-01	0	7.762240e-01	8.363919e-01	2.630793e-01	2.463252e-01	1.154870e-01	0	0	1.627373e+00	3.985661e+00
TCGA-CV-6959-11A-01R-1915-07	9.672507e-01	0	1.163082e+00	1.503443e+00	7.902342e-01	0	3.161443e-01	9.675611e-01	1.098096e-01	2.607215e+00	1.361429e+00
TCGA-CV-6959-01A-11R-1915-07	7.715580e-01	0	1.856096e+00	7.231199e-01	6.978823e-01	0	0	1.740015e-01	0	1.254913e+00	3.850891e+00
TCGA-CV-6960-11A-01R-2016-07	8.615230e-03	1.059282e-01	9.694323e-01	1.138060e+00	5.051650e-01	0	5.357522e-01	1.565902e+00	0	2.427174e+00	1.304126e+00
TCGA-CV-6960-01A-41R-2016-07	7.584913e-04	1.985046e-01	7.979364e-01	5.205361e-01	7.317886e-01	0	3.905935e-01	0	1.413590e-01	1.664780e+00	3.747306e+00
TCGA-CV-6961-11A-01R-1915-07	6.706263e-01	0	7.251240e-01	1.601475e+00	4.291777e-01	0	4.221371e-01	1.201103e+00	0	2.789618e+00	1.980156e+00
TCGA-CV-6961-01A-21R-1915-07	7.782760e-01	2.010924e-01	1.376514e+00	2.786463e-01	9.948785e-01	6.134799e-01	1.477504e-02	7.496356e-02	2.648077e-01	1.757099e+00	2.871623e+00
TCGA-CV-6962-11A-01R-1915-07	5.714068e-02	4.782180e-01	1.062973e+00	1.252372e+00	6.696534e-01	0	2.728414e-01	1.641892e+00	0	2.681787e+00	1.194546e+00
TCGA-CV-6962-01A-11R-1915-07	1.935314e-01	0	4.638354e-01	2.013567e-01	1.111462e+00	4.247267e-02	1.906639e+00	1.735100e-01	0	2.477760e+00	2.021408e+00
TCGA-CV-7089-01A-11R-2016-07	0	0	1.793652e+00	1.354776e+00	2.131237e-01	0	1.609886e-01	1.087685e+00	0	1.836760e+00	2.849566e+00
TCGA-CV-7090-01A-11R-2016-07	0	0	1.870302e+00	4.614154e-01	1.209606e+00	4.133922e-01	1.045586e-01	0	0	1.131026e+00	4.308644e+00
TCGA-CV-7091-11A-01R-2016-07	1.193349e+00	9.578264e-01	5.639343e-01	0	1.825287e+00	0	0	1.111498e-01	0	3.437839e+00	8.253780e-01
TCGA-CV-7091-01A-11R-2016-07	2.860719e-02	0	1.402937e+00	8.323916e-01	8.726670e-01	2.816744e-01	3.585601e-03	4.880442e-01	0	1.679786e+00	3.316297e+00
TCGA-CV-7095-01A-21R-2016-07	5.440647e-01	0	1.554195e+00	9.475228e-01	5.077628e-01	2.299385e-01	1.302126e-01	4.893470e-02	0	1.538562e+00	3.876415e+00
TCGA-CV-7097-11A-01R-2016-07	9.797726e-01	1.564972e+00	1.208957e+00	0	1.378169e+00	0	0	2.357936e-01	0	3.369427e+00	1.213819e+00
TCGA-CV-7097-01A-11R-2016-07	6.712758e-01	0	1.858925e+00	5.258989e-01	9.309426e-01	0	7.035237e-02	1.522862e-02	0	1.440322e+00	3.725923e+00
TCGA-CV-7099-01A-41R-2016-07	0	4.188423e-01	2.257435e+00	1.066658e+00	3.124030e-01	2.421401e-01	5.789397e-01	3.862799e-01	0	1.483405e+00	3.264141e+00
TCGA-CV-7100-01A-11R-2016-07	6.083330e-03	1.409730e-01	1.955650e+00	0	8.515994e-01	0	1.259451e-01	0	9.514617e-02	1.418638e+00	2.371500e+00
TCGA-CV-7101-11A-01R-2016-07	0	1.332782e+00	7.846881e-01	9.702095e-01	1.070142e-01	0	5.635760e-01	1.207124e+00	6.536902e-03	2.503077e+00	9.568972e-01
TCGA-CV-7101-01A-11R-2016-07	6.806924e-02	5.773383e-01	1.549183e+00	6.086983e-01	1.033600e+00	2.942194e-02	1.105350e+00	4.930588e-01	2.246576e-02	1.943568e+00	2.185397e+00
TCGA-CV-7102-01A-11R-2016-07	6.975232e-01	0	1.442951e+00	6.541603e-03	1.192842e+00	4.052343e-01	1.316920e-01	0	0	1.622823e+00	3.648275e+00
TCGA-CV-7103-11A-01R-2016-07	7.246901e-01	4.687949e-02	8.848407e-01	1.380791e+00	8.136729e-01	0	5.319560e-01	1.066885e+00	1.539475e-01	2.636461e+00	1.353359e+00
TCGA-CV-7103-01A-21R-2016-07	6.499632e-01	0	6.452885e-01	0	1.900334e+00	0	1.200018e+00	0	0	2.433724e+00	2.411071e+00
TCGA-CV-7104-01A-11R-2016-07	7.961670e-01	2.847474e-01	2.022902e+00	8.032941e-01	8.912857e-01	1.259699e-01	0	0	0	1.251881e+00	3.761182e+00
TCGA-CV-7177-11A-01R-2016-07	5.898099e-03	8.716670e-01	1.254435e+00	1.422279e+00	7.863068e-02	0	3.716642e-01	1.445620e+00	0	2.197104e+00	1.924856e+00
TCGA-CV-7177-01A-11R-2016-07	0	1.603424e-01	8.563521e-01	5.841030e-01	1.763811e+00	0	1.196209e+00	1.935220e-01	0	2.067591e+00	2.886281e+00
TCGA-CV-7178-11A-01R-2016-07	3.742722e-01	1.659048e+00	8.129948e-01	4.876934e-01	7.793614e-01	9.886048e-02	2.478787e-01	0	7.533678e-02	3.164043e+00	1.761765e+00
TCGA-CV-7178-01A-21R-2016-07	5.718967e-01	0	1.672033e+00	1.616083e-01	1.297573e+00	7.482783e-01	2.232318e-01	0	0	1.852635e+00	3.022603e+00
TCGA-CV-7180-01A-11R-2016-07	1.790547e-01	5.595333e-02	1.198907e+00	1.420488e+00	4.803331e-03	0	2.481200e-01	7.139351e-01	1.555427e-01	1.924582e+00	3.169008e+00
TCGA-CV-7183-11A-01R-2016-07	0	3.379148e-02	7.268033e-01	1.566792e+00	0	0	7.285083e-01	1.906943e+00	0	3.395927e+00	6.016812e-01
TCGA-CV-7183-01A-11R-2016-07	0	0	7.476260e-01	1.723128e+00	7.144251e-01	0	2.092992e-01	6.521617e-01	0	1.971325e+00	3.350032e+00
TCGA-CV-7235-11A-01R-2016-07	1.217593e-01	1.957303e+00	1.413131e+00	0	1.331239e+00	0	0	0	0	2.584111e+00	1.213467e+00
TCGA-CV-7235-01A-11R-2016-07	0	0	1.821110e+00	0	1.425646e+00	3.092697e-01	1.532397e-01	0	0	1.803436e+00	2.968708e+00
TCGA-CV-7236-01A-11R-2016-07	1.256192e-02	6.453766e-01	1.461682e+00	4.360272e-01	1.041908e+00	6.960686e-01	4.376647e-02	0	0	1.503678e+00	3.719237e+00
TCGA-CV-7238-11A-01R-2016-07	9.671875e-01	1.227892e+00	7.498817e-01	1.127686e+00	8.733818e-01	0	1.170190e-01	9.741777e-01	1.588649e-02	2.930629e+00	1.395871e+00
TCGA-CV-7238-01A-11R-2016-07	8.103808e-01	1.731040e-01	1.908633e+00	8.615394e-01	8.951655e-01	4.368999e-01	1.865063e-01	0	4.274954e-02	1.669650e+00	3.565559e+00
TCGA-CV-7242-11A-01R-2016-07	2.725638e-02	1.711405e-01	1.335816e+00	1.328618e+00	4.100279e-01	0	4.252767e-01	1.741674e+00	0	2.727049e+00	1.121467e+00
TCGA-CV-7242-01A-11R-2016-07	8.608512e-03	1.006022e+00	1.637178e+00	7.807715e-01	5.964066e-01	1.672234e-01	6.224661e-01	3.814973e-01	8.922298e-02	1.893638e+00	2.253878e+00
TCGA-CV-7243-01A-11R-2016-07	5.524845e-01	0	8.894045e-01	5.246683e-01	1.124318e+00	3.066815e-02	1.680471e-01	0	0	1.822771e+00	4.226656e+00
TCGA-CV-7245-11A-01R-2016-07	1.085885e+00	6.232051e-02	7.273292e-01	4.532534e-01	1.699082e+00	0	7.883735e-03	1.281731e+00	0	3.184592e+00	7.795359e-01
TCGA-CV-7245-01A-11R-2016-07	3.457848e-02	0	8.669404e-01	7.285271e-01	8.877526e-01	3.054844e-01	2.327393e-01	1.463765e-01	0	1.558162e+00	3.787562e+00
TCGA-CV-7247-01A-11R-2016-07	7.695007e-01	1.485990e-02	9.983710e-01	4.353748e-01	8.166085e-01	3.664028e-01	2.555385e-01	4.635845e-02	2.791900e-01	1.751083e+00	3.355781e+00
TCGA-CV-7248-01A-11R-2016-07	2.684314e-01	6.528243e-01	1.440268e+00	5.152809e-01	1.118385e+00	2.338393e-01	1.007639e+00	3.529838e-01	5.278449e-02	2.174269e+00	2.364252e+00
TCGA-CV-7250-11A-01R-2016-07	1.008521e+00	4.437666e-02	1.604761e+00	1.177620e+00	3.109920e-01	0	1.321747e-01	1.534543e+00	1.065863e-01	2.569438e+00	7.745272e-01
TCGA-CV-7250-01A-11R-2016-07	8.746046e-02	7.607932e-02	1.547947e+00	8.900890e-01	3.173294e-01	3.117234e-01	3.370344e-01	5.019405e-01	0	1.683681e+00	2.617053e+00
TCGA-CV-7252-11A-01R-2016-07	6.501652e-01	5.495536e-01	7.640502e-01	1.575871e+00	4.283273e-01	0	3.578113e-01	1.388530e+00	1.227699e-01	2.432810e+00	1.434782e+00
TCGA-CV-7252-01A-11R-2016-07	0	0	1.641943e+00	7.592892e-01	8.936276e-01	5.562266e-01	2.035860e-01	8.662599e-02	0	1.386580e+00	4.332153e+00
TCGA-CV-7253-01A-11R-2016-07	4.191958e-01	0	7.364298e-01	7.207658e-01	0	0	4.589598e-01	2.542899e-01	0	1.776703e+00	2.950459e+00
TCGA-CV-7254-01A-11R-2016-07	5.946292e-02	1.027248e+00	1.618479e+00	0	1.758827e+00	0	1.239063e+00	0	7.951759e-02	2.612193e+00	1.707789e+00
TCGA-CV-7255-11A-01R-2016-07	5.081215e-01	9.506769e-01	1.421730e+00	1.006411e+00	2.141677e-01	0	2.432245e-01	1.076153e+00	1.208559e-01	2.286532e+00	1.616174e+00
TCGA-CV-7255-01A-11R-2016-07	5.089378e-01	4.969662e-01	1.054794e+00	1.016848e+00	1.343426e-01	4.366178e-01	0	1.859815e-01	0	1.355757e+00	4.207777e+00
TCGA-CV-7261-11A-01R-2016-07	2.242764e-02	6.127830e-01	6.505422e-01	1.381036e+00	3.402630e-01	0	6.065101e-01	1.587409e+00	0	2.611626e+00	1.119854e+00
TCGA-CV-7261-01A-11R-2016-07	0	6.718728e-01	1.091680e+00	2.640574e-01	1.475140e+00	0	1.543605e+00	1.417609e-02	0	1.934117e+00	2.471251e+00
TCGA-CV-7263-01A-11R-2016-07	6.168044e-01	0	1.382475e+00	6.153641e-01	1.334767e+00	0	6.227178e-01	0	1.047871e-02	1.990911e+00	2.608910e+00
TCGA-CV-7406-11A-01R-2081-07	1.142944e+00	4.867953e-01	8.503612e-01	1.043507e+00	5.943110e-01	0	1.115882e-01	1.383288e+00	0	3.141982e+00	1.359979e+00
TCGA-CV-7406-01A-11R-2081-07	7.758225e-01	1.553597e-01	8.572230e-01	8.909925e-02	1.246762e+00	0	3.808469e-01	3.797952e-01	6.702140e-01	2.206576e+00	1.398445e+00
TCGA-CV-7407-01A-11R-2081-07	2.390633e-01	1.997626e-01	1.929537e+00	1.972991e-01	6.709110e-01	0	8.624376e-01	0	1.002333e-01	1.569445e+00	2.502534e+00
TCGA-CV-7409-01A-31R-2232-07	0	5.942683e-01	1.897975e+00	6.319242e-01	2.082007e-01	1.650972e-01	3.233702e-02	0	7.370602e-02	1.615131e+00	3.008827e+00
TCGA-CV-7410-01A-21R-2081-07	6.818690e-02	0	2.120625e+00	7.109998e-01	1.281234e+00	2.538286e-01	0	4.666741e-02	9.999755e-02	1.416472e+00	3.213971e+00
TCGA-CV-7411-01A-11R-2081-07	0	0	1.175407e+00	1.562728e+00	1.015762e+00	2.230662e-01	2.078134e-01	4.093097e-01	0	1.726297e+00	3.467103e+00
TCGA-CV-7413-01A-11R-2081-07	9.948804e-03	0	1.571575e+00	9.904419e-01	1.280165e+00	9.068933e-01	7.809658e-02	0	0	1.705027e+00	3.710567e+00
TCGA-CV-7414-01A-11R-2081-07	4.302622e-01	0	9.852317e-01	4.355526e-02	1.130678e+00	0	6.319620e-01	5.100587e-03	4.525499e-01	1.934764e+00	2.005380e+00
TCGA-CV-7415-01A-11R-2081-07	2.446594e-01	0	1.751523e+00	4.335390e-01	1.034840e+00	6.936982e-01	8.925987e-02	0	2.764397e-02	1.626288e+00	3.870274e+00
TCGA-CV-7416-11A-01R-2081-07	5.517085e-01	0	8.243593e-01	1.570095e+00	0	0	3.645250e-01	1.337834e+00	2.044701e-02	2.513203e+00	2.007963e+00
TCGA-CV-7416-01A-11R-2081-07	7.881225e-03	0	1.185785e+00	3.799832e-01	1.280703e+00	4.196669e-01	5.653029e-01	0	0	1.294381e+00	4.247247e+00
TCGA-CV-7418-01A-11R-2081-07	3.352167e-01	2.641013e-01	1.476206e+00	0	1.090844e+00	0	1.665022e+00	0	2.036982e-01	2.002970e+00	1.780218e+00
TCGA-CV-7421-01A-11R-2081-07	3.011601e-03	3.804388e-01	9.606006e-01	2.404725e-01	1.412341e+00	0	4.996377e-01	2.600342e-01	3.842191e-01	2.388966e+00	2.527687e+00
TCGA-CV-7422-01A-21R-2081-07	3.090880e-01	0	1.737023e+00	3.345627e-01	9.977016e-01	0	1.356223e+00	1.266182e-01	1.020801e-01	1.665551e+00	2.183095e+00
TCGA-CV-7423-11A-01R-2081-07	7.345071e-01	0	1.408851e+00	1.490939e+00	9.052134e-02	0	2.566000e-01	1.176975e+00	1.144235e-01	2.566932e+00	1.670744e+00
TCGA-CV-7423-01A-11R-2081-07	3.846353e-01	0	9.643177e-01	1.115908e+00	5.965827e-01	7.042633e-01	0	4.886578e-02	0	1.235139e+00	4.574633e+00
TCGA-CV-7424-11A-01R-2081-07	5.982017e-01	8.523250e-01	1.023242e+00	1.326460e+00	2.766753e-01	0	3.991358e-01	1.405507e+00	0	2.375137e+00	1.341905e+00
TCGA-CV-7424-01A-11R-2081-07	4.192902e-02	0	1.199742e+00	0	1.888963e+00	2.160147e-01	1.593438e+00	0	0	2.433660e+00	1.856858e+00
TCGA-CV-7425-11A-01R-2081-07	0	0	2.010766e+00	1.795449e+00	4.466133e-01	0	2.302253e-01	3.087228e-01	0	1.910203e+00	2.913407e+00
TCGA-CV-7425-01A-11R-2081-07	4.979595e-02	1.103225e-01	1.995881e+00	1.357524e+00	5.376969e-01	5.861388e-02	1.143805e-01	9.159108e-03	0	1.197371e+00	3.691758e+00
TCGA-CV-7427-01A-11R-2081-07	1.907611e-01	0	2.594322e+00	1.449673e+00	3.115259e-01	0	1.123259e-01	3.040264e-01	0	9.369484e-01	3.542081e+00
TCGA-CV-7428-01A-11R-2132-07	5.868000e-02	2.583574e-01	2.109746e+00	8.807353e-01	6.492548e-01	0	1.752061e-01	0	1.723959e-02	1.359375e+00	3.506925e+00
TCGA-CV-7429-01A-11R-2132-07	3.922103e-01	0	1.306225e+00	0	1.450752e+00	6.151933e-01	7.731694e-01	0	0	2.249501e+00	3.353624e+00
TCGA-CV-7430-01A-11R-2132-07	0	0	8.047744e-01	1.021094e+00	5.652705e-01	0	9.541096e-01	8.067177e-01	2.333922e-04	1.794811e+00	2.674759e+00
TCGA-CV-7432-11A-01R-2132-07	7.595552e-02	2.157396e+00	9.307709e-01	0	9.438412e-01	0	0	0	0	2.893738e+00	9.832032e-01
TCGA-CV-7432-01A-11R-2132-07	0	0	1.554781e+00	7.247540e-01	7.752217e-02	0	5.046092e-01	0	0	1.498898e+00	4.098238e+00
TCGA-CV-7433-01A-11R-2132-07	1.933915e-01	2.397283e-02	2.121733e+00	7.269517e-01	1.376670e+00	4.867489e-01	6.144758e-02	1.350551e-01	0	1.672711e+00	3.688415e+00
TCGA-CV-7434-11A-01R-2132-07	9.410365e-02	2.087318e+00	1.015989e+00	0	1.277755e+00	0	0	4.094989e-02	0	2.838618e+00	1.401339e+00
TCGA-CV-7434-01A-11R-2132-07	0	0	1.965034e+00	5.615933e-01	3.494844e-01	0	1.046566e-02	0	0	1.030652e+00	4.467783e+00
TCGA-CV-7435-01A-11R-2132-07	4.037271e-01	0	1.591085e+00	4.934969e-01	1.543165e+00	9.133239e-02	4.806347e-01	1.455200e-01	0	1.526980e+00	3.176641e+00
TCGA-CV-7437-11A-01R-2132-07	0	4.881944e-01	1.236655e+00	1.417080e+00	0	0	5.117495e-01	1.581337e+00	1.761511e-01	2.565372e+00	9.959855e-01
TCGA-CV-7437-01A-21R-2132-07	5.273918e-04	1.529795e-01	1.105109e+00	0	1.054967e+00	2.522120e-01	1.599222e+00	0	1.248523e-01	1.968081e+00	2.128690e+00
TCGA-CV-7438-11A-01R-2132-07	4.069784e-01	3.129059e-01	1.596191e+00	1.424623e+00	4.546267e-01	0	4.087204e-01	1.253347e+00	2.307316e-01	2.256743e+00	1.754767e+00
TCGA-CV-7438-01A-21R-2132-07	7.705280e-01	1.180391e-01	1.817947e+00	4.659659e-01	9.277011e-01	0	5.714660e-02	0	1.901622e-01	1.567788e+00	3.607342e+00
TCGA-CV-7440-11A-01R-2187-07	6.716956e-01	1.235153e+00	1.127565e+00	1.084199e+00	0	0	5.120024e-01	1.020974e+00	0	2.326047e+00	1.685658e+00
TCGA-CV-7440-01A-11R-2132-07	8.993411e-03	2.535795e-01	1.515683e+00	1.213805e-01	5.816500e-01	6.932946e-01	0	0	0	1.478718e+00	3.393529e+00
TCGA-CV-7446-01A-11R-2232-07	3.404452e-02	4.829081e-01	1.054054e+00	4.605465e-01	1.257600e+00	7.712676e-01	1.107650e+00	1.243029e-01	9.436461e-02	1.270708e+00	2.587588e+00
TCGA-CV-7568-01A-11R-2232-07	5.769255e-01	0	1.149229e+00	3.829719e-01	1.306163e+00	0	4.649441e-01	0	0	1.226815e+00	3.988783e+00
TCGA-CV-A45O-01A-21R-A24H-07	0	0	1.804972e+00	2.101010e+00	3.281879e-01	0	0	2.163936e-01	0	1.338499e+00	3.424847e+00
TCGA-CV-A45P-01A-11R-A24H-07	4.154654e-01	0	1.501366e+00	1.730346e+00	1.298943e-01	0	1.014631e-01	7.410204e-01	0	1.684823e+00	3.312504e+00
TCGA-CV-A45Q-01A-11R-A24H-07	2.674099e-01	0	1.669290e+00	1.363714e+00	0	0	5.754564e-02	0	0	3.169198e+00	3.602286e+00
TCGA-CV-A45R-01A-11R-A24H-07	5.741517e-01	0	1.705990e+00	1.043246e+00	8.907649e-01	1.788063e-01	2.734372e-01	3.999653e-01	4.927400e-02	1.834464e+00	2.973006e+00
TCGA-CV-A45T-01A-11R-A24H-07	5.716907e-01	0	2.285966e+00	1.278228e+00	6.913460e-01	2.243002e-01	1.286830e-01	5.033707e-01	6.021679e-02	2.095972e+00	3.022915e+00
TCGA-CV-A45U-01A-12R-A24H-07	9.272053e-02	0	1.157807e+00	4.182989e-01	1.016891e+00	8.311057e-01	9.402329e-01	0	4.186571e-01	1.725920e+00	2.892546e+00
TCGA-CV-A45V-01A-21R-A24Z-07	1.397392e-01	0	1.740579e+00	1.477693e+00	8.870881e-01	3.332925e-01	3.157065e-01	5.854328e-01	0	1.911322e+00	2.734576e+00
TCGA-CV-A45W-01A-11R-A24Z-07	1.936574e-02	2.016276e-01	1.781941e+00	1.944633e-01	1.319521e+00	5.497351e-01	1.311007e+00	9.857292e-02	2.706469e-01	2.359101e+00	1.615410e+00
TCGA-CV-A45X-01A-21R-A24Z-07	0	0	1.190976e+00	1.435566e+00	3.558011e-01	9.712544e-01	0	3.899288e-01	0	1.561232e+00	3.576235e+00
TCGA-CV-A45Y-01A-11R-A24Z-07	5.848277e-03	6.554422e-01	1.643438e+00	5.285349e-01	1.426512e+00	3.667717e-02	2.730311e-01	4.157123e-02	3.826284e-01	1.986588e+00	3.053236e+00
TCGA-CV-A45Z-01A-21R-A24Z-07	0	5.150572e-01	1.657666e+00	5.654351e-01	8.262292e-01	1.426780e-01	9.501218e-01	2.332754e-01	1.820662e-01	2.147881e+00	2.243540e+00
TCGA-CV-A460-01A-21R-A24Z-07	0	0	1.583838e+00	1.600483e-01	1.370979e+00	3.128880e-01	1.301348e-01	1.488105e-01	1.566853e+00	1.766299e+00	1.662887e+00
TCGA-CV-A461-01A-41R-A266-07	7.127881e-02	0	2.129559e+00	4.517195e-01	7.950326e-01	1.410550e-01	4.180103e-01	0	0	2.028158e+00	2.234573e+00
TCGA-CV-A463-01A-11R-A266-07	0	0	1.526396e+00	1.344226e+00	2.719430e-01	0	2.050114e-01	0	0	1.395173e+00	3.893006e+00
TCGA-CV-A464-01A-11R-A266-07	7.527000e-01	0	1.664640e+00	4.505225e-01	1.208107e+00	0	8.176784e-02	0	0	1.887752e+00	3.731525e+00
TCGA-CV-A465-01A-11R-A266-07	4.584847e-01	0	1.166261e+00	1.441797e+00	2.826746e-01	0	2.352283e-01	0	0	1.536464e+00	4.061080e+00
TCGA-CV-A468-01A-11R-A266-07	5.785002e-01	0	2.122035e+00	1.074211e+00	1.027640e+00	0	1.636472e-01	8.695288e-01	0	2.368783e+00	2.378774e+00
TCGA-CV-A6JD-01A-11R-A31N-07	1.102919e-02	1.590444e-02	2.140064e+00	1.049237e-01	7.196783e-01	0	0	0	0	2.176231e+00	3.406613e+00
TCGA-CV-A6JE-01A-11R-A31N-07	0	1.729567e-01	1.914266e+00	4.464608e-01	5.286135e-01	2.888862e-01	0	0	0	2.932515e+00	3.651066e+00
TCGA-CV-A6JM-01A-11R-A31N-07	6.852029e-02	0	1.121041e+00	7.524714e-01	4.470958e-01	7.380279e-01	1.356770e-01	0	0	3.599101e+00	3.327623e+00
TCGA-CV-A6JN-01A-11R-A31N-07	2.637796e-01	0	1.965535e+00	1.202897e+00	0	0	6.756348e-02	3.939585e-01	6.241055e-03	2.694938e+00	3.625447e+00
TCGA-CV-A6JO-01B-11R-A34R-07	0	0	2.335211e+00	1.143366e+00	1.752362e-01	0	1.089593e-01	3.583884e-01	0	1.662364e+00	3.834027e+00
TCGA-CV-A6JT-01A-11R-A31N-07	6.557163e-01	0	1.644333e+00	1.044737e+00	7.578338e-01	0	0	0	0	2.623624e+00	3.680220e+00
TCGA-CV-A6JU-01A-11R-A31N-07	7.725165e-01	2.417359e-01	1.530680e+00	1.702768e-01	4.041386e-01	1.661906e-02	3.220941e-01	0	0	3.482339e+00	2.264414e+00
TCGA-CV-A6JY-01A-11R-A31N-07	0	0	9.390313e-01	1.680191e+00	5.672479e-01	5.998106e-01	4.280005e-01	4.113511e-01	0	1.886332e+00	2.854608e+00
TCGA-CV-A6JZ-01A-11R-A31N-07	2.748177e-03	3.907640e-02	2.446239e+00	4.702354e-01	8.605769e-01	9.980510e-02	8.013030e-03	0	0	1.787047e+00	3.304502e+00
TCGA-CV-A6K0-01B-21R-A31N-07	7.079759e-01	0	1.734855e+00	7.289895e-01	1.137057e+00	0	2.323211e-01	6.901557e-01	4.912079e-02	2.052269e+00	2.430944e+00
TCGA-CV-A6K1-01A-11R-A31N-07	0	0	1.865943e+00	1.136418e+00	1.823502e-01	2.439210e-01	1.591416e-02	1.686278e-01	0	2.847948e+00	3.163524e+00
TCGA-CV-A6K2-01A-11R-A31N-07	0	0	1.749614e+00	9.781791e-01	5.231626e-01	9.731185e-01	1.927416e-01	4.690394e-01	0	1.663386e+00	3.354891e+00
TCGA-CX-7082-01A-11R-2016-07	5.791233e-01	0	1.225178e+00	1.062556e-01	9.906158e-01	0	1.038773e+00	0	2.872786e-01	1.890752e+00	2.304264e+00
TCGA-CX-7085-01A-21R-2016-07	6.525840e-01	0	2.051902e+00	1.294081e+00	1.456045e+00	0	0	7.885166e-01	0	1.559262e+00	2.935987e+00
TCGA-CX-7086-01A-11R-2081-07	0	0	1.575203e+00	1.292378e+00	2.575671e-01	6.555019e-01	4.962366e-01	6.642595e-01	0	1.344170e+00	3.007806e+00
TCGA-CX-7219-01A-11R-2016-07	3.920527e-02	3.118121e-01	1.741923e+00	8.447383e-01	1.134122e+00	1.383347e-01	3.846176e-02	3.832045e-01	5.466907e-02	1.408815e+00	3.347594e+00
TCGA-CX-A4AQ-01A-11R-A24Z-07	5.372617e-02	2.336050e-01	1.645891e+00	0	1.392127e+00	3.193173e-01	5.038696e-02	0	1.516744e+00	2.691821e+00	1.653746e+00
TCGA-D6-6515-01A-21R-1873-07	3.757347e-01	0	2.394045e+00	7.855923e-01	1.362769e+00	0	1.130736e-01	2.554035e-01	8.751900e-02	1.434026e+00	2.895791e+00
TCGA-D6-6516-01A-11R-1873-07	5.114006e-03	0	2.035249e+00	1.221473e+00	4.974888e-01	0	1.604815e-01	4.062865e-02	0	1.312839e+00	3.686612e+00
TCGA-D6-6517-01A-11R-1873-07	0	8.158801e-01	1.461201e+00	5.572683e-01	6.517671e-01	2.584415e-01	6.833403e-02	0	0	1.435552e+00	4.077482e+00
TCGA-D6-6823-01A-11R-1915-07	1.633241e-01	5.407620e-01	1.392823e+00	6.799203e-01	2.877404e-01	0	2.437133e-02	0	9.472550e-02	1.467627e+00	3.742502e+00
TCGA-D6-6824-01A-11R-1915-07	1.083601e-01	1.433883e+00	1.819828e+00	5.061440e-01	1.156909e+00	0	2.837427e-01	3.401383e-01	0	1.839052e+00	2.405877e+00
TCGA-D6-6825-01A-21R-1915-07	5.124825e-01	0	2.120675e+00	9.971604e-01	9.738064e-01	3.293190e-01	0	0	0	8.181970e-01	3.875000e+00
TCGA-D6-6826-01A-11R-1915-07	1.170654e-01	8.495064e-01	1.810316e+00	7.194534e-01	9.319183e-01	6.375336e-01	0	2.630254e-01	0	1.162293e+00	3.605336e+00
TCGA-D6-6827-01A-11R-1915-07	3.310743e-02	6.749323e-01	1.033153e+00	2.796322e-01	1.314190e+00	5.040324e-02	3.346377e-01	4.355552e-01	8.991992e-01	2.411340e+00	1.435072e+00
TCGA-D6-8568-01A-11R-2403-07	6.314890e-01	6.919905e-01	1.563449e+00	6.175793e-01	7.180454e-01	0	1.286025e-01	3.215356e-01	4.518566e-02	1.866652e+00	3.205556e+00
TCGA-D6-8569-01A-11R-2403-07	4.876981e-01	0	1.910361e+00	8.416350e-01	5.184950e-01	0	1.999523e-01	1.563600e-01	0	1.209022e+00	3.867513e+00
TCGA-D6-A4Z9-01A-11R-A24Z-07	4.509742e-01	0	1.694596e+00	9.381313e-01	4.618617e-01	0	1.404696e-01	7.285103e-02	5.506139e-02	1.338419e+00	3.878842e+00
TCGA-D6-A4ZB-01A-11R-A24Z-07	2.306289e-02	1.399336e-01	1.131459e+00	9.846153e-01	1.038011e+00	8.782746e-01	6.532921e-01	1.405676e-01	2.297521e-01	2.088767e+00	3.083452e+00
TCGA-D6-A6EK-01A-11R-A31N-07	4.649409e-02	2.067850e-01	2.142518e+00	1.681420e+00	1.836183e-01	0	7.757724e-02	6.028671e-01	1.679332e-01	2.843816e+00	2.632735e+00
TCGA-D6-A6EM-01A-21R-A31N-07	8.663040e-01	0	2.699590e+00	3.652100e-01	1.833523e-01	0	1.044301e-01	0	0	2.922753e+00	2.809070e+00
TCGA-D6-A6EN-01A-11R-A31N-07	8.543894e-03	1.620930e-01	2.738267e+00	4.198729e-01	0	0	0	0	0	2.792862e+00	2.986112e+00
TCGA-D6-A6EO-01A-11R-A31N-07	6.470512e-03	2.851021e-02	1.281407e+00	6.923163e-01	4.736042e-01	0	5.724284e-01	1.256226e-01	0	1.776572e+00	2.884609e+00
TCGA-D6-A6EP-01A-11R-A31N-07	6.517234e-02	1.237959e-02	5.683622e-01	0	1.841999e+00	0	2.786274e-01	0	3.092082e-01	4.239063e+00	1.678472e+00
TCGA-D6-A6EQ-01A-11R-A31N-07	1.082341e-02	2.774593e-01	1.631369e+00	7.833822e-01	8.119521e-01	3.252230e-01	1.374684e-01	1.008869e-01	4.611727e-02	2.788739e+00	3.568474e+00
TCGA-D6-A6ES-01A-12R-A31N-07	0	0	1.140677e+00	1.104600e+00	1.204785e-01	5.607790e-01	2.085309e-01	7.788622e-02	2.901800e-02	3.514990e+00	2.836072e+00
TCGA-D6-A74Q-01A-11R-A34R-07	2.049108e-02	2.474602e-01	1.519135e+00	5.937262e-01	4.377017e-01	0	0	1.817329e-01	2.579358e-01	2.132612e+00	2.755201e+00
TCGA-DQ-5624-01A-01R-1873-07	5.525542e-01	2.963612e-02	1.288360e+00	8.508692e-01	1.033984e+00	6.088122e-01	0	3.090614e-01	0	1.629503e+00	3.942359e+00
TCGA-DQ-5625-01A-01R-1873-07	9.012008e-01	0	2.226806e+00	7.387237e-01	4.944887e-01	0	0	0	0	1.490033e+00	3.729671e+00
TCGA-DQ-5629-01A-01R-1873-07	0	4.708164e-01	9.406507e-01	0	1.033819e+00	5.920602e-01	1.448323e+00	0	0	1.769787e+00	2.672584e+00
TCGA-DQ-5630-01A-01R-1873-07	5.729978e-01	1.315594e-02	2.148204e+00	8.408177e-01	9.929735e-01	0	1.906478e-02	2.668933e-01	0	1.804123e+00	3.465502e+00
TCGA-DQ-5631-01A-01R-1873-07	3.348034e-01	0	8.649151e-01	3.405793e-02	9.823479e-01	4.824525e-01	0	0	0	1.398213e+00	3.940330e+00
TCGA-DQ-7588-01A-11R-2081-07	0	0	3.691656e-01	5.174450e-01	0	2.175331e-01	4.989904e-01	0	0	1.699361e+00	4.351253e+00
TCGA-DQ-7589-01A-11R-2232-07	0	2.529943e-02	6.322546e-01	5.044816e-01	1.373604e+00	0	1.463148e+00	3.933799e-01	2.001389e-01	2.077968e+00	2.531826e+00
TCGA-DQ-7590-01A-11R-2232-07	3.395527e-01	5.097867e-02	1.968239e+00	2.311264e-01	1.326675e+00	0	2.066647e-01	1.433651e-01	1.668337e+00	1.650036e+00	1.481276e+00
TCGA-DQ-7591-01A-11R-2081-07	1.660580e-01	0	1.679585e+00	0	9.949291e-01	0	2.997188e-01	0	1.979755e+00	1.348026e+00	7.786286e-01
TCGA-DQ-7592-01A-11R-2081-07	5.786455e-01	0	1.628912e+00	7.009022e-01	8.092592e-01	0	7.663686e-02	0	0	1.129207e+00	4.022205e+00
TCGA-DQ-7593-01A-11R-2232-07	1.727131e-02	6.472740e-02	1.800920e+00	8.577388e-01	9.529119e-01	0	5.241531e-02	1.029060e+00	1.552477e+00	1.958275e+00	6.910667e-01
TCGA-DQ-7594-01A-11R-2232-07	5.490479e-01	6.577126e-01	1.883097e+00	6.662373e-01	5.934263e-01	0	1.252729e-01	5.640162e-01	7.173262e-01	1.577041e+00	1.646871e+00
TCGA-DQ-7595-01A-11R-2232-07	2.464360e-02	7.680708e-01	1.084664e+00	5.702873e-01	4.931101e-01	2.426738e-01	3.886166e-01	5.157287e-01	9.251767e-02	2.019385e+00	1.834181e+00
TCGA-DQ-7596-01A-11R-2232-07	0	2.489214e-01	1.607730e+00	9.659350e-01	4.448928e-01	0	2.553538e-01	1.173158e+00	1.116105e+00	1.775361e+00	9.372130e-01
TCGA-F7-7848-01A-11R-2132-07	0	7.512464e-01	1.344429e+00	6.835158e-01	8.210809e-01	0	2.862621e-01	5.038949e-01	8.946184e-02	1.727629e+00	2.391217e+00
TCGA-F7-8298-01A-11R-2403-07	2.640324e-01	4.417079e-01	1.171923e+00	0	9.884186e-01	5.436332e-01	0	0	1.836592e-01	1.607557e+00	3.443860e+00
TCGA-F7-8489-01A-31R-2403-07	9.883457e-02	1.300419e-01	1.977554e+00	5.516551e-01	8.406572e-01	0	2.395709e-01	1.159546e-01	1.861360e-01	1.282392e+00	3.381758e+00
TCGA-F7-A50G-01A-11R-A266-07	3.086661e-01	0	1.934938e+00	1.504600e+00	6.932536e-01	2.083572e-01	4.942891e-02	2.534587e-01	4.682044e-03	1.427070e+00	3.359701e+00
TCGA-F7-A50I-01A-11R-A28V-07	0	9.939024e-01	1.604045e+00	7.189197e-01	5.041063e-01	0	3.434262e-01	2.612833e-01	1.084821e-01	1.950036e+00	3.211444e+00
TCGA-F7-A50J-01A-21R-A28V-07	2.364207e-01	0	1.633661e+00	1.278424e+00	5.377611e-01	2.952759e-01	2.461600e-01	3.571530e-01	0	1.742902e+00	4.022783e+00
TCGA-F7-A61S-01A-11R-A28V-07	9.488369e-02	4.787141e-01	2.321142e+00	1.154680e+00	4.663990e-03	0	1.619675e-01	2.731769e-01	7.826224e-02	1.586644e+00	3.843528e+00
TCGA-F7-A61V-01A-11R-A28V-07	5.978147e-01	4.909674e-01	1.193074e+00	1.141424e+00	2.175415e-01	0	5.266458e-01	4.227223e-01	1.044863e-01	2.298339e+00	2.724121e+00
TCGA-F7-A61W-01A-11R-A28V-07	4.870477e-01	0	9.809740e-01	6.384702e-01	2.831788e-01	0	3.119774e-01	0	0	1.589451e+00	4.392057e+00
TCGA-F7-A620-01A-11R-A28V-07	5.834244e-01	0	2.612001e+00	1.043703e+00	2.140021e-01	0	8.794823e-02	2.908649e-01	0	1.703050e+00	3.505227e+00
TCGA-F7-A622-01A-11R-A28V-07	3.104843e-01	0	1.546405e+00	1.390717e+00	0	0	3.304700e-01	1.166258e-01	0	2.140148e+00	3.717847e+00
TCGA-F7-A623-01A-11R-A28V-07	1.763009e-02	0	1.544001e+00	1.082746e+00	6.192079e-01	7.100248e-01	0	0	1.512971e-01	1.449238e+00	3.425863e+00
TCGA-F7-A624-01A-22R-A30B-07	0	0	2.396560e+00	0	9.359478e-01	8.277452e-02	5.651343e-02	0	0	3.261791e+00	1.590856e+00
TCGA-H7-7774-01A-21R-2081-07	0	0	1.770334e+00	1.700478e+00	4.720580e-01	0	1.093971e+00	5.913206e-01	0	1.799008e+00	2.281675e+00
TCGA-H7-8501-01A-11R-2403-07	1.082018e-01	0	2.763568e+00	4.230560e-01	4.995510e-01	0	2.177208e-02	0	0	1.684354e+00	3.765872e+00
TCGA-H7-8502-01A-11R-2403-07	1.049990e-01	0	1.516499e+00	3.500709e-01	7.033336e-01	8.972113e-02	0	0	0	1.235821e+00	4.127533e+00
TCGA-H7-A6C4-11A-21R-A466-07	1.158552e+00	0	7.540844e-01	1.315081e+00	9.010972e-01	0	2.384716e-01	1.115661e+00	7.652435e-02	3.458971e+00	1.052498e+00
TCGA-H7-A6C4-01A-11R-A30B-07	8.416853e-01	4.232942e-02	1.727335e+00	1.401356e+00	4.931818e-01	0	0	4.595730e-01	0	1.752706e+00	3.617388e+00
TCGA-H7-A6C5-11A-11R-A30B-07	0	1.968142e+00	1.157562e+00	1.660596e-01	5.680618e-01	0	4.648569e-01	2.054555e-01	1.858449e-02	2.558577e+00	1.178809e+00
TCGA-H7-A76A-01A-51R-A34R-07	0	0	2.155249e+00	4.931684e-01	1.213621e+00	0	0	5.643439e-01	1.123882e+00	2.500728e+00	1.248412e+00
TCGA-HD-7229-01A-11R-2016-07	0	7.906738e-01	2.126282e+00	9.206550e-01	3.185975e-02	0	0	1.441291e-01	0	1.004897e+00	3.965279e+00
TCGA-HD-7753-01A-11R-2081-07	2.457842e-01	0	1.352278e+00	4.499469e-01	1.056082e+00	3.368877e-01	1.407119e-01	0	2.660475e-02	1.269235e+00	4.244934e+00
TCGA-HD-7754-01A-11R-2081-07	0	1.454103e-02	9.546671e-01	2.770332e-01	1.437111e+00	0	5.306012e-01	5.662939e-01	5.338807e-01	1.752526e+00	1.477096e+00
TCGA-HD-7831-01A-11R-2132-07	4.179541e-01	0	8.129294e-01	5.599301e-02	2.005186e+00	0	0	0	0	1.838701e+00	3.734438e+00
TCGA-HD-7832-01A-11R-2132-07	0	0	2.296152e+00	6.468189e-01	9.399925e-02	0	1.759503e-02	0	0	1.040647e+00	3.748195e+00
TCGA-HD-7917-01A-11R-2232-07	1.627124e-02	4.922131e-01	1.494594e+00	1.105925e+00	2.673356e-01	0	6.947008e-02	4.421573e-01	3.149987e-02	1.598575e+00	3.520621e+00
TCGA-HD-8224-01A-11R-2403-07	9.147852e-01	0	1.061430e+00	2.116136e-01	1.160879e+00	2.278612e-01	0	3.807097e-01	0	2.067422e+00	1.798644e+00
TCGA-HD-8314-01A-11R-2403-07	7.459124e-01	6.954915e-01	1.570936e+00	4.015140e-01	9.494136e-01	0	5.761281e-01	2.885581e-01	3.579997e-01	2.128067e+00	1.249672e+00
TCGA-HD-8634-01A-11R-2403-07	3.604260e-01	0	1.771482e+00	1.594663e+00	1.297901e-01	0	2.778539e-01	8.280657e-01	0	1.495997e+00	3.426612e+00
TCGA-HD-8635-11A-01R-2403-07	7.390344e-01	0	1.528656e+00	1.633119e+00	1.776195e-01	0	2.854025e-01	1.245309e+00	1.845131e-01	1.986855e+00	1.493856e+00
TCGA-HD-8635-01A-11R-2403-07	8.570448e-01	7.723364e-01	1.401965e+00	5.757942e-01	7.237733e-01	1.809850e-01	0	0	0	1.644057e+00	3.683595e+00
TCGA-HD-A4C1-01A-11R-A24H-07	0	0	1.586407e+00	1.110122e+00	6.054178e-01	0	2.298799e-01	2.951133e-01	0	1.275524e+00	3.878368e+00
TCGA-HD-A633-01A-11R-A28V-07	0	0	1.170935e+00	7.104093e-01	4.533779e-01	6.818608e-01	2.916225e-02	2.600803e-01	0	1.979606e+00	3.820331e+00
TCGA-HD-A634-01A-11R-A28V-07	4.470534e-02	1.805276e-01	3.428532e-01	0	9.670723e-01	0	5.032468e-01	0	7.579814e-01	3.294695e+00	6.302386e-01
TCGA-HD-A6HZ-11A-11R-A31N-07	7.499017e-01	1.964162e-02	9.219211e-01	1.441858e+00	6.865862e-01	0	1.857842e-01	1.651701e+00	0	4.574475e+00	6.019011e-01
TCGA-HD-A6HZ-01A-12R-A31N-07	6.910514e-01	0	1.838253e+00	6.386305e-01	1.137117e+00	3.388572e-01	5.260986e-01	1.176726e-01	3.909931e-01	1.451883e+00	3.103298e+00
TCGA-HD-A6I0-11A-11R-A31N-07	8.148976e-01	0	1.577512e+00	9.875176e-01	1.214486e+00	0	0	7.889290e-01	0	3.651569e+00	2.184192e+00
TCGA-HD-A6I0-01A-11R-A31N-07	1.341778e-02	0	2.131159e+00	1.097471e+00	1.127464e-01	0	1.511056e-01	4.664588e-02	0	2.956647e+00	3.738924e+00
TCGA-HL-7533-01A-11R-2232-07	0	0	2.054944e+00	3.581142e-01	3.738710e-01	3.347188e-02	0	0	2.843783e-01	1.394353e+00	3.009393e+00
TCGA-IQ-7630-01A-11R-2081-07	1.355792e-01	0	1.793705e+00	6.420508e-01	4.933936e-01	4.122829e-01	0	0	0	1.426968e+00	4.093507e+00
TCGA-IQ-7631-01A-11R-2081-07	2.836339e-01	3.819148e-01	4.842281e-01	0	1.480109e+00	0	1.011507e-01	2.605402e-01	0	3.184329e+00	2.132793e+00
TCGA-IQ-7632-01A-11R-2081-07	0	0	1.218413e+00	1.365742e+00	4.799004e-01	8.081547e-01	3.259123e-01	7.213056e-01	0	1.828819e+00	3.116218e+00
TCGA-IQ-A61E-01A-22R-A30B-07	2.912796e-01	0	2.001221e+00	6.500443e-01	4.598078e-01	4.350689e-02	1.943486e-01	0	0	1.317355e+00	4.458897e+00
TCGA-IQ-A61G-01A-11R-A30B-07	2.220765e-03	0	1.285787e+00	5.109258e-01	6.448752e-03	3.433297e-01	6.693134e-01	0	7.797639e-02	2.059153e+00	3.602572e+00
TCGA-IQ-A61H-01A-11R-A30B-07	5.643464e-01	0	1.318678e+00	2.292548e-01	1.134613e+00	4.092173e-01	1.594840e+00	0	0	2.053579e+00	2.495700e+00
TCGA-IQ-A61I-01A-11R-A30B-07	8.167039e-02	0	1.823600e+00	5.204595e-01	5.445224e-01	0	1.732127e-01	2.095495e-01	2.208254e+00	2.260475e+00	9.076589e-01
TCGA-IQ-A61J-01A-11R-A30B-07	6.794840e-01	0	1.477531e+00	1.120801e+00	1.073889e+00	0	1.346667e-01	4.323371e-01	1.425964e-03	1.729623e+00	3.219903e+00
TCGA-IQ-A61O-01A-11R-A30B-07	1.051949e-01	0	9.683078e-01	0	2.403027e+00	0	0	0	0	2.999754e+00	2.728476e+00
TCGA-IQ-A6SG-01A-12R-A34R-07	0	0	9.415637e-01	7.515630e-01	7.923400e-01	3.862592e-01	9.819463e-01	2.781970e-01	1.912803e-01	1.847948e+00	3.218948e+00
TCGA-IQ-A6SH-01A-12R-A34R-07	4.620814e-02	2.294815e-02	2.007730e+00	9.267709e-01	5.225774e-01	5.273478e-01	4.627731e-01	0	0	2.001922e+00	3.888784e+00
TCGA-KU-A66S-01A-21R-A30B-07	1.266375e-01	4.287429e-01	1.185627e+00	1.811224e-01	1.033086e+00	4.745486e-01	9.345447e-01	5.639224e-02	2.915136e-03	2.847480e+00	2.045425e+00
TCGA-KU-A66T-01A-11R-A30B-07	0	1.413721e-01	7.580395e-01	7.858578e-01	4.394031e-01	8.759005e-01	6.078393e-01	3.047199e-02	1.185013e-01	1.606181e+00	3.875280e+00
TCGA-KU-A6H7-06A-21R-A31N-07	3.149996e-04	0	1.629613e+00	9.930419e-02	3.890184e-01	0	1.000270e-02	0	2.489668e+00	2.937733e+00	6.642716e-01
TCGA-KU-A6H7-01A-11R-A31N-07	0	0	2.380082e+00	3.537310e-01	3.935411e-01	0	2.005212e-01	8.205051e-02	1.538265e+00	1.878573e+00	1.448028e+00
TCGA-KU-A6H8-01A-21R-A34R-07	1.121533e+00	0	1.189162e+00	7.319663e-01	9.440791e-01	0	3.079475e-01	1.061442e+00	0	3.151426e+00	1.237562e+00
TCGA-MT-A51W-01A-21R-A266-07	0	4.063386e-01	1.891681e+00	1.460740e+00	1.672474e-01	0	1.849560e-01	6.777194e-01	0	1.571545e+00	3.542924e+00
TCGA-MT-A51X-01A-11R-A266-07	4.703742e-01	0	1.194366e+00	1.359995e+00	6.935217e-01	2.023494e-01	1.646241e-01	3.683619e-01	0	1.877573e+00	3.651757e+00
TCGA-MT-A67A-01A-11R-A30B-07	2.953806e-01	4.840112e-01	1.737731e+00	1.460264e+00	1.666302e-01	0	8.153514e-01	1.117491e-01	0	2.475973e+00	2.921060e+00
TCGA-MT-A67D-01A-31R-A30B-07	6.053228e-03	8.411547e-01	1.689958e+00	1.182457e+00	7.110970e-01	0	0	5.909012e-01	8.868728e-02	2.208600e+00	3.106036e+00
TCGA-MT-A67F-01A-11R-A30B-07	0	0	2.853649e+00	1.350281e+00	3.311589e-01	0	0	6.606082e-01	0	1.525895e+00	3.518493e+00
TCGA-MT-A7BN-01A-12R-A34R-07	1.814713e-02	6.017734e-01	1.470575e+00	0	1.235290e+00	9.958064e-02	0	0	1.638280e-01	4.106964e+00	1.826739e+00
TCGA-MZ-A5BI-01A-31R-A34R-07	2.477003e-02	4.438683e-02	1.905949e+00	8.183669e-01	1.023011e+00	2.511890e-02	1.040745e-01	7.732017e-01	1.460965e+00	2.422780e+00	1.319270e+00
TCGA-MZ-A6I9-01A-11R-A31N-07	2.010037e-01	4.785078e-01	1.287043e+00	8.230465e-01	2.944078e-01	0	4.983171e-01	9.298107e-01	6.172843e-01	3.075070e+00	8.995909e-01
TCGA-MZ-A7D7-01A-21R-A34R-07	0	8.619437e-02	1.005098e+00	1.075840e+00	3.140950e-01	4.495123e-01	1.049607e+00	6.587773e-01	1.068910e-01	2.483899e+00	3.014560e+00
TCGA-P3-A5Q5-01A-11R-A28V-07	2.471685e-01	0	2.257277e+00	3.576467e-01	5.118316e-01	0	4.593621e-01	2.097661e-01	4.914058e-01	2.363505e+00	1.169573e+00
TCGA-P3-A5Q6-01A-11R-A28V-07	7.652023e-02	0	1.006140e+00	3.228714e-01	1.186355e+00	0	4.143423e-01	0	5.819794e-02	2.567191e+00	3.690602e+00
TCGA-P3-A5QA-01A-11R-A28V-07	5.758173e-01	0	7.811678e-01	0	1.285869e+00	3.817762e-01	0	0	0	1.945386e+00	3.917696e+00
TCGA-P3-A5QE-01A-11R-A28V-07	0	9.108703e-02	1.771676e+00	5.271693e-01	5.788121e-01	0	0	3.966674e-01	1.941365e+00	1.229803e+00	1.336409e+00
TCGA-P3-A5QF-01A-11R-A28V-07	0	0	1.688338e+00	8.740391e-01	6.173856e-02	0	5.431848e-01	7.723469e-01	4.708371e-02	2.248504e+00	1.607056e+00
TCGA-P3-A6SW-01A-11R-A34R-07	0	0	2.080814e+00	2.989885e-01	6.718967e-01	0	4.740767e-01	1.440532e-01	8.145218e-01	2.148740e+00	1.499390e+00
TCGA-P3-A6SX-01A-11R-A34R-07	5.292223e-01	0	7.884145e-01	5.651672e-01	6.447610e-01	5.645345e-01	0	0	0	1.854429e+00	4.173001e+00
TCGA-P3-A6T0-01A-12R-A34R-07	0	0	5.395424e-01	1.305959e-01	8.979094e-01	5.659747e-01	8.044098e-01	0	0	1.637731e+00	4.234174e+00
TCGA-P3-A6T2-01A-11R-A34R-07	1.744044e-01	0	1.604373e+00	4.696195e-01	2.926148e-01	0	5.777823e-02	0	0	1.419272e+00	4.316884e+00
TCGA-P3-A6T3-01A-11R-A34R-07	1.779469e-01	0	8.529318e-01	9.652878e-01	3.247238e-01	4.592479e-01	0	0	0	1.405937e+00	4.851715e+00
TCGA-P3-A6T4-01A-11R-A34R-07	9.638390e-03	7.659142e-02	1.234867e+00	1.206845e+00	8.079584e-01	7.270349e-01	4.700113e-01	1.379798e-01	0	1.773626e+00	3.335393e+00
TCGA-P3-A6T5-01A-11R-A34R-07	5.882988e-03	3.898601e-01	1.459328e+00	1.017058e+00	7.181423e-01	4.097613e-01	6.575190e-02	1.629473e-02	1.512636e-01	2.057744e+00	3.790278e+00
TCGA-P3-A6T6-01A-11R-A34R-07	0	3.644864e-01	1.248672e+00	4.177887e-01	3.919990e-02	0	1.923599e-01	3.063240e-01	4.204412e-01	2.705363e+00	1.643464e+00
TCGA-P3-A6T7-01A-11R-A34R-07	0	2.871156e-01	1.785731e+00	1.192811e+00	4.590210e-01	3.178614e-01	3.492915e-02	0	1.046802e-01	1.546547e+00	3.998191e+00
TCGA-P3-A6T8-01A-11R-A34R-07	5.689233e-01	6.281072e-02	7.647383e-01	9.290288e-02	1.308095e+00	3.459765e-01	1.455912e-01	0	3.359853e-02	2.021997e+00	3.754142e+00
TCGA-QK-A64Z-01A-11R-A30B-07	1.181941e-02	3.796720e-02	1.721302e+00	3.397997e-01	5.739895e-01	5.344560e-01	2.398273e-01	0	0	1.416303e+00	3.856411e+00
TCGA-QK-A652-01A-11R-A30B-07	8.228725e-01	0	1.807522e+00	1.270335e+00	7.508496e-01	0	0	2.669701e-01	3.868984e-02	1.716835e+00	3.292985e+00
TCGA-QK-A6IF-01A-11R-A31N-07	1.832521e-01	2.107772e-01	1.640620e+00	1.997683e-01	1.272919e+00	0	9.680662e-02	3.264315e-01	1.732284e+00	1.919578e+00	1.085439e+00
TCGA-QK-A6IG-01A-11R-A31N-07	4.038192e-01	2.837563e-03	1.938057e+00	1.034108e-01	4.581631e-01	3.127559e-01	0	0	0	2.248962e+00	3.593830e+00
TCGA-QK-A6IH-01A-11R-A31N-07	0	0	1.182599e+00	8.802689e-01	5.496491e-01	5.535640e-01	0	0	0	2.655071e+00	4.024827e+00
TCGA-QK-A6II-01A-11R-A31N-07	3.728223e-01	0	1.641598e+00	1.475919e+00	0	0	0	2.418211e-01	0	2.672060e+00	3.665290e+00
TCGA-QK-A6IJ-01A-11R-A31N-07	7.769165e-02	0	1.885795e+00	1.400542e+00	0	3.290224e-01	0	7.465229e-01	6.964620e-02	3.069388e+00	2.696612e+00
TCGA-QK-A6V9-01A-11R-A34R-07	0	0	1.776952e+00	5.370952e-01	4.940369e-01	0	3.139848e-01	4.499768e-01	1.713516e+00	1.536752e+00	1.003794e+00
TCGA-QK-A6VB-01A-12R-A34R-07	5.160158e-02	9.770549e-02	9.451207e-01	5.781551e-01	6.236248e-01	0	1.047029e+00	2.463824e-01	0	2.174108e+00	2.463071e+00
TCGA-QK-A6VC-01A-23R-A34R-07	0	9.155509e-03	2.051928e+00	9.490687e-01	6.334132e-01	7.166587e-01	9.279516e-02	9.192994e-01	5.392252e-01	2.139609e+00	1.755195e+00
TCGA-QK-A8Z7-01A-11R-A39I-07	4.302448e-02	2.301121e-02	8.435073e-01	1.798899e-01	1.135783e+00	2.643810e-01	1.249346e+00	0	1.732220e-01	2.407227e+00	1.921122e+00
TCGA-QK-A8Z8-01A-11R-A39I-07	1.819288e-03	2.934689e-01	1.512313e+00	8.984039e-01	3.965399e-01	6.444777e-01	7.416994e-01	2.710109e-01	0	1.731058e+00	2.513754e+00
TCGA-QK-A8Z9-01B-11R-A39I-07	3.436861e-01	0	1.329875e+00	7.687333e-02	1.615728e+00	2.534892e-01	2.330097e-01	0	0	1.788252e+00	3.627136e+00
TCGA-QK-A8ZA-01A-11R-A39I-07	0	1.623936e-01	9.988778e-01	4.444150e-01	6.376312e-01	1.776577e-01	1.727649e+00	1.003241e-01	6.138940e-02	1.909403e+00	2.554885e+00
TCGA-QK-A8ZB-01A-11R-A39I-07	0	4.650287e-01	1.118324e+00	1.101555e+00	1.140363e+00	7.525463e-01	1.314225e-01	2.551258e-01	2.091429e-01	1.703448e+00	3.286234e+00
TCGA-QK-AA3J-01A-11R-A39I-07	2.872570e-01	2.914578e-01	1.374090e+00	6.060923e-01	2.601561e-01	0	3.218718e-01	5.513078e-01	4.014088e-01	1.880779e+00	1.630554e+00
TCGA-QK-AA3K-01A-11R-A39I-07	0	0	1.266724e+00	0	2.026126e+00	2.630558e-01	3.459393e-02	0	0	2.924238e+00	2.435489e+00
TCGA-RS-A6TO-01A-32R-A34R-07	7.782254e-02	0	1.809905e+00	6.809107e-01	9.324778e-01	8.072492e-01	7.646449e-02	0	0	1.996437e+00	3.678851e+00
TCGA-RS-A6TP-01A-12R-A34R-07	0	0	1.900915e+00	4.445294e-01	0	0	0	0	4.925536e-01	1.270865e+00	2.453603e+00
TCGA-T2-A6WX-01A-12R-A34R-07	1.272291e-02	0	2.766693e+00	3.120108e-01	1.728797e-01	0	1.325466e-01	0	0	1.667632e+00	3.407722e+00
TCGA-T2-A6WZ-01A-21R-A34R-07	1.624630e-01	0	1.592938e+00	8.744474e-01	5.218364e-01	0	9.179507e-02	3.850538e-01	3.883920e-01	3.026813e+00	2.885312e+00
TCGA-T2-A6X0-01A-11R-A34R-07	0	0	1.799051e+00	0	1.102813e+00	0	1.124830e+00	0	5.568029e-01	1.644834e+00	1.161846e+00
TCGA-T2-A6X2-01A-12R-A34R-07	2.441102e-02	0	1.980297e+00	8.672693e-01	6.003722e-01	0	8.274488e-02	0	0	1.430878e+00	4.180384e+00
TCGA-T3-A92M-01A-31R-A39I-07	0	0	1.716365e+00	6.569908e-02	1.332344e+00	7.022302e-01	2.058189e-01	0	2.326668e-01	1.870027e+00	2.971769e+00
TCGA-T3-A92N-01A-11R-A39I-07	6.710380e-02	0	2.000134e+00	4.080953e-01	3.587217e-01	0	7.317299e-01	0	0	1.694930e+00	3.166941e+00
TCGA-TN-A7HI-01A-11R-A34R-07	0	6.193190e-02	1.798081e+00	0	1.051731e+00	0	9.556154e-01	0	9.216467e-01	3.445195e+00	1.163223e+00
TCGA-TN-A7HJ-01A-12R-A34R-07	0	7.652250e-01	1.373759e+00	1.242048e+00	1.574301e-01	2.799180e-01	2.452134e-01	8.629710e-01	9.209496e-02	2.250774e+00	2.644531e+00
TCGA-TN-A7HL-01A-11R-A34R-07	0	4.892324e-02	2.575615e+00	4.860238e-01	3.520854e-01	0	1.544781e-01	3.737345e-01	9.902629e-01	2.623084e+00	1.318617e+00
TCGA-UF-A718-01A-22R-A34R-07	0	6.015789e-01	1.346520e+00	8.390364e-01	1.069669e+00	1.245223e-01	1.402847e-01	1.452344e-01	3.078559e-01	1.841845e+00	3.384392e+00
TCGA-UF-A719-01A-12R-A34R-07	1.710255e-02	6.300195e-02	1.571888e+00	1.012017e+00	2.409158e-01	6.311813e-01	6.823043e-01	4.566342e-01	2.389162e-02	1.608689e+00	2.427133e+00
TCGA-UF-A71A-06A-11R-A39I-07	3.253759e-01	0	4.130211e-01	1.699420e-01	1.271621e+00	5.113590e-01	1.725284e+00	0	6.135731e-03	2.680448e+00	2.407130e+00
TCGA-UF-A71A-01A-22R-A34R-07	6.508303e-01	0	6.269446e-01	1.828094e-01	1.551372e+00	4.252333e-01	1.680172e+00	0	0	2.663949e+00	2.516173e+00
TCGA-UF-A71B-01A-12R-A34R-07	0	0	1.328535e+00	4.605608e-01	1.247834e+00	6.671675e-01	1.064011e+00	0	1.759470e-01	1.956044e+00	3.291455e+00
TCGA-UF-A71D-01A-12R-A34R-07	0	3.944833e-01	1.422439e+00	1.103198e+00	6.070270e-02	0	3.200679e-01	6.064755e-01	0	1.782331e+00	2.551046e+00
TCGA-UF-A71E-01A-31R-A34R-07	0	0	1.094847e+00	7.103635e-01	8.162048e-01	7.775784e-02	1.483730e+00	2.561885e-01	1.629008e-01	2.187581e+00	2.556282e+00
TCGA-UF-A7J9-01A-12R-A34R-07	3.743871e-01	0	9.300804e-01	3.881737e-02	1.783757e+00	0	1.320272e+00	0	1.970216e-01	2.139883e+00	2.540645e+00
TCGA-UF-A7JA-01A-12R-A34R-07	6.173364e-02	0	8.397639e-01	3.679432e-01	1.301732e+00	1.099259e+00	2.256127e-01	0	3.986980e-01	2.024417e+00	3.147172e+00
TCGA-UF-A7JC-01A-21R-A34R-07	1.746764e-01	0	1.015410e+00	1.339800e+00	2.993932e-01	0	2.009024e-01	0	0	1.249457e+00	4.336944e+00
TCGA-UF-A7JD-01A-11R-A34R-07	5.709468e-01	3.374165e-02	9.391955e-01	0	1.616785e+00	6.891127e-01	1.093154e-03	0	0	2.523358e+00	2.920228e+00
TCGA-UF-A7JF-01A-11R-A34R-07	1.370983e-04	7.751580e-01	1.294202e+00	9.494947e-01	3.988510e-01	1.542333e-01	6.765143e-01	4.860317e-01	2.752602e-02	3.153307e+00	2.138550e+00
TCGA-UF-A7JH-01A-21R-A34R-07	5.392005e-01	0	1.514135e+00	8.978945e-01	1.112846e+00	0	1.919361e-01	0	0	2.345123e+00	3.141167e+00
TCGA-UF-A7JJ-01A-11R-A34R-07	2.127055e-02	1.430863e-01	1.869668e+00	9.050889e-01	1.476917e+00	1.002420e+00	5.690833e-03	1.789288e-01	0	1.884793e+00	3.214802e+00
TCGA-UF-A7JK-01A-11R-A34R-07	1.757883e-02	5.763588e-01	5.389747e-01	7.356690e-01	5.567363e-01	3.359563e-01	3.238211e-01	0	0	1.800130e+00	4.064566e+00
TCGA-UF-A7JO-01A-11R-A34R-07	1.238491e-01	0	2.457852e+00	5.129714e-01	8.452913e-01	4.796337e-01	1.500767e+00	0	0	2.001618e+00	2.737788e+00
TCGA-UF-A7JS-01A-11R-A34R-07	6.528525e-01	0	2.256511e+00	7.720238e-01	9.202266e-02	0	6.252681e-02	1.462808e-01	0	3.616373e+00	2.866949e+00
TCGA-UF-A7JT-01A-11R-A34R-07	1.301885e-01	0	2.773368e+00	9.006150e-01	6.234160e-01	0	1.838285e-01	2.682398e-02	0	1.956617e+00	3.602701e+00
TCGA-UF-A7JV-01A-11R-A34R-07	0	1.608865e-01	1.912027e+00	3.659073e-01	7.763846e-01	0	0	7.460353e-02	4.552345e-02	1.889713e+00	3.434962e+00
TCGA-UP-A6WW-01A-12R-A34R-07	1.970835e-02	0	1.548395e+00	2.560191e-01	9.755350e-01	0	0	1.743527e-01	2.130074e+00	2.495881e+00	1.036057e+00
TCGA-WA-A7GZ-11A-11R-A34R-07	1.119151e+00	0	3.192518e-01	9.860461e-01	8.232649e-01	0	3.709686e-01	1.455987e+00	0	3.214591e+00	6.136202e-01
TCGA-WA-A7GZ-01A-11R-A34R-07	4.894814e-01	0	1.117937e+00	7.928164e-01	7.573157e-01	5.347863e-01	3.386784e-01	0	1.497921e-01	1.712368e+00	3.537999e+00
TCGA-WA-A7H4-01A-21R-A34R-07	6.839477e-01	1.068611e+00	1.160358e+00	3.675768e-01	9.718662e-01	4.997897e-01	0	0	1.207640e-01	1.916460e+00	3.293431e+00
