sampleID	D6.6_SU-KIDNEY	D7.6_REACTOME-INITIAL-TRIGGERING-OF-COMPLEMENT	D9.6_BIOCARTA-KREB-PATHWAY	D12.7_SABATES-COLORECTAL-ADENOMA-SIZE-UP	D8.2_FARMER-BREAST-CANCER-CLUSTER-5	D11.11_ACUTE-INFLAMMATORY-RESPONSE	D10.6_AIGNER-ZEB1-TARGETS	D7.1_chryp11
TCGA-3Z-A93Z-01A-11R-A37O-07	3.868525e-01	3.960243e-01	5.583394e-01	9.143987e-01	1.421868e+00	0	5.629668e-01	2.466107e+00
TCGA-6D-AA2E-01A-11R-A37O-07	5.259334e-01	6.644456e-01	1.305027e+00	1.286660e+00	1.047930e+00	0	5.131313e-01	1.298935e+00
TCGA-A3-3306-01A-01R-0864-07	0	5.720221e-01	4.364094e-01	8.281470e-01	5.185149e-01	0	1.162235e-01	7.172617e+00
TCGA-A3-3307-01A-01R-0864-07	1.218956e-01	1.488688e-01	2.651456e-01	7.392425e-01	1.171945e+00	0	3.299418e-02	6.216193e+00
TCGA-A3-3308-01A-02R-1325-07	6.219614e-02	6.023486e-01	2.486447e-01	6.109807e-01	2.695271e+00	1.070905e-01	1.814576e-01	3.850818e+00
TCGA-A3-3311-01A-02R-1325-07	4.804880e-02	6.758783e-01	6.283800e-02	4.992569e-01	1.551094e+00	0	2.676862e-01	6.867378e+00
TCGA-A3-3313-01A-02R-1325-07	3.481334e-01	2.137134e-01	1.335194e+00	7.873132e-01	1.147055e+00	0	4.813707e-01	4.149042e+00
TCGA-A3-3316-01A-01R-0864-07	0	9.811345e-01	4.127956e-01	6.224775e-02	3.059858e+00	8.819652e-02	1.032141e-01	4.775911e+00
TCGA-A3-3317-01A-02R-1325-07	1.671431e-01	5.364369e-01	3.083153e-01	8.929996e-01	2.032766e+00	0	6.105153e-01	4.648290e+00
TCGA-A3-3319-01A-02R-1325-07	1.552611e-01	1.808451e+00	3.402674e-01	9.252667e-01	9.866761e-01	2.048827e-01	6.797445e-01	5.510134e+00
TCGA-A3-3320-01A-02R-1325-07	1.454830e-01	0	2.000004e-01	9.557071e-01	1.097366e+00	0	1.240570e-01	6.035299e+00
TCGA-A3-3322-01A-02R-1325-07	1.751350e-01	4.568533e-02	1.303254e-01	9.574984e-01	1.330316e+00	0	2.379659e-01	5.426887e+00
TCGA-A3-3323-01A-02R-1325-07	0	5.976834e-01	1.407933e-01	5.725871e-01	2.415352e+00	0	4.077395e-01	5.406316e+00
TCGA-A3-3324-01A-02R-1325-07	0	2.934389e-01	1.361301e-01	7.571424e-01	1.555761e+00	0	0	6.684182e+00
TCGA-A3-3325-01A-01R-0864-07	1.908297e-01	3.514809e-01	2.527231e-01	7.434020e-01	1.628455e+00	0	3.327694e-01	4.740555e+00
TCGA-A3-3326-01A-01R-0864-07	4.737849e-02	2.781187e-01	0	1.254007e+00	1.041706e+00	0	0	6.233669e+00
TCGA-A3-3328-01A-01R-0864-07	0	0	4.372456e+00	2.431506e-01	1.309630e+00	0	4.553678e-01	1.058466e+00
TCGA-A3-3329-01A-01R-0864-07	1.391366e-01	3.452112e-01	2.431024e-01	8.152153e-01	1.060156e+00	0	0	6.134030e+00
TCGA-A3-3331-01A-02R-1325-07	2.079177e-01	0	8.329987e-02	7.944068e-01	1.331343e+00	0	3.774316e-02	6.030642e+00
TCGA-A3-3335-01A-01R-0864-07	1.983456e-02	1.208633e+00	5.055794e-01	8.064353e-01	1.105073e+00	6.993798e-02	2.669652e-01	5.850205e+00
TCGA-A3-3343-01A-01R-0864-07	9.750296e-04	3.012115e-01	1.258251e-01	1.027830e+00	8.757692e-01	0	0	6.621781e+00
TCGA-A3-3346-01A-01R-1766-07	0	1.963846e+00	6.385409e-01	6.908465e-01	2.440424e+00	1.785600e-01	0	2.617622e+00
TCGA-A3-3347-01A-02R-1325-07	3.900653e-02	1.296343e+00	2.221283e-01	6.598623e-01	2.979687e+00	1.293427e-01	5.229704e-01	3.491468e+00
TCGA-A3-3349-01A-01R-1188-07	5.451671e-02	3.138622e-02	1.147404e-01	7.304899e-01	2.334616e+00	0	1.273722e-01	3.781641e+00
TCGA-A3-3351-01A-02R-1325-07	0	3.171350e-01	0	1.153518e+00	1.706688e+00	0	3.148399e-01	6.185679e+00
TCGA-A3-3352-01A-01R-0864-07	1.208589e-01	3.223439e-01	3.857809e-01	8.511221e-01	1.112061e+00	6.337719e-03	0	5.969944e+00
TCGA-A3-3357-01A-02R-1420-07	1.118985e-01	9.144952e-01	1.464321e-01	1.119527e+00	5.094532e-01	4.849474e-02	9.419812e-02	7.582221e+00
TCGA-A3-3358-11A-01R-1541-07	1.674205e+00	9.223975e-02	2.396070e+00	5.108081e-01	1.033342e-01	0	1.762223e+00	6.101723e-01
TCGA-A3-3358-01A-01R-1541-07	1.144781e-01	8.543868e-01	2.013621e-01	9.439156e-01	1.485625e+00	9.775836e-02	1.164684e-01	5.560348e+00
TCGA-A3-3359-01A-01R-0864-07	2.172345e-01	0	4.825374e-02	1.166989e+00	9.641042e-01	0	0	5.774636e+00
TCGA-A3-3362-01A-02R-1325-07	8.246457e-01	1.579584e-01	7.679676e-01	8.317898e-01	1.396812e+00	0	7.376410e-01	2.611350e+00
TCGA-A3-3363-01A-01R-0864-07	1.562919e-01	8.573274e-01	8.372467e-01	1.464372e+00	0	0	1.085990e+00	5.365332e+00
TCGA-A3-3365-01A-01R-0864-07	2.477131e-01	0	6.986932e-01	2.815258e-01	2.162355e+00	0	8.482116e-01	3.811185e+00
TCGA-A3-3367-01A-02R-1420-07	9.847575e-02	2.186782e-01	2.697841e-01	6.966868e-01	1.235585e+00	0	3.574176e-01	6.414857e+00
TCGA-A3-3370-01A-02R-1420-07	2.917177e-01	1.712753e-02	5.509194e-02	1.098363e+00	1.529139e+00	8.620945e-03	1.109774e-01	5.234630e+00
TCGA-A3-3372-01A-02R-1325-07	0	4.229849e-02	1.334414e-01	5.242739e-01	2.170539e+00	0	2.328071e-01	6.115870e+00
TCGA-A3-3373-01A-02R-1420-07	4.740105e-01	3.406067e-02	4.397978e-01	5.484257e-01	1.263803e+00	0	2.853629e-01	5.283941e+00
TCGA-A3-3374-01A-02R-1325-07	0	5.902272e-01	3.164485e+00	3.105735e-01	2.646897e+00	0	4.852874e-02	1.363854e-01
TCGA-A3-3376-01A-02R-1420-07	7.989623e-02	0	1.317950e-01	4.515645e-01	2.536427e+00	0	3.805450e-01	4.681309e+00
TCGA-A3-3378-01A-02R-1325-07	0	1.057481e+00	1.745430e-01	9.489114e-01	1.995381e+00	1.588945e-01	8.806163e-02	5.787703e+00
TCGA-A3-3380-01A-01R-0864-07	2.172303e-01	2.413161e-01	4.102807e-01	8.250246e-01	1.867596e+00	0	1.262932e-01	4.046432e+00
TCGA-A3-3382-01A-02R-1325-07	0	1.143472e+00	4.377019e-01	4.364060e-01	2.175287e+00	1.003285e-01	2.053831e-01	5.811730e+00
TCGA-A3-3383-01A-02R-1325-07	6.697315e-03	7.767451e-01	2.415906e-01	1.137234e+00	9.386562e-01	0	0	3.912219e+00
TCGA-A3-3385-01A-02R-1420-07	2.048765e-01	0	3.658565e-01	1.233589e+00	0	0	0	6.941163e+00
TCGA-A3-3387-11A-01R-1541-07	1.679922e+00	1.008216e-01	2.454094e+00	2.308717e-01	3.281593e-01	0	1.572434e+00	8.809199e-01
TCGA-A3-3387-01A-01R-1541-07	9.771792e-03	8.456613e-01	5.086924e-02	6.171507e-01	2.041352e+00	0	3.398316e-01	5.434345e+00
TCGA-A3-A6NI-01A-11R-A33J-07	7.266840e-02	8.498452e-01	9.405837e-02	1.146655e+00	1.176492e+00	0	5.601956e-01	4.724185e+00
TCGA-A3-A6NJ-01A-12R-A33J-07	2.252164e-01	3.398684e-01	3.344399e-02	1.180812e+00	1.115730e+00	0	4.229259e-02	4.851985e+00
TCGA-A3-A6NL-01A-11R-A33J-07	9.736486e-04	2.577357e-01	6.473870e-02	9.628083e-01	1.964420e+00	4.412064e-02	7.321156e-02	4.318635e+00
TCGA-A3-A6NN-01A-12R-A33J-07	2.197987e-02	2.647398e-01	2.149533e-01	5.903881e-01	1.965880e+00	0	3.386325e-01	4.962624e+00
TCGA-A3-A8CQ-01A-11R-A37O-07	1.337709e-01	0	9.925471e-02	9.856907e-01	1.453769e+00	0	1.716523e-02	4.298493e+00
TCGA-A3-A8OU-01A-11R-A37O-07	1.358700e-01	6.135102e-01	7.015376e-02	1.178956e+00	1.466073e+00	6.768414e-02	3.207713e-01	3.896846e+00
TCGA-A3-A8OV-01A-11R-A37O-07	1.256905e-01	3.964662e-01	2.304723e-01	1.341818e+00	4.272461e-01	0	0	5.114930e+00
TCGA-A3-A8OW-01A-11R-A37O-07	2.287764e-01	0	2.433547e-01	9.949547e-01	1.271845e+00	0	3.032381e-02	4.631460e+00
TCGA-A3-A8OX-01A-11R-A37O-07	4.533150e-01	5.928578e-01	7.014606e-01	7.673260e-01	2.014543e+00	2.830294e-02	9.814872e-01	2.524817e+00
TCGA-AK-3425-01A-02R-1277-07	0	1.382268e+00	3.403494e-01	7.334603e-02	2.478589e+00	3.153023e-02	1.802251e-01	4.622664e+00
TCGA-AK-3426-01A-02R-1325-07	0	1.519152e+00	1.491650e-01	1.382078e+00	2.692540e+00	0	2.751768e-01	7.383089e-01
TCGA-AK-3427-01A-01R-0864-07	0	3.607262e-01	4.024278e+00	0	1.204797e+00	0	1.993793e-01	6.960120e-01
TCGA-AK-3428-01A-02R-1277-07	0	2.276961e-01	6.213514e-01	0	1.732620e+00	0	1.978211e-01	5.648161e+00
TCGA-AK-3429-01A-02R-1325-07	0	5.756683e-01	1.623615e-01	6.810948e-01	9.449679e-01	0	0	6.286054e+00
TCGA-AK-3431-01A-02R-1277-07	0	3.721786e-01	6.547817e-01	0	3.235719e+00	3.595805e-02	3.529004e-01	3.355245e+00
TCGA-AK-3433-01A-02R-1277-07	0	0	4.067750e+00	1.282550e-01	1.836184e+00	0	5.348936e-01	9.438041e-01
TCGA-AK-3434-01A-02R-1277-07	1.095955e-01	3.994256e-01	4.106412e-01	5.420370e-01	1.732297e+00	0	5.405240e-02	3.926777e+00
TCGA-AK-3436-01A-02R-1325-07	0	1.411686e+00	6.728524e-01	1.123183e-01	1.966649e+00	0	2.923077e-02	4.727885e+00
TCGA-AK-3440-01A-02R-1277-07	0	1.096056e-01	4.191657e+00	1.251499e-01	1.644719e+00	2.036701e-03	4.827605e-01	4.833312e-01
TCGA-AK-3443-01A-02R-1325-07	0	0	4.513220e+00	6.028144e-02	1.300421e+00	0	5.602372e-01	1.331671e+00
TCGA-AK-3444-01A-02R-1325-07	2.168890e-01	0	4.064735e-01	7.604033e-01	7.238641e-01	0	0	5.917883e+00
TCGA-AK-3445-01A-02R-1277-07	0	1.328215e+00	3.929897e-01	5.131984e-01	2.642260e+00	1.008854e-01	9.803076e-02	3.753549e+00
TCGA-AK-3447-01A-01R-1766-07	0	6.223747e-01	4.741166e+00	0	9.582292e-01	0	0	4.643978e-03
TCGA-AK-3450-01A-02R-1277-07	4.073989e-01	3.396039e-01	5.888277e-01	8.005896e-01	8.355121e-01	0	2.341167e-02	4.532277e+00
TCGA-AK-3451-01A-02R-1188-07	2.068030e-01	1.397705e+00	7.183941e-01	5.617944e-01	4.473985e-01	0	0	4.672498e+00
TCGA-AK-3453-01A-02R-1277-07	6.560893e-02	1.686174e-01	2.693418e+00	7.676892e-01	4.452596e-01	0	1.578760e+00	1.816160e+00
TCGA-AK-3454-01A-02R-1277-07	2.899795e-01	1.503311e-01	4.623927e-01	7.280628e-01	1.306116e+00	2.237780e-02	1.284929e-01	5.007756e+00
TCGA-AK-3455-01A-01R-0864-07	2.271708e-01	7.986693e-01	4.405816e-01	1.199147e+00	6.045690e-01	1.217698e-01	0	5.668312e+00
TCGA-AK-3456-01A-02R-1325-07	2.471925e-01	7.030771e-01	1.032713e+00	8.393174e-01	4.848339e-01	0	5.495767e-01	5.380611e+00
TCGA-AK-3458-01A-01R-1503-07	1.526834e-01	7.803513e-01	7.361104e-01	9.630124e-01	6.546760e-01	0	1.816500e-01	4.405823e+00
TCGA-AK-3460-01A-02R-1277-07	5.203858e-02	3.607268e-01	3.287401e-01	6.315443e-01	1.698774e+00	0	2.327471e-01	5.028508e+00
TCGA-AK-3461-01A-02R-1277-07	3.225866e-01	1.571688e-01	4.159245e-01	7.074537e-01	1.843117e+00	0	7.287645e-01	3.641046e+00
TCGA-AK-3465-01A-02R-1325-07	6.852628e-01	0	3.056617e+00	4.837042e-01	1.667850e+00	0	1.144200e+00	0
TCGA-AS-3777-01A-01R-0864-07	5.781190e-01	1.181627e+00	2.979774e+00	2.483760e-01	1.713529e+00	2.918307e-01	2.641175e-01	7.268484e-01
TCGA-AS-3778-01A-01R-A32Z-07	2.354858e-01	3.533050e-01	1.313225e-01	9.708963e-01	1.586675e+00	0	2.906335e-01	4.478298e+00
TCGA-B0-4688-01A-01R-1277-07	0	6.841081e-01	1.259868e+00	0	4.014397e+00	0	0	6.018335e-02
TCGA-B0-4690-01A-01R-1277-07	0	1.468859e+00	4.282902e-01	2.752741e-01	3.188161e+00	1.171954e-01	2.881480e-01	3.392066e+00
TCGA-B0-4691-01A-01R-1277-07	2.570054e-02	1.598093e+00	1.351814e-01	1.019048e+00	1.918641e+00	0	1.519872e-01	3.169617e+00
TCGA-B0-4693-01A-01R-1277-07	5.095231e-02	3.640249e-01	2.300244e-01	1.054305e+00	1.108849e+00	5.340486e-02	2.324627e-01	6.017326e+00
TCGA-B0-4694-01A-01R-1277-07	1.675796e-01	1.433309e+00	2.897719e-01	4.818775e-01	2.208194e+00	6.787031e-02	1.524459e-01	4.370020e+00
TCGA-B0-4696-01A-01R-1277-07	0	5.567953e-01	1.421987e+00	0	3.962048e+00	0	0	0
TCGA-B0-4697-01A-01R-1277-07	0	1.180268e+00	1.770169e-01	1.233041e+00	3.328663e+00	0	0	0
TCGA-B0-4698-01A-01R-1503-07	0	8.844555e-01	1.061654e+00	1.390437e-01	3.378069e+00	0	0	1.470980e-01
TCGA-B0-4699-01A-01R-1277-07	0	6.697531e-01	2.388656e+00	2.663310e-01	3.116528e+00	0	3.316443e-01	5.717380e-01
TCGA-B0-4700-11A-01R-1541-07	1.564267e+00	0	2.333962e+00	2.930812e-01	9.700823e-01	0	1.922103e+00	2.309332e-01
TCGA-B0-4700-01A-02R-1541-07	0	1.490716e+00	1.746000e-01	3.812492e-01	3.232372e+00	1.016206e-01	0	2.523877e+00
TCGA-B0-4701-01A-01R-1277-07	0	7.000540e-01	1.239129e-01	1.020917e+00	1.750531e+00	2.352299e-02	1.157494e-01	4.650777e+00
TCGA-B0-4703-01A-01R-1277-07	0	7.910076e-01	2.959824e-01	2.407820e-01	3.878347e+00	0	5.440077e-01	1.868228e+00
TCGA-B0-4706-01A-01R-1503-07	2.074857e-01	4.853197e-01	5.908272e-01	1.038297e+00	1.584317e+00	0	8.763524e-01	2.044385e+00
TCGA-B0-4707-01A-01R-1277-07	9.259190e-02	1.740510e+00	4.244188e-01	1.159974e+00	2.014414e+00	1.497712e-01	3.625221e-01	2.027215e+00
TCGA-B0-4710-01A-01R-1503-07	9.738861e-02	2.535666e-01	3.096798e-01	9.835321e-01	1.825929e+00	2.218021e-02	1.703189e-01	3.835119e+00
TCGA-B0-4712-11A-02R-1503-07	6.673969e-01	1.005543e-01	2.740914e+00	3.430733e-01	0	0	3.338996e+00	1.633946e+00
TCGA-B0-4712-01A-01R-1503-07	0	1.860543e+00	4.159385e-01	0	3.033142e+00	1.077151e-01	0	3.100628e+00
TCGA-B0-4713-01A-01R-1277-07	4.380180e-01	1.557913e+00	2.960146e-01	1.427178e+00	1.093834e+00	1.603740e-01	0	3.172999e+00
TCGA-B0-4714-01A-01R-1277-07	0	4.263687e-01	0	1.544781e+00	1.496122e+00	0	0	3.913987e+00
TCGA-B0-4718-01A-01R-1277-07	0	5.755645e-01	3.783175e-01	9.942945e-01	2.298441e+00	1.591262e-02	7.950981e-02	2.630404e+00
TCGA-B0-4810-01A-01R-1503-07	0	8.779780e-01	4.656314e-02	8.202907e-01	2.559347e+00	1.635117e-02	1.657050e-01	2.991645e+00
TCGA-B0-4811-01A-01R-1503-07	2.585259e-01	6.754034e-01	3.062634e-01	1.482978e+00	1.536673e+00	0	3.851862e-01	1.961001e+00
TCGA-B0-4813-01A-01R-1277-07	0	8.967688e-01	8.065133e-01	1.040354e+00	2.829461e+00	2.518785e-02	3.687177e-01	0
TCGA-B0-4814-01A-01R-1277-07	1.992268e-02	3.933164e-01	3.513049e-01	8.063221e-01	1.631914e+00	0	1.913682e-01	4.757689e+00
TCGA-B0-4815-01A-01R-1503-07	0	1.550320e+00	1.888880e-01	1.001969e+00	2.478560e+00	1.248849e-01	2.205802e-01	3.435747e+00
TCGA-B0-4816-01A-01R-1503-07	0	5.485953e-01	3.669875e-02	6.764798e-01	1.983963e+00	0	3.272276e-01	4.887710e+00
TCGA-B0-4817-01A-01R-1277-07	1.138437e-01	1.849888e+00	3.085799e-01	1.335268e+00	1.038490e+00	1.618958e-01	5.033118e-01	4.186425e+00
TCGA-B0-4818-01A-01R-1503-07	1.755277e-01	1.259523e-01	3.820497e-02	1.176479e+00	1.118754e+00	0	0	4.782482e+00
TCGA-B0-4819-01A-01R-1277-07	9.192286e-02	1.137141e+00	2.363057e-01	1.315069e+00	2.750034e+00	8.557594e-02	5.656343e-01	1.308661e+00
TCGA-B0-4821-01A-01R-1503-07	0	1.565833e+00	3.650237e-01	1.324969e+00	2.387690e+00	7.782078e-02	1.557967e-01	6.376722e-02
TCGA-B0-4822-01A-01R-1277-07	0	1.375165e+00	1.110041e-01	1.000581e+00	2.869329e+00	8.358270e-02	0	1.347917e+00
TCGA-B0-4823-01A-02R-1420-07	1.123863e-01	5.875955e-01	2.622831e-01	1.654589e-01	2.129650e+00	0	4.865466e-01	5.126674e+00
TCGA-B0-4824-01A-01R-1277-07	2.821470e-01	2.026185e-01	6.428924e-02	1.454276e+00	8.701110e-01	0	0	4.495807e+00
TCGA-B0-4827-01A-02R-1420-07	2.486832e-01	1.160296e+00	3.262654e-01	4.873938e-01	2.418450e+00	1.610885e-01	1.961891e-01	3.818992e+00
TCGA-B0-4828-01A-01R-1277-07	3.155153e-02	6.809364e-01	2.964591e-01	1.421823e+00	8.373246e-01	0	4.468822e-01	4.389584e+00
TCGA-B0-4833-01A-01R-1305-07	1.846983e-01	4.360845e-01	7.378523e-02	1.471893e+00	1.251369e+00	0	0	3.362765e+00
TCGA-B0-4834-01A-01R-1305-07	0	0	3.665127e+00	0	2.174311e+00	0	7.641024e-01	1.592272e+00
TCGA-B0-4836-01A-01R-1305-07	0	1.382538e+00	3.620786e-01	1.522280e-01	2.801760e+00	1.435874e-01	4.510164e-01	4.234884e+00
TCGA-B0-4837-01A-01R-1305-07	0	1.195359e+00	5.855742e-01	2.427128e-01	3.070675e+00	1.521686e-01	0	2.465882e+00
TCGA-B0-4838-01A-01R-1305-07	3.175011e-02	3.017075e-01	9.838029e-02	1.104900e+00	1.150052e+00	0	7.799753e-02	5.912836e+00
TCGA-B0-4839-01A-01R-1305-07	0	8.139269e-01	1.956109e-01	5.607989e-01	1.754900e+00	0	0	3.826774e+00
TCGA-B0-4841-01A-01R-1277-07	0	5.291307e-01	4.606801e-01	6.018659e-01	2.292258e+00	0	0	1.238144e+00
TCGA-B0-4842-01A-02R-1420-07	6.680169e-04	1.707753e+00	1.832144e-01	1.094482e+00	1.667532e+00	0	0	2.731220e+00
TCGA-B0-4843-01A-01R-1277-07	8.188551e-02	9.273129e-01	4.603523e-01	7.719828e-01	3.129522e+00	1.587768e-01	1.348259e-01	7.713330e-01
TCGA-B0-4844-01A-01R-1277-07	0	1.610170e+00	1.457436e-01	9.511164e-01	1.558386e+00	5.165626e-02	1.159419e-01	3.997385e+00
TCGA-B0-4845-01A-01R-1277-07	3.468976e-02	1.516581e-01	3.331862e-01	1.044301e+00	1.528813e+00	0	1.168057e-01	4.035466e+00
TCGA-B0-4846-01A-01R-1277-07	1.343169e-01	5.248435e-02	5.271764e-02	8.513900e-01	1.271435e+00	0	2.102545e-01	6.206852e+00
TCGA-B0-4847-01A-01R-1277-07	3.550148e-03	8.262759e-01	0	1.985011e+00	5.179143e-01	0	0	4.428778e+00
TCGA-B0-4848-01A-01R-1277-07	0	1.124977e+00	2.086493e-01	1.391653e-01	2.186742e+00	4.841958e-03	3.416125e-01	5.557215e+00
TCGA-B0-4849-01A-01R-1277-07	0	2.200714e-01	1.828778e-01	1.167529e+00	1.464442e+00	0	0	4.497794e+00
TCGA-B0-4852-01A-01R-1503-07	1.745741e-01	2.376027e-01	3.947991e-01	7.622564e-01	1.465133e+00	4.649153e-02	1.216156e-01	5.319489e+00
TCGA-B0-4945-01A-01R-1420-07	2.706473e-01	1.840810e-01	4.014512e-01	8.995629e-01	1.413963e+00	7.643783e-02	6.977479e-01	4.573167e+00
TCGA-B0-5075-01A-01R-1334-07	7.562269e-02	1.194845e+00	1.150769e-01	1.434753e+00	5.186094e-01	7.325342e-02	0	6.906828e+00
TCGA-B0-5077-01A-01R-1334-07	9.360721e-02	5.755123e-01	2.532109e-01	9.912052e-01	1.477705e+00	0	2.577715e-01	4.895868e+00
TCGA-B0-5080-01A-01R-1503-07	0	7.752485e-01	2.412474e-01	0	3.653969e+00	0	2.702439e-01	2.263407e+00
TCGA-B0-5081-01A-01R-1334-07	0	1.039430e+00	0	9.772584e-01	2.621780e+00	1.162912e-02	0	3.189825e+00
TCGA-B0-5083-01A-02R-1420-07	6.002861e-02	3.366536e-01	2.684125e+00	0	2.874283e+00	0	6.264033e-01	7.092824e-01
TCGA-B0-5084-01A-01R-1334-07	0	1.217140e+00	6.166817e-01	1.241528e+00	1.711173e+00	0	5.673330e-01	1.348756e+00
TCGA-B0-5085-01A-01R-1334-07	3.440658e-01	4.082844e-01	1.492755e-01	1.951078e+00	7.696067e-01	0	0	1.839340e+00
TCGA-B0-5088-01A-01R-1334-07	2.769987e-01	7.216857e-01	8.910510e-02	1.258588e+00	1.972601e+00	5.584773e-03	0	2.844402e+00
TCGA-B0-5092-01A-01R-1420-07	3.953627e-02	1.012237e+00	0	1.700744e+00	1.712752e+00	0	0	3.054244e+00
TCGA-B0-5094-01A-01R-1420-07	0	1.394690e+00	4.473222e-01	9.193963e-01	1.733201e+00	1.811059e-01	6.103201e-01	5.315139e+00
TCGA-B0-5095-01A-01R-1420-07	1.428075e-02	8.761036e-01	1.868620e-01	3.742203e-01	3.371443e+00	4.421499e-02	3.553664e-01	2.733003e+00
TCGA-B0-5096-01A-01R-1420-07	0	1.065138e+00	7.522940e-01	0	3.065383e+00	0	1.266588e-01	3.321266e+00
TCGA-B0-5097-01A-01R-1420-07	0	9.760598e-01	3.043902e-01	8.507062e-04	3.518940e+00	1.877136e-01	2.933007e-03	3.922358e+00
TCGA-B0-5098-01A-01R-1420-07	0	1.036448e+00	1.235515e+00	8.463408e-01	1.637537e+00	0	9.684258e-01	1.091399e+00
TCGA-B0-5099-01A-01R-1420-07	2.530544e-01	0	3.852185e-01	8.861730e-01	1.018237e+00	0	2.721263e-01	4.457842e+00
TCGA-B0-5100-01A-01R-1420-07	0	5.602415e-01	8.249910e-01	4.981919e-01	3.328210e+00	0	1.340017e+00	0
TCGA-B0-5102-01A-01R-1420-07	0	6.556914e-01	4.024737e-01	1.089268e+00	9.930010e-01	3.726131e-02	9.141357e-02	5.203753e+00
TCGA-B0-5104-01A-01R-1420-07	3.111924e-01	5.881310e-02	5.673179e-01	8.655525e-01	9.933098e-01	0	2.260251e-01	5.092105e+00
TCGA-B0-5106-01A-01R-1420-07	0	6.984563e-01	3.140249e-02	1.010763e+00	2.148724e+00	4.045547e-02	2.454176e-01	4.445513e+00
TCGA-B0-5107-01A-01R-1420-07	0	1.504219e+00	1.218832e-01	2.236666e+00	4.274395e-02	0	0	3.515631e+00
TCGA-B0-5108-01A-01R-1420-07	0	8.765755e-01	1.934660e-01	2.983904e-01	3.453631e+00	7.550393e-02	8.757584e-02	3.606126e+00
TCGA-B0-5109-01A-02R-1420-07	0	1.196694e+00	7.720215e-01	6.359989e-01	2.551142e+00	0	1.234128e+00	1.028267e+00
TCGA-B0-5110-01A-01R-1420-07	1.162586e-01	0	1.239142e-01	5.775017e-01	1.861514e+00	0	6.403171e-02	5.235716e+00
TCGA-B0-5113-01A-01R-1420-07	0	1.648620e-01	8.254023e-02	7.371562e-01	1.874860e+00	0	2.590048e-01	5.880829e+00
TCGA-B0-5115-01A-01R-1420-07	2.107781e-02	1.130638e-01	1.193971e-01	7.383051e-01	1.876675e+00	0	1.901250e-02	4.978194e+00
TCGA-B0-5116-01A-02R-1420-07	0	6.037934e-01	3.563818e-01	0	2.048394e+00	0	2.589837e-01	5.432247e+00
TCGA-B0-5117-01A-01R-1420-07	0	9.284017e-02	3.688088e+00	3.482467e-01	2.192858e+00	0	5.909067e-01	0
TCGA-B0-5119-01A-02R-1420-07	2.574059e-01	0	2.323689e-01	6.546897e-01	1.119273e+00	0	1.197978e-01	5.320400e+00
TCGA-B0-5120-01A-01R-1420-07	0	2.833359e-01	2.384733e-01	3.982852e-01	2.537312e+00	0	5.372734e-01	4.171704e+00
TCGA-B0-5121-01A-02R-1420-07	7.338393e-02	2.947953e-01	2.494277e-01	6.250724e-01	1.752039e+00	0	0	4.281401e+00
TCGA-B0-5399-01A-01R-1503-07	2.626758e-01	3.810916e-01	1.413505e-01	8.299429e-01	1.475883e+00	0	2.324357e-01	4.604454e+00
TCGA-B0-5400-01A-01R-1503-07	1.010495e-01	1.614826e+00	4.991536e-01	8.497707e-01	2.337440e+00	1.300798e-01	9.747001e-02	1.905736e+00
TCGA-B0-5402-11A-01R-1503-07	1.432729e+00	2.130491e-01	1.894849e+00	7.966620e-02	1.675795e+00	0	1.810709e+00	4.693983e-01
TCGA-B0-5402-01A-01R-1503-07	2.090822e-01	3.896212e-01	5.078569e-01	1.074149e-01	1.877892e+00	0	1.196844e-01	5.678350e+00
TCGA-B0-5690-11A-01R-1541-07	1.592544e+00	0	2.535934e+00	1.955350e-01	2.989780e-01	0	2.403273e+00	6.747900e-01
TCGA-B0-5690-01A-11R-1541-07	9.740076e-02	0	2.340725e-01	4.443222e-01	2.183140e+00	0	0	3.932740e+00
TCGA-B0-5691-11A-01R-1541-07	1.559850e+00	0	1.939941e+00	1.912486e-01	1.225337e+00	0	1.881074e+00	1.093394e+00
TCGA-B0-5691-01A-11R-1541-07	9.390502e-01	0	9.115396e-01	3.990503e-01	1.963363e+00	0	1.188389e+00	2.382775e+00
TCGA-B0-5692-01A-11R-1541-07	9.280953e-02	8.024287e-01	7.891302e-03	1.293456e+00	6.230015e-01	0	0	5.393986e+00
TCGA-B0-5693-01A-11R-1541-07	1.598828e-01	0	3.017680e-01	5.247931e-01	1.647658e+00	0	0	4.495046e+00
TCGA-B0-5694-11A-01R-1541-07	1.342488e+00	7.635253e-02	1.917408e+00	1.746862e-01	1.494826e+00	0	1.859289e+00	8.011344e-01
TCGA-B0-5694-01A-11R-1541-07	1.412442e-01	8.359712e-01	4.147109e-01	3.559476e-01	1.770422e+00	4.531136e-02	6.068624e-01	4.493252e+00
TCGA-B0-5695-01A-11R-1541-07	5.088692e-01	2.715972e-02	7.598172e-01	3.999865e-01	1.379624e+00	0	5.730252e-01	3.458681e+00
TCGA-B0-5696-11A-01R-1541-07	1.645156e+00	0	2.432574e+00	2.524803e-01	4.071081e-01	0	2.108119e+00	1.046521e+00
TCGA-B0-5696-01A-11R-1541-07	3.514885e-01	6.401489e-01	6.127248e-01	2.148475e-01	1.331416e+00	0	1.333207e-01	4.535817e+00
TCGA-B0-5697-11A-01R-1541-07	1.575871e+00	0	2.737878e+00	1.266980e-01	4.451218e-01	0	2.240500e+00	1.162368e-01
TCGA-B0-5697-01A-11R-1541-07	2.330230e-01	9.710773e-01	2.552087e-01	9.989735e-01	1.055936e+00	0	9.554627e-01	5.121752e+00
TCGA-B0-5698-01A-11R-1672-07	0	4.855044e-01	1.123616e-01	6.607107e-01	1.014689e+00	0	0	6.906697e+00
TCGA-B0-5699-11A-01R-1541-07	1.631744e+00	0	2.475661e+00	9.949518e-03	7.338410e-01	0	2.081651e+00	6.481246e-01
TCGA-B0-5699-01A-11R-1541-07	1.311662e-01	3.134662e-01	2.153172e-01	9.424490e-01	5.775363e-01	0	1.906154e-01	6.887415e+00
TCGA-B0-5700-01A-11R-1541-07	5.353304e-01	3.552621e-01	6.151411e-01	5.961412e-01	1.019859e+00	0	2.264973e-01	3.468805e+00
TCGA-B0-5701-11A-01R-1541-07	1.286439e+00	0	1.996501e+00	1.867495e-01	1.607617e+00	0	2.477102e+00	2.235499e-01
TCGA-B0-5701-01A-11R-1541-07	4.763218e-02	1.301106e+00	3.600792e-01	4.889886e-01	1.249738e+00	8.452503e-02	1.521842e-01	6.339179e+00
TCGA-B0-5702-01A-11R-1541-07	3.572826e-01	1.471901e+00	9.610633e-01	1.080408e+00	1.600716e+00	0	6.228017e-01	0
TCGA-B0-5703-11A-01R-1541-07	1.221890e+00	1.021437e-01	2.558078e+00	3.067195e-01	6.741599e-01	0	2.491962e+00	0
TCGA-B0-5703-01A-11R-1541-07	1.825338e-01	3.847370e-01	3.922201e-01	7.175755e-01	1.214478e+00	0	4.689933e-02	4.469670e+00
TCGA-B0-5705-11A-01R-1541-07	1.418649e+00	0	2.416996e+00	2.336523e-01	6.233571e-01	0	2.657502e+00	4.810692e-01
TCGA-B0-5705-01A-11R-1541-07	2.798275e-01	8.596961e-02	2.009213e-01	9.303164e-01	4.911284e-01	0	0	6.460423e+00
TCGA-B0-5706-11A-01R-1541-07	9.787069e-01	0	2.595555e+00	3.081010e-01	6.882299e-01	0	2.804873e+00	1.728229e-02
TCGA-B0-5706-01A-11R-1541-07	0	8.272868e-01	3.385681e-01	2.029023e-01	2.600771e+00	1.553304e-01	3.705870e-01	4.976556e+00
TCGA-B0-5707-01A-11R-1541-07	3.864633e-01	1.101006e+00	8.234392e-01	1.302972e+00	4.831917e-01	0	1.358160e+00	2.947157e+00
TCGA-B0-5709-11A-01R-1541-07	1.628600e+00	1.633526e-02	2.201165e+00	3.602129e-01	7.131539e-01	0	1.819916e+00	4.414658e-01
TCGA-B0-5709-01A-11R-1541-07	3.951002e-01	5.246821e-01	1.296743e-01	6.221679e-01	2.317494e+00	0	3.962863e-01	4.093946e+00
TCGA-B0-5710-01A-11R-1672-07	0	1.196587e-01	3.056246e-01	9.013025e-02	2.349507e+00	0	1.993575e-01	5.384730e+00
TCGA-B0-5711-11A-01R-1672-07	1.395126e+00	0	2.479931e+00	1.550229e-01	4.133829e-01	0	2.504994e+00	1.314187e+00
TCGA-B0-5711-01A-11R-1672-07	2.462847e-02	1.100173e-01	1.577472e-01	3.181294e-01	1.538123e+00	0	6.787307e-02	6.888342e+00
TCGA-B0-5712-11A-01R-1672-07	1.033283e+00	6.290497e-02	1.638620e+00	1.855233e-01	2.266772e+00	0	2.049379e+00	0
TCGA-B0-5712-01A-11R-1672-07	2.552056e-01	4.411471e-01	4.483500e-01	9.868831e-01	2.063632e-01	0	9.558792e-02	5.661791e+00
TCGA-B0-5713-01A-11R-1672-07	1.437592e-01	0	1.779508e-01	7.363730e-01	1.010434e+00	0	0	6.117560e+00
TCGA-B0-5812-01A-11R-1672-07	1.925742e-01	7.612707e-02	3.824363e-01	8.234821e-02	2.240438e+00	0	4.540069e-01	4.902595e+00
TCGA-B2-3923-01A-02R-1325-07	0	0	3.940247e+00	9.835671e-02	2.186670e+00	0	4.080054e-01	1.187690e+00
TCGA-B2-3924-01A-02R-1325-07	1.053726e-02	4.641270e-01	1.773905e-01	8.070125e-01	1.148565e+00	0	0	6.716718e+00
TCGA-B2-4098-01A-02R-1325-07	9.172440e-03	1.218524e+00	7.943267e-01	1.390401e+00	6.848095e-01	0	7.025409e-01	4.838462e+00
TCGA-B2-4099-01A-02R-1188-07	0	6.420675e-01	3.623312e-01	8.296436e-01	9.470751e-01	0	0	5.857397e+00
TCGA-B2-4101-01A-02R-1277-07	1.108790e-01	6.429746e-01	1.608285e-01	7.491455e-01	1.992352e+00	8.927568e-02	1.615511e-01	5.316729e+00
TCGA-B2-4102-01A-02R-1325-07	1.037697e-01	2.994263e-01	0	1.198927e+00	8.116737e-01	0	4.087470e-01	7.193099e+00
TCGA-B2-5633-01A-01R-1541-07	0	6.005694e-01	1.180003e-01	4.374659e-01	2.068780e+00	3.588076e-02	6.447122e-01	6.121277e+00
TCGA-B2-5635-01A-01R-1541-07	9.228450e-04	6.343613e-01	0	1.065919e+00	1.235562e+00	0	4.116899e-01	6.115678e+00
TCGA-B2-5636-11A-01R-1541-07	1.619715e+00	2.658119e-02	2.093328e+00	3.167933e-01	8.886812e-01	0	1.843055e+00	1.032979e+00
TCGA-B2-5636-01A-02R-1541-07	0	0	1.028929e+00	6.537881e-03	2.892353e+00	0	1.837939e+00	2.067220e+00
TCGA-B2-5639-01A-01R-1541-07	3.567315e-01	7.376623e-01	5.533625e-01	4.259292e-01	6.900015e-01	0	6.126803e-01	6.380196e+00
TCGA-B2-5641-11A-01R-1541-07	8.544574e-01	0	2.668119e+00	2.281050e-01	4.751842e-01	0	3.223122e+00	1.283649e+00
TCGA-B2-5641-01A-01R-1541-07	6.104107e-02	1.025066e+00	6.007209e-02	6.296273e-01	1.422224e+00	2.298411e-02	4.842394e-01	6.505819e+00
TCGA-B2-A4SR-01A-11R-A266-07	4.029131e-02	1.838653e-02	2.956507e-01	7.710773e-01	1.989210e+00	0	4.002920e-01	4.820977e+00
TCGA-B4-5377-01A-01R-1503-07	2.634324e-01	1.526495e-01	9.648542e-02	8.126858e-01	8.903356e-01	0	1.325545e-01	6.168737e+00
TCGA-B4-5378-01A-01R-1503-07	0	0	1.271320e+00	1.278381e-01	2.637486e+00	0	1.791397e+00	1.626391e+00
TCGA-B4-5832-01A-11R-1672-07	0	3.620161e-01	7.360702e-01	0	1.437360e+00	2.208688e-01	5.191877e-01	5.874557e+00
TCGA-B4-5834-01A-11R-1672-07	7.259315e-02	0	4.208736e-01	7.975414e-02	2.070619e+00	0	2.941761e-01	5.294217e+00
TCGA-B4-5835-01A-11R-1672-07	3.831117e-01	1.234681e+00	1.257600e+00	8.155028e-01	5.946145e-01	0	3.659827e-03	4.149986e+00
TCGA-B4-5836-01A-11R-1672-07	6.600815e-02	2.505962e-01	1.677311e-01	2.985828e-01	1.662424e+00	0	1.672052e-01	6.257450e+00
TCGA-B4-5838-01A-11R-1672-07	2.032333e-01	6.682556e-01	5.132091e-01	0	1.687014e+00	0	2.442223e-01	5.919906e+00
TCGA-B4-5843-01A-11R-1672-07	1.569438e-01	1.487013e-01	3.303967e-01	3.783515e-01	1.337454e+00	0	4.301726e-01	6.336152e+00
TCGA-B4-5844-01A-11R-1672-07	7.986883e-02	0	3.529115e-01	2.197096e-01	1.705168e+00	0	1.251115e-02	5.739716e+00
TCGA-B8-4143-01A-01R-1188-07	0	1.191657e+00	2.256925e-01	1.038751e+00	2.941461e+00	6.818199e-02	0	2.131603e+00
TCGA-B8-4146-01B-11R-1672-07	0	0	5.334520e-01	0	6.295697e-01	5.101156e-03	1.752039e-02	8.126221e+00
TCGA-B8-4148-01A-02R-1325-07	1.412875e-01	3.815756e-02	0	1.310777e+00	1.088858e+00	0	8.508292e-02	5.525459e+00
TCGA-B8-4151-01A-01R-1188-07	1.559734e-01	2.691595e-01	3.720436e-01	9.219801e-01	1.746507e-01	0	0	5.915473e+00
TCGA-B8-4153-01B-11R-1672-07	5.125177e-02	3.254437e-01	2.255882e-01	9.267424e-01	1.127938e+00	0	8.779616e-02	4.625619e+00
TCGA-B8-4154-01A-01R-1188-07	2.867249e-01	3.308455e-01	4.420887e-01	7.737764e-01	5.937669e-01	0	0	5.187568e+00
TCGA-B8-4619-11A-01R-1758-07	1.605768e+00	2.645009e-01	2.301352e+00	2.676544e-01	4.361713e-01	0	1.464350e+00	1.158183e+00
TCGA-B8-4619-01A-02R-1325-07	0	0	3.300882e+00	1.257645e-02	2.231109e+00	0	1.228357e+00	1.231172e+00
TCGA-B8-4620-11A-01R-1758-07	1.065148e+00	2.789119e-01	1.578207e+00	2.564324e-01	1.782381e+00	0	1.887787e+00	8.241099e-01
TCGA-B8-4620-01A-02R-1325-07	0	6.409748e-01	5.072662e-01	0	3.301729e+00	1.398606e-02	2.240173e-01	3.186125e+00
TCGA-B8-4621-01A-01R-1503-07	3.683755e-01	9.769516e-01	7.356966e-01	1.200856e+00	6.904999e-03	0	9.753487e-01	5.490371e+00
TCGA-B8-4622-11A-01R-1758-07	1.444600e+00	3.443775e-01	1.975347e+00	0	1.172426e+00	0	1.470188e+00	1.967960e+00
TCGA-B8-4622-01A-02R-1277-07	6.269179e-02	5.997660e-01	1.599930e-01	5.125265e-01	1.695777e+00	0	2.269031e-01	6.217546e+00
TCGA-B8-5158-01A-01R-1420-07	0	1.444445e+00	1.878869e-01	3.012942e-01	1.913131e+00	1.517362e-01	2.840344e-01	6.012296e+00
TCGA-B8-5159-01A-01R-1420-07	2.475241e-01	1.725902e-01	2.709961e-01	6.204328e-01	8.315247e-01	0	4.228482e-02	6.724541e+00
TCGA-B8-5162-01A-01R-1420-07	0	6.888196e-01	1.813571e-01	0	3.421782e+00	0	0	4.132189e+00
TCGA-B8-5163-01A-01R-1420-07	0	1.009572e+00	2.063489e-01	0	3.441686e+00	1.506975e-01	1.798521e-01	4.480092e+00
TCGA-B8-5164-01A-01R-1420-07	0	4.082828e-01	0	8.606398e-01	7.722220e-01	0	0	8.011806e+00
TCGA-B8-5165-01A-01R-1420-07	8.443872e-01	3.037380e-03	1.076317e+00	0	2.098890e+00	0	1.042885e+00	3.293056e+00
TCGA-B8-5545-01A-01R-1672-07	2.071558e-01	3.709668e-01	2.646224e-01	1.123958e-01	2.570152e+00	0	6.086012e-01	4.685577e+00
TCGA-B8-5546-01A-01R-1541-07	6.358260e-01	1.832058e-01	1.924865e+00	6.985440e-01	2.850593e-01	0	1.144945e+00	3.195291e+00
TCGA-B8-5549-11A-01R-1541-07	6.557029e-01	0	2.670687e+00	8.599301e-02	5.210420e-01	0	3.395947e+00	1.527684e+00
TCGA-B8-5549-01A-01R-1541-07	1.271996e-01	4.334453e-01	2.479229e-01	2.050777e-01	1.590238e+00	0	2.340921e-01	6.671935e+00
TCGA-B8-5550-01A-01R-1541-07	1.584009e-01	9.271238e-01	4.019998e-01	1.196103e-01	2.469396e+00	0	1.192166e-02	4.651720e+00
TCGA-B8-5551-01A-01R-1541-07	0	1.577238e+00	1.557487e-01	7.637213e-01	2.540320e+00	9.378561e-02	6.825593e-03	4.122916e+00
TCGA-B8-5552-11A-01R-1672-07	1.980685e-01	1.510232e-03	1.739392e+00	0	2.157289e+00	0	2.536172e+00	2.185288e+00
TCGA-B8-5552-01B-11R-1672-07	1.946959e-01	2.294013e-01	1.366654e-01	5.476824e-01	2.379620e+00	5.606165e-02	4.980956e-01	4.469706e+00
TCGA-B8-5553-01A-01R-1541-07	1.459394e-01	3.213145e-01	9.390585e-02	6.003637e-01	1.313374e+00	2.977786e-02	3.281134e-01	6.686632e+00
TCGA-B8-A54D-01A-21R-A266-07	0	8.902835e-01	0	1.750742e+00	7.022566e-01	0	2.904606e-01	5.642251e+00
TCGA-B8-A54E-01A-11R-A266-07	3.351936e-01	6.239972e-01	1.740754e+00	1.063006e+00	1.349353e-01	0	0	3.979704e+00
TCGA-B8-A54F-01A-11R-A266-07	0	5.816699e-01	2.402884e-01	8.307431e-01	2.344609e+00	3.293895e-02	7.266177e-01	3.812819e+00
TCGA-B8-A54G-01A-11R-A266-07	0	1.072152e+00	0	1.743754e+00	4.186228e-01	0	0	6.395763e+00
TCGA-B8-A54H-01A-11R-A33J-07	2.351295e-01	8.607317e-02	8.713016e-02	1.098112e+00	1.190091e+00	0	1.026929e-01	4.471134e+00
TCGA-B8-A54I-01A-21R-A33J-07	0	1.785553e+00	3.824293e-02	1.227883e+00	1.676828e+00	1.369177e-01	2.359705e-01	3.945592e+00
TCGA-B8-A54J-01A-11R-A33J-07	1.357614e-01	2.487009e-01	1.492706e-01	9.337579e-01	1.646667e+00	0	0	3.806000e+00
TCGA-B8-A54K-01A-11R-A33J-07	0	0	1.447488e+00	7.620843e-01	2.068087e+00	0	2.099061e+00	7.699928e-01
TCGA-B8-A7U6-01A-12R-A37O-07	0	2.786586e-01	1.472387e-01	8.022658e-01	1.930463e+00	0	0	3.479949e+00
TCGA-B8-A8YJ-01A-13R-A39I-07	3.672723e-02	8.290478e-02	1.346361e-01	4.312905e-01	3.652702e+00	0	5.090113e-02	1.669478e+00
TCGA-BP-4158-01A-02R-1289-07	0	5.655332e-02	2.593871e-01	8.890753e-01	1.453843e+00	0	0	5.292472e+00
TCGA-BP-4159-01A-02R-1289-07	0	4.956633e-01	4.651517e-01	3.918131e-02	2.361150e+00	0	0	3.602512e+00
TCGA-BP-4160-01A-02R-1289-07	1.150035e-01	7.302689e-01	2.223036e-01	3.488597e-01	1.634950e+00	3.856456e-02	2.285563e-01	6.331538e+00
TCGA-BP-4161-01A-02R-1325-07	6.158408e-02	9.000886e-01	4.837252e-02	8.767084e-01	1.368886e+00	2.985438e-02	1.497240e-01	6.548058e+00
TCGA-BP-4162-01A-02R-1325-07	1.265345e-01	1.590805e-01	6.369306e-03	9.836477e-01	1.329967e+00	0	0	5.918543e+00
TCGA-BP-4163-01A-02R-1325-07	2.097690e-01	8.011442e-01	2.060682e-01	1.108447e+00	1.311685e+00	0	6.709556e-01	4.944602e+00
TCGA-BP-4164-01A-02R-1325-07	6.834233e-02	1.044263e-01	2.549198e-01	1.103684e+00	7.057118e-01	0	0	6.219372e+00
TCGA-BP-4165-01A-02R-1289-07	2.043996e-01	1.119644e-01	2.230670e-01	1.212626e+00	1.335368e+00	0	0	2.587168e+00
TCGA-BP-4166-01A-02R-1289-07	4.985891e-02	3.709817e-01	6.612666e-01	0	2.663761e+00	0	4.144067e-02	3.867578e+00
TCGA-BP-4167-01A-02R-1325-07	0	1.449597e+00	1.845660e-01	4.305538e-01	3.007765e+00	0	0	2.294451e+00
TCGA-BP-4169-01A-02R-1289-07	1.247616e-01	4.138134e-01	2.914475e-01	4.485460e-01	3.114117e+00	7.498617e-02	5.509489e-01	2.610852e+00
TCGA-BP-4170-01A-02R-1289-07	1.349635e-01	2.284124e-01	8.825001e-02	5.006355e-01	1.641881e+00	0	0	5.277524e+00
TCGA-BP-4173-01A-02R-1289-07	0	8.191995e-01	0	1.028816e+00	2.347285e+00	4.051257e-02	2.905653e-01	4.673008e+00
TCGA-BP-4174-01A-02R-1289-07	0	7.627370e-01	3.929590e-01	5.512989e-01	1.128292e+00	0	0	6.874893e+00
TCGA-BP-4176-01A-02R-1289-07	0	1.144378e+00	2.458371e-01	2.596521e-01	2.203132e+00	6.455692e-02	2.454932e-01	5.787770e+00
TCGA-BP-4177-01A-02R-1420-07	2.991370e-01	2.139595e-01	1.315665e+00	6.727737e-02	2.051651e+00	0	2.156655e+00	1.710930e+00
TCGA-BP-4325-01A-02R-1289-07	1.098870e-01	6.452816e-02	1.315862e-01	1.317510e+00	5.384526e-01	0	0	6.379298e+00
TCGA-BP-4326-01A-01R-1289-07	0	6.557374e-01	6.118487e-01	2.921099e-01	3.408864e+00	2.232661e-01	3.744228e-01	2.381172e+00
TCGA-BP-4327-01A-01R-1289-07	1.464547e-01	5.510503e-01	2.275354e-01	1.311092e+00	1.560226e+00	6.124296e-02	2.919887e-01	3.220479e+00
TCGA-BP-4329-01A-02R-1289-07	1.641374e-03	3.755146e-01	4.459089e-01	1.273624e-01	2.200446e+00	0	1.635209e-01	4.548317e+00
TCGA-BP-4330-01A-01R-1289-07	1.351972e-01	1.978341e-01	0	1.152135e+00	1.666055e+00	0	5.350500e-02	5.235391e+00
TCGA-BP-4331-01A-01R-1289-07	5.686868e-02	5.164927e-01	0	1.226230e+00	1.232936e+00	0	2.035483e-01	5.432023e+00
TCGA-BP-4332-01A-01R-1289-07	7.632089e-02	2.598702e-01	3.796466e-01	7.260710e-01	1.902266e+00	0	6.523375e-01	4.258841e+00
TCGA-BP-4334-01A-01R-1289-07	0	4.488439e-01	3.531988e+00	1.011983e+00	1.682752e+00	0	3.514584e-01	0
TCGA-BP-4335-01A-01R-1289-07	1.877506e-01	5.172853e-01	2.544842e-01	1.224104e+00	1.821621e+00	8.495451e-02	1.448122e-01	3.074317e+00
TCGA-BP-4337-01A-01R-1289-07	2.629810e-01	9.125837e-01	3.418416e-01	1.312689e+00	2.382583e+00	3.034416e-02	1.965256e-01	9.987564e-01
TCGA-BP-4338-01A-01R-1289-07	0	1.935298e+00	5.477444e-01	3.622403e-01	1.554316e+00	1.743997e-01	0	5.122637e+00
TCGA-BP-4340-01A-01R-1289-07	3.756270e-01	0	3.275672e-01	1.262801e+00	3.758889e-01	0	0	5.436807e+00
TCGA-BP-4341-01A-01R-1289-07	3.168754e-01	6.072133e-02	3.276695e-01	1.217823e+00	1.257441e+00	0	0	2.718960e+00
TCGA-BP-4342-01A-01R-1289-07	0	8.297091e-01	5.039837e-01	4.710584e-01	3.060540e+00	1.640728e-01	1.850347e-01	3.183650e+00
TCGA-BP-4343-01A-02R-1289-07	0	1.123161e+00	5.706203e-01	0	2.926774e+00	9.435615e-02	0	4.614252e+00
TCGA-BP-4344-01A-01R-1289-07	0	0	3.184575e-01	4.521379e-01	2.453671e+00	0	2.334642e-01	4.176950e+00
TCGA-BP-4345-01A-01R-1289-07	0	6.768970e-01	2.991889e-01	1.105477e-01	4.120003e+00	1.352706e-02	0	1.680894e+00
TCGA-BP-4346-01A-01R-1289-07	2.227787e-01	6.172448e-01	0	1.600442e+00	1.283361e+00	0	2.533212e-01	4.948436e+00
TCGA-BP-4347-01A-01R-1289-07	6.369912e-02	1.102212e-03	1.962214e-01	8.305441e-01	1.565149e+00	0	0	5.324607e+00
TCGA-BP-4349-01A-01R-1289-07	2.591533e-01	1.455969e-01	1.569882e-01	1.140150e+00	1.665492e+00	0	1.490387e-01	2.961266e+00
TCGA-BP-4351-01A-01R-1289-07	2.338822e-01	6.497537e-01	2.747616e-01	1.336727e+00	1.940706e+00	1.155840e-01	2.980896e-01	2.287027e+00
TCGA-BP-4352-01A-01R-1289-07	0	1.407088e+00	7.808408e-01	1.246485e+00	2.665393e+00	0	1.001619e-01	0
TCGA-BP-4353-01A-02R-1289-07	0	5.992576e-01	3.014556e-01	3.865764e-02	2.648329e+00	6.082942e-03	2.300718e-01	5.906989e+00
TCGA-BP-4354-01A-02R-1289-07	0	1.267952e+00	1.949530e-01	3.359912e-01	3.442173e+00	0	0	3.448368e+00
TCGA-BP-4355-01A-01R-1289-07	1.454332e-01	0	1.536118e-01	1.048810e+00	2.371368e+00	0	1.649978e-01	1.983076e+00
TCGA-BP-4756-01A-01R-1289-07	4.976805e-01	5.823013e-01	9.154891e-01	1.541036e+00	2.007300e-01	0	2.400496e-01	4.094298e+00
TCGA-BP-4758-01A-01R-1289-07	1.984582e-01	3.570843e-01	1.738690e-01	1.019872e+00	1.631946e+00	0	0	3.014168e+00
TCGA-BP-4759-01A-01R-1289-07	0	4.568410e-01	4.480790e-01	2.197911e-01	2.010861e+00	0	0	4.148572e+00
TCGA-BP-4760-01A-02R-1420-07	0	7.517194e-02	1.324772e+00	0	2.723266e+00	0	2.151600e+00	1.413375e+00
TCGA-BP-4761-01A-01R-1289-07	0	2.158537e+00	3.764639e-01	1.248556e+00	1.628444e+00	3.856059e-02	2.690742e-01	9.264715e-01
TCGA-BP-4762-01A-02R-1289-07	4.432229e-01	2.931180e-01	5.886470e-01	1.449245e-02	2.319354e+00	0	6.077615e-01	3.900020e+00
TCGA-BP-4763-01A-01R-1289-07	2.282575e-01	6.203093e-01	7.370942e-01	0	2.353448e+00	3.955628e-02	8.181080e-01	4.886037e+00
TCGA-BP-4765-01A-01R-1289-07	2.763209e-01	0	4.153950e-01	6.361343e-01	1.720353e+00	0	3.652074e-01	4.179701e+00
TCGA-BP-4766-01A-01R-1289-07	2.153065e-01	0	2.293230e-01	9.447572e-01	1.046891e+00	0	1.815181e-02	5.216021e+00
TCGA-BP-4768-01A-01R-1289-07	0	6.397689e-01	1.244085e-01	1.028269e+00	9.403461e-01	0	2.800860e-01	6.658751e+00
TCGA-BP-4769-01A-01R-1289-07	0	1.549674e-01	1.273060e+00	1.709428e-01	2.973424e+00	0	1.980202e+00	4.729117e-01
TCGA-BP-4770-01A-01R-1503-07	0	6.454736e-01	9.552465e-01	0	4.752252e+00	0	0	0
TCGA-BP-4771-01A-01R-1289-07	1.665633e-01	9.365795e-01	0	1.421262e+00	2.088202e+00	0	1.413764e-01	3.396034e+00
TCGA-BP-4774-01A-01R-1289-07	2.021760e-01	0	1.737853e-01	1.099723e+00	1.402503e+00	0	0	3.530422e+00
TCGA-BP-4775-01A-01R-1289-07	2.122119e-01	5.772716e-03	1.933677e-01	9.485521e-01	1.268928e+00	0	0	5.386178e+00
TCGA-BP-4776-01A-01R-1289-07	2.468598e-01	4.272128e-01	2.939700e-01	1.066919e+00	1.746463e+00	0	1.470763e-01	2.017878e+00
TCGA-BP-4777-01A-01R-1289-07	2.155498e-01	7.602524e-01	1.701088e-01	9.255661e-01	1.356624e+00	0	6.117128e-02	5.582470e+00
TCGA-BP-4781-01A-01R-1305-07	3.899998e-02	8.613952e-01	4.421887e-01	1.354911e-01	2.022659e+00	4.891451e-02	4.348847e-01	5.656880e+00
TCGA-BP-4782-01A-02R-1420-07	2.184480e-01	7.353071e-01	1.415085e-01	6.453780e-01	1.508724e+00	1.415135e-02	6.757128e-01	5.454717e+00
TCGA-BP-4784-01A-01R-1305-07	0	2.023180e-01	1.267532e+00	0	3.210225e+00	0	1.693204e+00	4.067018e-01
TCGA-BP-4787-01A-01R-1305-07	0	1.514858e+00	2.664044e-01	5.171045e-01	2.451682e+00	1.587353e-01	3.050572e-01	4.396667e+00
TCGA-BP-4789-01A-01R-1305-07	1.712115e-01	0	5.093666e-01	0	2.385306e+00	0	2.690466e-01	4.588583e+00
TCGA-BP-4790-01A-01R-1305-07	1.419922e-01	3.449919e-01	1.120390e-01	4.539357e-01	2.514345e+00	1.678334e-02	4.946161e-01	5.327251e+00
TCGA-BP-4795-01A-02R-1420-07	0	1.801260e-01	9.921593e-01	5.136511e-02	3.352252e+00	0	1.822798e+00	5.917852e-01
TCGA-BP-4797-01A-01R-1305-07	1.842470e-01	9.843238e-01	2.851598e-01	4.446100e-01	1.774632e+00	1.871985e-02	2.052530e-01	5.876752e+00
TCGA-BP-4798-01A-01R-1305-07	0	1.109414e+00	1.070870e-02	8.830384e-01	2.741500e+00	2.545465e-02	2.214869e-01	3.990461e+00
TCGA-BP-4799-01A-01R-1305-07	0	1.169761e+00	7.688249e-01	0	3.340818e+00	1.485787e-01	0	3.718521e+00
TCGA-BP-4801-01A-02R-1420-07	2.244143e-01	4.292747e-01	2.339026e-01	3.230589e-01	2.097499e+00	0	3.260123e-01	5.130665e+00
TCGA-BP-4803-01A-01R-1305-07	0	5.959017e-01	3.508892e-01	3.549345e-02	2.332623e+00	0	4.046890e-01	5.845118e+00
TCGA-BP-4804-01A-02R-1305-07	2.036484e-01	9.526308e-01	2.143876e-01	7.123079e-01	2.536154e+00	0	4.969828e-01	2.882503e+00
TCGA-BP-4807-01A-01R-1305-07	3.173094e-01	4.725862e-01	2.984575e-01	3.644398e-01	1.594947e+00	1.488567e-02	4.652468e-01	5.928333e+00
TCGA-BP-4959-01A-01R-1334-07	3.043126e-01	9.922891e-01	2.948404e-01	6.665387e-01	1.089281e+00	0	1.997579e-01	6.330967e+00
TCGA-BP-4960-01A-01R-1334-07	0	1.161880e+00	2.427440e-02	7.519359e-01	2.514809e+00	1.042747e-03	0	3.009143e+00
TCGA-BP-4961-01A-01R-1334-07	8.537123e-02	6.092824e-02	3.104626e-01	2.703498e-01	2.329344e+00	0	2.764168e-01	5.055839e+00
TCGA-BP-4962-01A-01R-1334-07	2.825897e-01	1.233162e+00	3.034870e-01	6.534271e-01	1.783703e+00	0	5.909008e-02	4.554055e+00
TCGA-BP-4963-01A-01R-1334-07	7.763324e-02	6.772077e-01	1.146125e-01	7.790317e-01	1.592427e+00	0	6.146018e-02	5.947372e+00
TCGA-BP-4964-01A-01R-1334-07	8.130840e-02	4.811518e-01	3.058611e-01	5.859235e-01	1.821465e+00	4.109092e-02	1.737803e-01	5.237659e+00
TCGA-BP-4965-01A-01R-1334-07	1.934258e-01	2.653736e-01	2.163703e-01	4.254428e-01	1.459996e+00	3.318206e-02	4.452551e-01	6.728762e+00
TCGA-BP-4967-01A-01R-1334-07	0	8.967144e-01	2.568740e-01	6.692468e-01	1.628886e+00	7.650011e-03	5.260873e-01	6.191539e+00
TCGA-BP-4968-01A-01R-1334-07	8.030105e-02	8.451139e-01	1.580345e-01	9.396511e-01	1.631950e+00	1.076806e-02	0	4.381879e+00
TCGA-BP-4969-01A-01R-1334-07	5.083723e-01	5.571084e-02	4.335395e-01	1.369538e+00	8.643745e-01	0	0	2.938960e+00
TCGA-BP-4970-01A-01R-1334-07	1.254802e-01	4.951622e-01	3.247885e-02	4.795082e-01	2.072000e+00	1.559112e-02	8.189425e-01	5.830091e+00
TCGA-BP-4971-01A-01R-1334-07	8.615387e-03	6.658807e-01	0	1.486577e+00	2.863367e+00	0	2.676550e-01	1.761242e+00
TCGA-BP-4972-01A-01R-1334-07	1.948408e-01	2.236372e-01	1.442684e-01	5.996291e-01	2.074984e+00	0	2.495035e-01	5.095183e+00
TCGA-BP-4973-01A-01R-1334-07	4.419207e-02	2.826905e-01	4.497531e-02	1.019583e+00	1.175678e+00	0	5.067477e-02	6.602472e+00
TCGA-BP-4974-01A-01R-1334-07	2.028141e-01	0	1.967389e-01	8.369648e-01	2.547645e+00	1.669669e-02	1.628911e-01	2.567791e+00
TCGA-BP-4975-01A-01R-1334-07	2.409664e-01	2.309227e-01	4.016248e-01	2.628591e-01	1.736346e+00	0	2.051751e-01	5.512214e+00
TCGA-BP-4976-01A-01R-1334-07	2.425857e-01	5.535744e-02	3.138290e-01	4.390746e-01	9.262104e-01	0	7.307327e-02	6.872597e+00
TCGA-BP-4977-01A-01R-1334-07	9.035085e-03	7.149285e-01	3.160064e-01	9.228992e-01	1.348716e+00	3.073234e-02	5.252189e-01	6.203221e+00
TCGA-BP-4981-01A-01R-1334-07	2.344524e-02	8.858098e-01	1.797579e-02	1.526154e+00	1.148191e+00	0	0	3.429294e+00
TCGA-BP-4982-01A-01R-1334-07	2.040409e-01	4.326806e-03	2.993243e-02	5.741644e-01	1.851069e+00	0	2.188857e-01	5.722474e+00
TCGA-BP-4983-01A-01R-1334-07	0	1.495096e+00	2.623546e-01	6.863223e-01	3.070921e+00	0	0	2.808522e+00
TCGA-BP-4985-01A-01R-1334-07	0	1.158553e+00	6.835349e-01	4.958001e-02	2.852092e+00	4.598830e-02	4.596304e-01	3.242345e+00
TCGA-BP-4986-01A-01R-1334-07	0	9.626212e-01	2.228844e-01	4.324885e-01	2.898554e+00	1.012535e-01	4.801647e-01	4.761554e+00
TCGA-BP-4987-01A-01R-1334-07	3.731628e-02	0	1.575610e-01	9.136181e-01	1.365479e+00	0	0	5.533605e+00
TCGA-BP-4988-01A-01R-1334-07	0	7.798434e-01	6.913528e-02	1.226025e+00	2.963933e+00	3.826528e-02	4.275463e-02	2.501331e+00
TCGA-BP-4989-01A-01R-1334-07	0	7.367617e-01	3.830087e-03	1.288381e+00	2.159599e+00	0	0	3.902570e+00
TCGA-BP-4991-01A-01R-1334-07	0	2.747833e-02	1.760935e-01	5.038606e-01	2.110913e+00	0	4.498679e-01	5.908300e+00
TCGA-BP-4992-01A-01R-1334-07	0	1.171072e+00	0	2.191652e+00	1.546684e+00	9.566447e-02	9.075467e-02	2.517738e+00
TCGA-BP-4993-01A-02R-1420-07	1.074608e-01	1.689625e-01	1.425957e-01	5.032088e-01	2.021375e+00	0	2.720812e-01	4.129074e+00
TCGA-BP-4994-01A-01R-1334-07	3.989465e-01	1.000511e-01	2.384131e+00	2.855951e-01	1.435346e+00	4.824616e-02	8.983156e-01	3.482095e+00
TCGA-BP-4995-01A-01R-1334-07	3.829144e-01	1.220293e-01	1.969811e+00	2.317550e-01	1.489995e+00	3.817976e-02	7.869169e-01	4.211806e+00
TCGA-BP-4998-01A-01R-1334-07	1.418730e-01	5.433822e-01	5.718459e-02	8.241136e-01	2.313787e+00	4.555686e-03	7.417655e-01	4.762433e+00
TCGA-BP-4999-01A-01R-1334-07	6.321768e-02	0	3.015146e-01	4.053557e-01	2.015796e+00	0	4.505375e-01	5.481774e+00
TCGA-BP-5000-01A-01R-1334-07	3.358263e-01	1.122925e+00	2.213881e-01	1.025574e+00	1.980735e+00	1.236534e-01	3.654279e-01	2.643330e+00
TCGA-BP-5001-01A-01R-1334-07	5.097450e-01	2.367354e-01	2.840046e-01	1.875320e+00	8.328522e-01	0	0	1.888011e+00
TCGA-BP-5004-01A-01R-1334-07	8.104172e-02	1.804944e-01	2.463897e-01	6.114662e-01	1.473982e+00	0	0	6.558065e+00
TCGA-BP-5006-01A-01R-1334-07	2.357097e-01	1.429360e-01	3.064909e-01	6.929471e-01	1.212637e+00	0	0	5.260457e+00
TCGA-BP-5007-01A-01R-1334-07	4.425978e-02	3.288939e-01	1.562174e-01	9.088619e-01	1.516701e+00	0	3.496506e-01	5.384528e+00
TCGA-BP-5008-01A-01R-1334-07	2.606135e-01	2.735167e-01	3.208654e-01	6.516384e-01	2.252470e+00	6.272931e-03	8.417816e-01	4.115919e+00
TCGA-BP-5009-01A-01R-1334-07	0	1.007334e+00	1.238337e-01	5.901833e-01	2.183160e+00	0	2.746363e-01	4.795626e+00
TCGA-BP-5010-01A-02R-1420-07	1.273723e-01	9.628395e-01	2.180863e-01	8.187043e-01	3.019584e+00	4.688325e-02	3.220091e-01	9.947779e-01
TCGA-BP-5168-01A-01R-1420-07	3.101309e-02	1.339336e-01	3.693138e-01	4.172324e-01	1.321551e+00	0	0	5.508631e+00
TCGA-BP-5169-01A-01R-1426-07	0	1.906404e+00	2.909590e-01	9.672781e-01	2.555104e+00	1.910886e-01	0	1.879783e+00
TCGA-BP-5170-01A-01R-1426-07	0	8.128827e-01	3.036552e-01	0	2.725423e+00	0	2.075832e-01	3.989967e+00
TCGA-BP-5173-01A-01R-1426-07	5.314894e-02	4.488493e-01	3.407828e-01	5.502404e-01	1.609241e+00	0	0	5.122252e+00
TCGA-BP-5174-01A-01R-1426-07	2.540696e-01	7.943649e-01	7.346528e-02	1.299482e+00	4.035608e-01	0	0	4.965413e+00
TCGA-BP-5175-01A-01R-1426-07	5.306833e-02	2.003672e+00	1.432947e-01	1.146112e+00	1.744073e+00	1.616839e-01	6.853668e-02	3.058188e+00
TCGA-BP-5176-01A-01R-1426-07	2.416368e-01	4.793630e-01	2.829505e-01	5.031586e-01	1.354604e+00	0	4.881896e-02	4.413521e+00
TCGA-BP-5177-01A-01R-1426-07	2.455086e-01	6.547002e-02	3.051262e-01	5.703279e-01	2.335364e+00	0	2.353677e-02	2.346424e+00
TCGA-BP-5178-01A-01R-1426-07	0	1.787828e+00	3.094774e-01	3.064384e-01	2.011481e+00	1.099513e-01	0	4.709814e+00
TCGA-BP-5180-01A-01R-1426-07	0	1.228683e+00	9.869708e-02	7.657156e-01	9.610753e-01	0	3.218198e-01	6.063008e+00
TCGA-BP-5181-01A-01R-1426-07	2.385268e-01	6.878788e-02	2.354253e-01	4.694240e-01	1.273494e+00	0	7.153197e-03	5.286649e+00
TCGA-BP-5182-01A-01R-1426-07	3.367679e-01	7.071959e-01	1.479788e-01	6.267254e-01	2.229497e+00	0	4.041230e-01	4.241755e+00
TCGA-BP-5183-01A-01R-1426-07	1.700961e-02	8.147245e-01	4.260184e-02	1.148279e+00	6.613057e-01	0	7.306406e-02	6.741821e+00
TCGA-BP-5184-01A-01R-1426-07	3.573954e-01	1.549971e-01	3.949238e-01	3.536289e-01	1.685430e+00	0	1.780108e-01	4.503247e+00
TCGA-BP-5185-01A-01R-1426-07	2.045987e-01	8.443675e-01	2.313156e-01	1.196250e+00	9.386598e-01	0	0	2.401038e+00
TCGA-BP-5186-01A-01R-1426-07	2.983604e-01	0	1.918916e-01	8.280876e-01	1.320354e+00	0	1.596959e-01	4.735659e+00
TCGA-BP-5187-01A-01R-1426-07	7.703134e-03	5.044595e-01	3.033322e-01	5.975745e-02	2.292139e+00	3.020181e-02	6.756152e-01	5.763531e+00
TCGA-BP-5189-01A-02R-1426-07	0	8.141526e-01	2.233631e-01	1.593866e-01	2.224411e+00	5.787850e-02	2.966728e-01	6.278517e+00
TCGA-BP-5190-01A-01R-1426-07	2.881179e-01	8.435772e-01	3.052505e-01	9.965919e-01	4.929327e-01	0	7.969230e-02	5.523140e+00
TCGA-BP-5191-01A-01R-1426-07	6.717774e-02	1.848815e+00	9.181066e-02	1.208799e+00	1.366660e+00	8.751527e-02	4.667629e-02	4.061093e+00
TCGA-BP-5192-01A-01R-1426-07	2.289204e-01	0	4.069574e-01	7.124577e-01	7.432565e-01	0	2.582001e-01	5.784067e+00
TCGA-BP-5194-01A-02R-1426-07	6.380962e-02	4.433838e-02	2.552418e-01	2.364013e-01	1.734825e+00	0	2.895632e-02	6.194178e+00
TCGA-BP-5195-01A-02R-1426-07	0	5.449406e-01	1.644293e-01	4.114882e-02	2.507367e+00	0	3.330348e-01	5.252290e+00
TCGA-BP-5196-01A-01R-1426-07	0	1.020285e+00	1.730480e-01	5.946843e-01	2.767517e+00	0	5.689565e-01	2.405891e+00
TCGA-BP-5198-01A-01R-1426-07	0	1.041289e+00	1.623019e-01	3.174570e-02	2.897286e+00	0	8.321711e-02	4.634190e+00
TCGA-BP-5199-01A-01R-1426-07	0	6.350457e-01	1.229833e-01	8.248269e-01	3.110230e+00	0	2.771970e-01	1.937453e+00
TCGA-BP-5200-01A-01R-1426-07	1.209965e-01	2.532711e-01	1.106755e-01	3.352754e-01	2.134412e+00	0	1.254088e-01	5.437333e+00
TCGA-BP-5201-01A-01R-1426-07	5.408457e-02	8.438256e-01	3.317737e-02	1.136027e+00	1.046271e+00	8.798502e-03	5.062120e-02	5.204441e+00
TCGA-BP-5202-01A-02R-1426-07	1.679183e-01	1.229185e-01	3.323866e-01	5.347993e-01	1.291419e+00	0	0	5.814499e+00
TCGA-CJ-4634-01A-02R-1325-07	1.369106e-01	0	1.551725e-01	7.743421e-01	1.610265e+00	0	4.085357e-02	4.905328e+00
TCGA-CJ-4635-01A-02R-1305-07	0	7.740270e-01	1.698992e-01	6.164054e-01	2.186194e+00	0	3.802425e-02	5.431742e+00
TCGA-CJ-4636-01A-02R-1325-07	6.772341e-02	9.800398e-01	7.099482e-02	1.085028e+00	1.847941e+00	0	3.138022e-01	4.473171e+00
TCGA-CJ-4637-01A-02R-1325-07	0	1.162539e+00	0	1.237707e+00	2.129842e+00	4.874982e-02	0	4.549115e+00
TCGA-CJ-4638-01A-02R-1325-07	3.288337e-01	1.225249e+00	2.548833e-01	2.049527e+00	4.255589e-01	0	1.191987e-01	2.491104e+00
TCGA-CJ-4639-01A-02R-1325-07	1.447584e-01	0	2.127133e-01	7.332848e-01	1.407915e+00	0	0	5.737157e+00
TCGA-CJ-4640-01A-02R-1325-07	1.659727e-01	9.220940e-01	2.622584e-01	5.893455e-01	1.354900e+00	0	3.098580e-01	5.704029e+00
TCGA-CJ-4641-01A-02R-1325-07	3.998146e-01	1.037965e+00	1.521291e-01	1.296053e+00	1.566927e+00	9.148374e-02	3.085213e-01	4.436077e+00
TCGA-CJ-4642-01B-01R-1305-07	7.029941e-02	8.696823e-01	9.380604e-01	7.828306e-01	2.496548e+00	0	3.698990e-01	0
TCGA-CJ-4643-01A-02R-1325-07	1.757705e-01	0	9.600711e-02	8.140366e-01	1.746741e+00	0	1.545942e-01	4.910020e+00
TCGA-CJ-4644-01A-02R-1325-07	1.261276e-01	3.667127e-01	2.893998e-01	3.474062e-01	1.111594e+00	0	0	6.267329e+00
TCGA-CJ-4868-01A-01R-1305-07	0	1.149999e+00	2.413357e-01	2.463171e-01	3.252462e+00	8.976709e-02	2.049031e-01	3.263531e+00
TCGA-CJ-4869-01A-02R-1426-07	1.333086e-01	1.433991e+00	0	8.901439e-01	1.654782e+00	6.972846e-03	2.937228e-02	4.467855e+00
TCGA-CJ-4870-01A-01R-1305-07	4.506934e-02	1.427701e-01	4.901246e-01	3.431397e-01	1.420854e+00	0	0	4.428549e+00
TCGA-CJ-4871-01A-01R-1305-07	1.548339e-01	9.036276e-01	4.214560e-01	0	2.229618e+00	4.260634e-03	3.022811e-01	5.064668e+00
TCGA-CJ-4872-01A-01R-1305-07	3.942319e-02	7.019404e-01	2.947598e-01	1.228242e-01	2.902331e+00	7.611412e-04	2.188770e-01	3.558003e+00
TCGA-CJ-4873-01A-01R-1305-07	0	1.489562e+00	7.190690e-03	1.577812e+00	1.874547e+00	0	1.096020e-01	2.351544e+00
TCGA-CJ-4874-01A-01R-1305-07	2.203238e-01	2.456790e-01	2.238206e-01	4.721779e-01	9.551964e-01	0	0	6.546041e+00
TCGA-CJ-4875-01A-01R-1305-07	0	7.360569e-01	9.248950e-02	1.396223e+00	1.168183e+00	0	0	4.263403e+00
TCGA-CJ-4876-01A-01R-1305-07	1.502500e-01	6.423653e-01	2.072952e-01	1.407870e+00	4.998064e-01	0	3.713979e-02	4.693043e+00
TCGA-CJ-4878-01A-01R-1305-07	3.702485e-02	1.171208e-01	1.807744e-01	1.132172e+00	1.162162e+00	0	9.316737e-03	4.393918e+00
TCGA-CJ-4881-01A-01R-1305-07	0	1.670855e+00	1.361672e-01	9.943419e-01	2.347464e+00	1.594094e-01	3.858976e-01	3.090910e+00
TCGA-CJ-4882-01A-02R-1426-07	1.083909e-01	1.152031e+00	2.483600e-01	8.778561e-01	3.145169e+00	1.610052e-01	4.793673e-01	1.401181e+00
TCGA-CJ-4884-01A-01R-1305-07	8.503022e-02	8.546676e-01	6.215591e-02	1.137919e+00	1.210908e+00	0	0	5.460879e+00
TCGA-CJ-4885-01A-01R-1305-07	4.711218e-02	4.448136e-01	4.303980e-01	3.428785e-01	1.118136e+00	0	3.092390e-01	6.201071e+00
TCGA-CJ-4886-01A-01R-1305-07	2.872240e-01	1.630546e-01	1.570603e-01	5.314805e-01	2.001027e+00	0	5.452375e-02	4.613111e+00
TCGA-CJ-4887-01A-01R-1305-07	6.746481e-02	9.558235e-01	0	1.235488e+00	1.026796e+00	0	0	5.335241e+00
TCGA-CJ-4888-01A-01R-1305-07	0	1.228790e+00	2.783854e-01	5.954309e-01	2.628025e+00	2.531503e-02	0	4.237962e+00
TCGA-CJ-4889-01A-01R-1305-07	2.277493e-01	3.530703e-01	1.283955e-01	6.703691e-01	2.555111e+00	0	4.381221e-01	3.634105e+00
TCGA-CJ-4890-01A-01R-1305-07	0	1.217740e+00	3.243698e-01	2.291107e-01	3.507140e+00	1.498381e-01	2.550243e-01	3.700941e+00
TCGA-CJ-4891-01A-01R-1305-07	0	1.844686e+00	3.748987e-01	9.596351e-01	2.507694e+00	1.141870e-01	2.040119e-02	1.695067e+00
TCGA-CJ-4892-01A-01R-1305-07	3.315913e-01	3.094636e-01	2.212366e-01	1.325766e+00	1.272835e+00	2.596074e-02	1.699319e-01	3.542072e+00
TCGA-CJ-4893-01A-01R-1305-07	7.681396e-02	2.645308e-01	1.525074e-01	6.330486e-01	1.313506e+00	0	0	6.056318e+00
TCGA-CJ-4894-01A-01R-1305-07	6.036515e-02	2.775939e-01	0	1.049132e+00	1.298931e+00	0	2.146932e-01	6.039852e+00
TCGA-CJ-4895-01A-01R-1305-07	0	1.123301e+00	2.636116e-01	4.541132e-01	2.497497e+00	5.416998e-02	6.821844e-02	4.017788e+00
TCGA-CJ-4897-01A-03R-1426-07	3.175668e-01	1.927037e-01	3.252568e-01	5.524582e-01	1.437640e+00	0	9.693291e-02	5.284839e+00
TCGA-CJ-4899-01A-01R-1334-07	1.945713e-01	1.989148e-01	2.338380e-01	6.790854e-01	2.378423e+00	6.789011e-02	5.206095e-01	4.346587e+00
TCGA-CJ-4900-01A-01R-1334-07	1.056619e-02	1.235698e+00	5.881609e-02	1.278690e+00	2.062774e+00	4.164405e-02	0	3.018101e+00
TCGA-CJ-4901-01A-01R-1426-07	0	1.160376e+00	2.228627e-01	6.271007e-01	2.892809e+00	6.729335e-02	1.116509e-01	3.458195e+00
TCGA-CJ-4902-01A-01R-1426-07	0	7.966135e-01	1.181984e-01	6.779222e-01	2.824185e+00	4.342785e-02	1.793323e-01	3.659870e+00
TCGA-CJ-4903-01A-01R-1426-07	1.141648e-01	5.646569e-01	7.473343e-03	7.853125e-01	1.372430e+00	0	1.036774e-01	6.069789e+00
TCGA-CJ-4904-01A-02R-1426-07	5.178702e-02	2.727749e-03	2.674956e-01	1.311873e-01	1.953736e+00	0	0	5.708777e+00
TCGA-CJ-4905-01A-02R-1426-07	0	0	3.106511e-01	1.268223e-01	2.512821e+00	0	1.489673e-01	4.455088e+00
TCGA-CJ-4907-01A-01R-1426-07	3.404495e-01	2.933199e-01	4.437022e-01	3.922529e-01	2.252388e+00	1.728755e-02	6.526340e-01	4.089412e+00
TCGA-CJ-4908-01A-01R-1426-07	3.227508e-02	2.914867e-01	1.255805e-01	4.745575e-01	2.611145e+00	0	3.007262e-01	4.410955e+00
TCGA-CJ-4912-01A-01R-1426-07	0	1.351573e+00	2.375507e-01	1.178081e+00	1.943264e+00	6.158091e-02	4.574172e-01	3.264896e+00
TCGA-CJ-4916-01A-01R-1426-07	7.744391e-02	5.711265e-01	0	1.292225e+00	1.328404e+00	0	0	5.034578e+00
TCGA-CJ-4918-01A-01R-1426-07	0	6.116586e-01	4.106111e-01	0	3.478345e+00	6.195083e-02	3.438350e-01	3.827729e+00
TCGA-CJ-4920-01A-01R-1426-07	6.383100e-03	6.045273e-01	1.894919e-01	5.322032e-01	2.226686e+00	4.965152e-02	3.006211e-01	4.425053e+00
TCGA-CJ-4923-01A-01R-1426-07	1.109074e-01	1.104881e+00	2.394119e-01	8.999431e-01	2.611169e+00	8.697833e-03	3.719586e-01	2.013967e+00
TCGA-CJ-5671-01A-11R-1541-07	0	1.053829e+00	1.562762e-01	0	3.423198e+00	0	6.579384e-02	3.514133e+00
TCGA-CJ-5672-11A-01R-1541-07	1.268677e+00	0	2.640292e+00	1.029949e-01	5.547246e-01	0	2.904722e+00	6.887345e-01
TCGA-CJ-5672-01A-11R-1541-07	2.541767e-01	9.236107e-01	5.726223e-02	9.719273e-01	1.226615e+00	0	1.504368e-01	5.399043e+00
TCGA-CJ-5675-01A-11R-1541-07	2.387427e-01	7.788163e-01	3.149784e-01	8.898065e-01	4.902540e-01	0	2.139521e-01	6.302349e+00
TCGA-CJ-5676-11A-01R-1541-07	1.459915e+00	1.635395e-01	2.010117e+00	7.562812e-02	1.185873e+00	0	1.776615e+00	1.254581e+00
TCGA-CJ-5676-01A-11R-1541-07	0	1.223828e+00	1.006134e-01	2.299889e-01	2.449981e+00	3.231185e-03	0	4.058838e+00
TCGA-CJ-5677-11A-01R-1541-07	1.636902e+00	0	2.276109e+00	2.616604e-01	7.456467e-01	0	1.993546e+00	4.147914e-01
TCGA-CJ-5677-01A-11R-1541-07	1.331924e-01	1.533721e+00	1.706450e-01	5.691764e-01	2.200051e+00	2.771024e-03	0	3.373652e+00
TCGA-CJ-5678-11A-01R-1541-07	1.527991e+00	0	2.338770e+00	0	8.640836e-01	0	1.951593e+00	1.314764e+00
TCGA-CJ-5678-01A-11R-1541-07	1.596225e-02	1.286578e+00	2.841919e-01	8.308174e-01	7.863299e-01	0	0	5.750817e+00
TCGA-CJ-5679-11A-01R-1541-07	1.319275e+00	1.279161e-01	2.118401e+00	1.468119e-01	1.265603e+00	0	2.121568e+00	9.608923e-01
TCGA-CJ-5679-01A-11R-1541-07	4.418570e-01	1.493754e+00	8.050098e-01	1.646322e-01	1.737446e+00	9.663827e-02	4.305291e-01	3.129302e+00
TCGA-CJ-5680-11A-01R-1541-07	1.091341e+00	2.400161e-01	1.493544e+00	4.304173e-01	1.449852e+00	0	1.778151e+00	1.279744e+00
TCGA-CJ-5680-01A-11R-1541-07	3.974083e-01	5.072663e-01	6.777261e-01	1.013447e+00	8.883666e-01	0	5.857500e-01	4.027271e+00
TCGA-CJ-5681-11A-01R-1541-07	1.479817e+00	1.073923e-01	2.515385e+00	1.486173e-01	1.045672e+00	3.335263e-02	1.878523e+00	0
TCGA-CJ-5681-01A-11R-1541-07	1.615239e-01	5.263883e-01	1.571650e+00	6.120493e-01	1.039715e+00	0	4.160670e-01	3.356565e+00
TCGA-CJ-5682-01A-11R-1541-07	1.212098e-01	5.540105e-01	3.195309e-01	1.528511e-01	2.113907e+00	0	3.597358e-01	4.574002e+00
TCGA-CJ-5683-01A-11R-1541-07	6.434150e-01	4.594248e-01	8.224682e-01	5.375180e-01	1.324109e+00	7.462266e-03	7.493459e-01	2.828025e+00
TCGA-CJ-5684-01A-11R-1541-07	4.634206e-01	4.713576e-01	5.993402e-01	4.815501e-01	1.413618e+00	4.755198e-02	3.799480e-01	4.689258e+00
TCGA-CJ-5686-01A-11R-1672-07	2.063899e-01	7.563809e-01	1.851407e-01	7.332998e-01	1.379626e+00	1.026816e-01	3.048637e-01	6.171551e+00
TCGA-CJ-5689-11A-01R-1541-07	1.070083e+00	1.265840e-01	2.063772e+00	2.257848e-01	1.377079e+00	0	2.564218e+00	5.470276e-01
TCGA-CJ-5689-01A-11R-1541-07	5.683199e-01	7.547776e-01	8.927336e-01	0	2.577548e+00	6.806423e-02	7.214003e-01	2.400320e+00
TCGA-CJ-6027-01A-11R-1672-07	0	1.608235e+00	3.077497e-01	4.479622e-01	2.098543e+00	9.123935e-02	0	5.126583e+00
TCGA-CJ-6028-01A-11R-1672-07	2.802271e-02	1.063102e+00	3.941138e-01	8.847398e-02	2.362756e+00	1.726438e-01	2.618432e-01	5.322618e+00
TCGA-CJ-6030-11A-01R-1672-07	1.548487e+00	5.941892e-02	2.414972e+00	2.354470e-01	5.731761e-01	0	1.750059e+00	9.866197e-01
TCGA-CJ-6030-01A-11R-1672-07	0	1.049597e+00	8.089153e-02	3.792887e-01	1.855021e+00	0	2.388029e-01	6.182082e+00
TCGA-CJ-6031-01A-11R-1672-07	1.157341e-01	1.070893e+00	2.590776e-01	1.572467e-01	2.838886e+00	2.896357e-02	2.735313e-01	3.788719e+00
TCGA-CJ-6032-01A-11R-1672-07	3.082151e-01	7.967502e-02	1.554441e-01	7.151169e-01	6.417339e-01	0	1.821654e-01	6.424828e+00
TCGA-CJ-6033-11A-01R-1858-07	1.282094e+00	2.666722e-01	2.292510e+00	7.473506e-01	3.043946e-01	1.262742e-02	2.327309e+00	0
TCGA-CJ-6033-01A-11R-1672-07	0	1.110910e+00	3.770579e-01	2.100642e-01	2.717261e+00	1.470023e-01	1.199298e-01	3.114982e+00
TCGA-CW-5580-11A-02R-1672-07	1.160435e+00	0	2.348195e+00	4.493238e-01	5.627640e-01	0	2.783363e+00	4.021756e-01
TCGA-CW-5580-01A-01R-1672-07	5.850737e-02	4.895051e-01	2.872632e-01	3.262805e-01	1.810403e+00	3.194599e-03	4.154363e-01	6.009031e+00
TCGA-CW-5581-11A-01R-1541-07	1.711044e+00	0	2.530562e+00	1.857031e-01	3.335275e-01	0	2.088470e+00	8.547614e-01
TCGA-CW-5581-01A-02R-1541-07	5.602904e-01	4.306593e-01	7.914389e-01	3.582509e-01	9.433284e-01	3.724663e-02	6.482896e-01	5.491154e+00
TCGA-CW-5583-01A-02R-1541-07	4.622403e-01	0	4.413331e-01	6.268550e-01	1.471959e+00	0	7.950113e-01	4.688612e+00
TCGA-CW-5584-11A-01R-1541-07	1.201140e+00	3.876517e-01	1.814639e+00	3.892124e-01	1.181505e+00	0	1.874727e+00	1.349812e+00
TCGA-CW-5584-01A-01R-1541-07	3.312400e-01	3.716556e-01	4.345289e-01	2.550278e-01	1.329229e+00	0	6.132941e-01	5.600584e+00
TCGA-CW-5585-11A-01R-1541-07	1.661510e+00	0	2.427475e+00	5.532241e-02	6.528812e-01	0	1.845848e+00	6.710062e-01
TCGA-CW-5585-01A-01R-1541-07	2.841405e-01	0	3.980298e-01	6.724722e-01	8.499765e-01	0	0	5.487131e+00
TCGA-CW-5587-11A-01R-1541-07	1.672671e+00	0	2.414243e+00	2.462799e-01	2.351572e-01	0	2.012679e+00	1.288878e+00
TCGA-CW-5587-01A-01R-1541-07	3.964411e-01	2.569146e-01	2.797393e-01	6.570924e-01	1.185641e+00	0	5.806845e-02	6.182138e+00
TCGA-CW-5588-01A-01R-1541-07	1.361870e-01	9.562352e-01	4.244235e-01	0	2.486698e+00	6.386732e-02	5.230675e-01	4.909945e+00
TCGA-CW-5589-11A-01R-1541-07	1.622000e+00	0	2.320624e+00	2.540835e-01	4.599575e-01	0	2.126854e+00	1.123549e+00
TCGA-CW-5589-01A-01R-1541-07	6.076679e-01	3.025198e-01	7.088624e-01	2.858380e-01	1.716120e+00	0	7.738037e-01	3.871558e+00
TCGA-CW-5590-01A-01R-1541-07	1.153454e-01	6.973961e-01	4.915881e-01	2.138677e-01	2.036161e+00	3.880663e-02	4.402049e-01	4.955181e+00
TCGA-CW-5591-11A-01R-1541-07	4.754991e-02	1.056734e+00	3.860283e-01	1.113830e-01	1.864599e+00	1.018399e-01	4.142999e-01	6.218629e+00
TCGA-CW-5591-01A-01R-1541-07	1.117978e+00	2.832721e-01	1.699459e+00	1.572562e-01	1.318991e+00	0	1.884233e+00	2.225945e+00
TCGA-CW-6087-11A-01R-1672-07	1.397419e+00	0	2.660462e+00	3.199070e-01	1.235524e-02	0	2.533410e+00	1.517004e+00
TCGA-CW-6087-01A-11R-1672-07	0	1.052468e+00	5.870483e-01	4.785247e-01	2.345437e+00	0	5.216749e-01	2.965735e+00
TCGA-CW-6088-11A-01R-1672-07	4.966036e-01	0	2.906846e+00	5.686991e-02	3.250040e-01	0	3.413866e+00	2.224954e+00
TCGA-CW-6088-01A-11R-1672-07	3.166500e-01	0	3.420899e-01	4.477126e-01	1.502174e+00	0	6.026212e-01	5.679796e+00
TCGA-CW-6090-11A-01R-1672-07	1.717772e+00	0	2.464107e+00	1.263464e-01	1.500359e-01	0	2.015807e+00	2.034217e+00
TCGA-CW-6090-01A-11R-1672-07	0	6.825584e-01	5.099673e-01	0	3.388421e+00	0	0	4.203109e+00
TCGA-CW-6093-01A-11R-1672-07	0	0	4.095131e-01	2.346397e-01	1.884636e+00	0	8.842144e-02	5.745416e+00
TCGA-CW-6097-01A-11R-1672-07	5.153565e-02	9.944336e-01	7.972263e-02	2.920170e-01	2.652965e+00	0	3.645402e-01	4.777980e+00
TCGA-CZ-4853-01A-01R-1426-07	2.078289e-01	4.173492e-01	2.894125e-01	9.109561e-01	5.859304e-01	0	0	6.398859e+00
TCGA-CZ-4854-01A-01R-1305-07	1.844717e-02	1.334550e+00	2.923606e-01	7.106020e-01	2.037702e+00	1.315477e-01	4.875310e-01	4.937443e+00
TCGA-CZ-4856-01A-02R-1426-07	2.076366e-01	3.549231e-01	1.574385e-01	4.134576e-01	1.246676e+00	0	1.354468e-01	5.858647e+00
TCGA-CZ-4857-01A-01R-1305-07	0	1.257150e+00	2.230209e-01	4.084204e-01	2.636573e+00	4.773785e-02	3.092252e-01	4.457291e+00
TCGA-CZ-4858-01A-01R-1305-07	0	1.204114e+00	7.271852e-01	0	3.892658e+00	0	0	1.299797e+00
TCGA-CZ-4859-01A-02R-1426-07	3.432465e-01	0	5.873139e-01	6.239596e-01	2.818084e-01	0	0	5.845120e+00
TCGA-CZ-4860-01A-01R-1305-07	0	1.583625e+00	8.059927e-01	0	2.910483e+00	0	0	3.322392e+00
TCGA-CZ-4861-01A-01R-1305-07	0	9.587714e-01	1.557610e-01	5.564464e-01	1.663958e+00	0	1.351814e-01	6.216034e+00
TCGA-CZ-4862-01A-01R-1305-07	9.455714e-02	6.608311e-01	0	9.794708e-01	1.585304e+00	0	4.426433e-01	6.263710e+00
TCGA-CZ-4863-11A-01R-1503-07	4.652689e-01	0	2.526080e+00	0	7.617495e-01	0	3.185741e+00	1.526570e+00
TCGA-CZ-4863-01A-01R-1503-07	1.371791e-01	3.639724e-01	0	1.117328e+00	9.646993e-01	0	0	6.270098e+00
TCGA-CZ-4864-11A-01R-1503-07	1.677535e+00	1.647193e-01	2.123514e+00	2.962700e-01	5.641894e-01	0	1.774260e+00	1.233240e+00
TCGA-CZ-4864-01A-01R-1503-07	0	2.228789e-01	5.017874e-02	1.153960e+00	1.125651e+00	0	0	7.039379e+00
TCGA-CZ-4865-11A-01R-1503-07	6.765979e-01	0	2.285085e+00	1.586646e-01	9.978501e-01	0	3.120918e+00	9.067716e-01
TCGA-CZ-4865-01A-02R-1503-07	2.592418e-01	8.256567e-01	2.228318e-01	3.926398e-01	2.018266e+00	2.484949e-02	5.222879e-01	4.592585e+00
TCGA-CZ-4866-01A-01R-1503-07	2.000691e-01	7.511108e-01	4.632448e-01	1.215012e+00	4.260920e-01	0	7.136061e-02	6.434962e+00
TCGA-CZ-5451-11A-01R-1503-07	1.703448e+00	0	2.472184e+00	1.668210e-01	4.513861e-01	0	1.943992e+00	9.704402e-01
TCGA-CZ-5451-01A-01R-1503-07	1.016932e-01	2.450064e-01	2.165445e-01	5.871094e-01	9.230120e-01	0	0	6.694356e+00
TCGA-CZ-5452-11A-01R-1503-07	7.764823e-01	0	2.697176e+00	2.174047e-01	3.172402e-01	0	3.373253e+00	1.074032e+00
TCGA-CZ-5452-01A-01R-1503-07	0	1.207090e+00	0	1.210433e+00	7.607933e-01	0	0	6.135373e+00
TCGA-CZ-5453-11A-01R-1503-07	9.271045e-01	0	2.480266e+00	2.740297e-02	6.915940e-01	0	3.016081e+00	1.591372e+00
TCGA-CZ-5453-01A-01R-1503-07	1.733689e-01	0	5.630615e-01	5.543784e-01	1.075105e+00	0	4.910878e-02	5.013240e+00
TCGA-CZ-5454-11A-01R-1503-07	7.798879e-01	0	2.509360e+00	3.311195e-01	4.994015e-01	0	3.219061e+00	1.137623e+00
TCGA-CZ-5454-01A-01R-1503-07	0	5.812317e-01	4.630221e-01	1.153718e-01	1.862324e+00	0	0	6.234448e+00
TCGA-CZ-5455-11A-01R-1503-07	5.918401e-01	0	2.790750e+00	0	5.794572e-01	0	3.333069e+00	1.074857e+00
TCGA-CZ-5455-01A-01R-1503-07	0	5.089664e-01	1.335416e-01	4.922930e-01	1.452401e+00	1.891743e-02	8.654765e-02	7.427390e+00
TCGA-CZ-5456-11A-02R-1503-07	5.326063e-01	0	2.891103e+00	2.017613e-01	3.780858e-01	0	3.389849e+00	0
TCGA-CZ-5456-01A-01R-1503-07	0	1.511150e+00	3.276411e-01	1.540113e-01	2.220826e+00	7.633195e-02	1.531550e-01	5.200375e+00
TCGA-CZ-5457-11A-01R-1503-07	4.595087e-01	1.699493e-01	2.640095e+00	2.099988e-01	5.541494e-01	0	3.240945e+00	9.496354e-01
TCGA-CZ-5457-01A-01R-1503-07	3.833307e-02	3.654397e-01	3.758618e-01	1.823150e-01	1.500625e+00	0	0	6.232205e+00
TCGA-CZ-5458-11A-01R-1503-07	6.818429e-01	0	2.833557e+00	5.749406e-02	3.099199e-01	0	3.464456e+00	9.846364e-01
TCGA-CZ-5458-01A-01R-1503-07	1.448362e-01	5.560301e-01	2.859051e-01	3.910450e-01	1.511575e+00	0	5.545474e-01	5.954276e+00
TCGA-CZ-5459-01A-01R-1503-07	1.665686e-01	9.092774e-01	3.306341e-01	7.107966e-01	1.548349e+00	7.279906e-02	3.054179e-01	4.662027e+00
TCGA-CZ-5460-01A-01R-1503-07	0	8.308259e-01	1.850666e-01	8.535013e-01	1.264732e+00	0	0	5.397187e+00
TCGA-CZ-5461-11A-01R-1503-07	1.334361e+00	0	2.416901e+00	0	5.949542e-01	0	2.592787e+00	1.512845e+00
TCGA-CZ-5461-01A-01R-1503-07	0	6.147474e-01	2.667741e-01	0	2.145642e+00	0	3.362574e-01	6.175640e+00
TCGA-CZ-5462-11A-01R-1503-07	9.110586e-01	6.988990e-02	2.655735e+00	1.432191e-01	5.649517e-02	0	2.967236e+00	2.077844e+00
TCGA-CZ-5462-01A-01R-1503-07	0	1.259015e+00	3.252498e-01	7.835043e-01	5.921614e-01	6.576628e-02	2.995883e-01	6.861005e+00
TCGA-CZ-5463-11A-01R-1503-07	1.166660e+00	0	2.620892e+00	1.409199e-01	6.668181e-01	0	2.703798e+00	1.159204e+00
TCGA-CZ-5463-01A-01R-1503-07	0	1.432504e-01	3.527389e-01	7.226391e-01	6.529783e-01	0	1.212278e-01	8.449318e+00
TCGA-CZ-5464-01A-01R-1503-07	1.587911e-01	1.030248e+00	2.691136e-01	5.615838e-01	2.232533e+00	4.981668e-02	2.794199e-01	4.366002e+00
TCGA-CZ-5465-11A-01R-1503-07	5.483866e-01	0	2.877858e+00	1.322744e-02	3.354117e-01	0	3.467765e+00	1.838540e+00
TCGA-CZ-5465-01A-01R-1503-07	0	2.589868e-01	4.669562e-01	5.681788e-01	1.347220e+00	0	1.642228e-01	6.071303e+00
TCGA-CZ-5466-11A-01R-1503-07	1.549520e+00	1.208025e-01	2.167450e+00	0	1.001300e+00	0	1.797424e+00	1.789057e+00
TCGA-CZ-5466-01A-01R-1503-07	2.140807e-01	1.172340e+00	3.331516e-01	6.398631e-01	1.650700e+00	0	3.625909e-01	4.750243e+00
TCGA-CZ-5467-11A-01R-1503-07	8.944299e-01	6.429754e-02	2.550602e+00	3.167265e-01	3.793405e-01	1.279385e-02	3.025353e+00	3.426981e-01
TCGA-CZ-5467-01A-01R-1503-07	0	2.675462e-01	4.591312e-01	1.921293e-01	2.169869e+00	0	2.118920e-01	4.910893e+00
TCGA-CZ-5468-11A-01R-1503-07	7.523597e-01	5.790864e-02	2.497015e+00	2.971882e-01	5.518583e-01	0	2.991686e+00	8.030140e-01
TCGA-CZ-5468-01A-01R-1503-07	0	1.742286e+00	5.569933e-01	1.240936e-01	2.611440e+00	7.280753e-02	0	2.977665e+00
TCGA-CZ-5469-11A-01R-1503-07	5.892621e-01	0	2.871740e+00	7.852761e-02	3.377818e-01	0	3.468397e+00	9.832054e-01
TCGA-CZ-5469-01A-01R-1503-07	0	1.483556e+00	3.247943e-01	8.809134e-01	1.938269e+00	0	3.680865e-01	2.300046e+00
TCGA-CZ-5470-11A-01R-1503-07	8.570460e-01	0	2.448565e+00	1.084000e-01	8.592087e-01	0	2.896957e+00	1.048373e+00
TCGA-CZ-5470-01A-01R-1503-07	1.854129e-01	1.039419e+00	2.751440e-01	9.527882e-01	9.939366e-01	0	0	5.255851e+00
TCGA-CZ-5982-11A-01R-1672-07	1.720774e+00	0	2.668015e+00	3.820669e-02	2.698727e-01	0	1.928068e+00	9.608299e-01
TCGA-CZ-5982-01A-11R-1672-07	7.859981e-02	0	2.715774e-01	3.462664e-01	1.398641e+00	0	1.795580e-01	6.161059e+00
TCGA-CZ-5984-11A-01R-1672-07	1.530785e+00	0	2.356721e+00	4.001649e-02	1.150371e+00	0	1.951580e+00	4.855805e-01
TCGA-CZ-5984-01A-11R-1672-07	7.076843e-02	1.346715e+00	2.197591e-01	5.872565e-01	1.396100e+00	1.303560e-01	5.258388e-01	6.300288e+00
TCGA-CZ-5985-11A-01R-1672-07	1.657736e+00	0	2.464980e+00	0	5.335925e-01	0	2.133699e+00	1.635816e+00
TCGA-CZ-5985-01A-11R-1672-07	9.585149e-02	1.093584e+00	9.765796e-02	7.987860e-01	9.633010e-01	1.034050e-01	4.844511e-01	6.935829e+00
TCGA-CZ-5986-11A-01R-1672-07	1.481009e+00	0	2.544468e+00	2.500028e-02	7.602042e-01	0	2.305040e+00	1.020835e+00
TCGA-CZ-5986-01A-11R-1672-07	9.811095e-02	0	2.863472e-01	4.554328e-01	1.099114e+00	0	2.951097e-01	7.957297e+00
TCGA-CZ-5987-11A-01R-1672-07	1.207001e+00	1.499673e-01	1.643619e+00	0	1.796867e+00	0	1.974598e+00	1.786939e+00
TCGA-CZ-5987-01A-11R-1672-07	0	1.267603e+00	1.459073e-01	7.624991e-01	1.043475e+00	0	4.198657e-01	6.223986e+00
TCGA-CZ-5988-11A-01R-1672-07	1.626513e+00	0	2.527505e+00	5.620558e-02	4.350441e-01	0	2.100848e+00	1.285781e+00
TCGA-CZ-5988-01A-11R-1672-07	0	5.616572e-01	2.836200e-01	0	2.456736e+00	4.459317e-02	6.033480e-01	5.848334e+00
TCGA-CZ-5989-11A-01R-1672-07	7.674082e-01	0	2.095816e+00	3.291509e-01	9.249543e-01	0	3.044875e+00	1.532350e+00
TCGA-CZ-5989-01A-11R-1672-07	0	0	4.687254e-01	0	7.330267e-01	0	4.730669e-01	7.507616e+00
TCGA-DV-5565-01A-01R-1541-07	4.628762e-02	3.809243e-01	3.327518e-01	3.013569e-01	2.440193e+00	0	2.228046e-01	2.802441e+00
TCGA-DV-5566-01A-01R-1541-07	6.674683e-01	4.153605e-01	7.533664e-01	5.044308e-01	1.112180e+00	0	7.230765e-01	3.231239e+00
TCGA-DV-5567-01A-01R-1541-07	0	0	1.427983e+00	1.769293e-01	2.184100e+00	0	2.196754e+00	1.518028e+00
TCGA-DV-5568-01A-01R-1541-07	0	1.244878e+00	2.341602e-01	4.166853e-01	2.485699e+00	4.168876e-02	6.677344e-02	3.509936e+00
TCGA-DV-5569-01A-01R-1541-07	4.614523e-01	3.598814e-01	4.329377e-01	5.812137e-01	1.610442e+00	2.868504e-03	5.755439e-01	3.864609e+00
TCGA-DV-5573-01A-01R-1541-07	6.305965e-01	6.737237e-01	7.429147e-01	9.664524e-01	1.355825e+00	0	1.081230e+00	3.171861e+00
TCGA-DV-5574-01A-01R-1541-07	4.763596e-01	6.076416e-01	7.763666e-01	0	3.016447e+00	5.777466e-02	8.588908e-01	2.714308e+00
TCGA-DV-5575-01A-01R-1541-07	2.413537e-01	2.204671e-01	1.906548e-01	5.426272e-01	1.815944e+00	7.653147e-04	4.399058e-01	4.528122e+00
TCGA-DV-5576-01A-01R-1541-07	6.724807e-01	0	1.346007e+00	3.195260e-01	1.833327e+00	0	2.255910e+00	9.041869e-01
TCGA-DV-A4VX-01A-11R-A266-07	5.723170e-03	1.679181e+00	4.972750e-01	1.508543e+00	2.710806e-01	1.661311e-02	2.961762e-01	4.425319e+00
TCGA-DV-A4VZ-01A-11R-A266-07	0	5.651549e-01	1.222288e+00	9.720624e-01	2.313667e+00	0	1.879418e+00	0
TCGA-DV-A4W0-05A-11R-A266-07	0	0	1.480668e+00	6.130459e-01	1.903029e+00	0	2.269830e+00	1.152124e+00
TCGA-DV-A4W0-01A-11R-A266-07	1.322912e-01	5.161801e-01	3.793677e-01	8.233214e-01	1.543960e+00	0	3.976308e-01	4.443377e+00
TCGA-EU-5904-01A-11R-1672-07	2.331793e-01	0	1.550797e-01	5.142187e-01	1.722955e+00	0	7.661770e-02	4.818401e+00
TCGA-EU-5905-01A-11R-1672-07	0	9.933672e-01	3.656829e-01	1.780005e-01	2.473784e+00	5.508195e-02	5.364541e-01	4.746608e+00
TCGA-EU-5906-01A-11R-1672-07	3.202115e-01	0	2.118297e-01	3.747663e-01	1.475660e+00	0	1.293140e-01	6.078618e+00
TCGA-EU-5907-01A-11R-1672-07	0	9.129412e-01	2.328603e-01	4.371595e-01	9.839065e-01	0	0	7.361706e+00
TCGA-G6-A5PC-01A-11R-A33J-07	9.215159e-02	1.444999e+00	2.017783e-01	2.019254e+00	0	0	0	2.696276e+00
TCGA-G6-A8L6-01A-11R-A37O-07	0	5.236996e-01	2.950474e-01	9.776718e-01	1.890614e+00	0	0	2.512124e+00
TCGA-G6-A8L7-01A-11R-A37O-07	0	1.732825e+00	7.569431e-01	1.299020e+00	1.919667e+00	1.511976e-01	0	0
TCGA-G6-A8L8-01A-21R-A37O-07	0	2.434426e-01	4.484525e-01	1.584561e+00	5.761943e-01	0	9.684273e-03	3.404719e+00
TCGA-GK-A6C7-01A-11R-A33J-07	5.144872e-02	0	1.744779e-01	7.380519e-01	1.857333e+00	1.787961e-02	0	4.211476e+00
TCGA-MM-A563-01A-11R-A266-07	1.399801e-01	7.517731e-01	1.050951e-01	1.116043e+00	2.205465e+00	0	2.735124e-01	2.782446e+00
TCGA-MM-A564-01A-11R-A266-07	0	5.170904e-01	6.415531e-01	6.370378e-01	2.779195e+00	0	0	8.912611e-01
TCGA-MM-A84U-01A-11R-A37O-07	2.308969e-01	1.127134e+00	5.510259e-02	1.460465e+00	1.702665e+00	0	4.708652e-01	1.957915e+00
TCGA-MW-A4EC-01A-11R-A266-07	9.925792e-02	2.845229e-01	2.904976e-01	1.148280e+00	8.848505e-01	0	1.466210e-01	4.430660e+00
TCGA-T7-A92I-01A-11R-A37O-07	1.778754e-01	2.861524e-01	1.446889e+00	1.331460e+00	3.692217e-01	0	5.333797e-01	3.765117e+00
