sampleID	D6.6_EXCRETION	D13.9_REACTOME-ORGANIC-CATION-ANION-ZWITTERION-TRANSPORT	D8.3_TCGA-GLIOBLASTOMA-MUTATED	D8.6_REACTOME-TRANSLOCATION-OF-ZAP-70-TO-IMMUNOLOGICAL-SYNAPSE	D7.1_chr7q11	D9.3_MODULE-25
TCGA-2K-A9WE-01A-11R-A38C-07	0	0	1.890114e+00	1.725615e+00	2.671286e+00	1.866275e+00
TCGA-2Z-A9J1-01A-11R-A38C-07	5.437357e-02	0	1.386110e+00	1.087790e+00	4.870790e+00	1.073780e+00
TCGA-2Z-A9J2-01A-11R-A38C-07	0	0	3.951604e-01	5.675331e-01	1.889241e+00	3.169571e+00
TCGA-2Z-A9J3-01A-12R-A38C-07	0	0	1.805502e+00	1.044362e-01	4.951081e+00	5.756391e-01
TCGA-2Z-A9J5-01A-21R-A38C-07	0	0	8.005866e-01	1.507740e+00	3.881698e+00	1.976552e+00
TCGA-2Z-A9J6-01A-11R-A38C-07	0	0	1.305823e+00	9.924986e-01	4.857541e+00	1.234202e+00
TCGA-2Z-A9J7-01A-11R-A38C-07	0	0	1.387259e+00	1.716196e-01	5.221586e+00	1.021890e+00
TCGA-2Z-A9J8-01A-11R-A42S-07	0	0	1.785295e+00	2.399339e-01	2.451415e+00	2.028905e+00
TCGA-2Z-A9J9-01A-11R-A42S-07	7.316225e-01	0	3.067754e+00	1.533897e-01	1.496605e+00	1.070092e-01
TCGA-2Z-A9JD-01A-11R-A42S-07	1.757825e-01	6.329618e-02	1.823153e+00	2.322291e-01	3.199690e+00	2.125956e+00
TCGA-2Z-A9JE-01A-11R-A42S-07	0	0	1.407319e+00	4.300815e-01	4.940420e+00	1.375903e+00
TCGA-2Z-A9JG-01A-11R-A42S-07	0	0	2.167314e+00	7.441332e-01	3.685636e+00	1.891770e+00
TCGA-2Z-A9JI-01A-11R-A42S-07	0	0	2.124481e+00	8.703565e-01	2.210973e+00	2.473586e+00
TCGA-2Z-A9JJ-01A-11R-A42S-07	7.031069e-02	0	2.997184e+00	7.437732e-01	1.652382e+00	7.504144e-02
TCGA-2Z-A9JK-01A-11R-A42S-07	2.063238e-01	0	2.290824e+00	9.329933e-01	1.004478e+00	1.563932e+00
TCGA-2Z-A9JL-01A-11R-A42S-07	2.310278e-02	0	2.230257e+00	1.128098e+00	4.609593e+00	3.118567e-01
TCGA-2Z-A9JM-01A-12R-A42S-07	4.618287e-02	0	1.769385e+00	1.274879e+00	4.339028e+00	1.019383e+00
TCGA-2Z-A9JN-01A-21R-A42S-07	6.520835e-01	0	2.738512e+00	0	6.030377e-01	1.562721e+00
TCGA-2Z-A9JO-01A-11R-A42S-07	3.826551e-01	0	1.972059e+00	6.662576e-01	8.214916e-01	4.463086e+00
TCGA-2Z-A9JP-01A-11R-A42S-07	0	0	8.088285e-01	1.043635e+00	4.068911e+00	2.429299e+00
TCGA-2Z-A9JQ-01A-11R-A42S-07	1.928003e-02	0	5.327768e-01	8.092726e-01	5.371073e+00	1.115617e+00
TCGA-2Z-A9JR-01A-12R-A42S-07	0	0	1.813135e+00	1.210977e+00	4.872266e+00	1.035629e+00
TCGA-2Z-A9JS-01A-21R-A42S-07	3.497112e-02	0	2.476082e+00	6.646781e-01	4.963492e+00	7.022320e-01
TCGA-2Z-A9JT-01A-11R-A42S-07	0	0	3.796301e-02	1.295957e+00	4.425096e+00	2.346489e+00
TCGA-4A-A93W-01A-11R-A37K-07	9.621634e-02	0	2.000412e+00	7.276779e-01	4.707727e+00	7.441002e-01
TCGA-4A-A93X-01A-11R-A37K-07	0	0	1.493165e+00	0	1.054191e+00	3.824051e+00
TCGA-4A-A93Y-01A-11R-A37K-07	1.601631e-01	0	2.237792e+00	1.646806e+00	2.359951e-01	2.906309e+00
TCGA-5P-A9JU-01A-11R-A42S-07	0	0	1.842993e+00	6.016741e-02	2.349181e+00	2.485056e+00
TCGA-5P-A9JV-01A-12R-A42S-07	3.665989e-01	0	2.444390e+00	9.217347e-01	1.842860e+00	1.143858e+00
TCGA-5P-A9JW-01A-11R-A42S-07	0	0	1.204575e+00	1.047997e+00	2.850253e+00	2.920948e+00
TCGA-5P-A9JY-01A-11R-A42S-07	0	0	1.030002e+00	5.557963e-01	5.498137e+00	1.241779e+00
TCGA-5P-A9JZ-01A-11R-A42S-07	0	0	1.955404e+00	6.979877e-01	3.946121e+00	1.873781e+00
TCGA-5P-A9K0-01A-11R-A42S-07	0	0	1.649125e+00	8.234811e-01	4.033492e+00	1.820844e+00
TCGA-5P-A9K2-01A-11R-A42S-07	0	0	9.334571e-01	6.973279e-01	5.598502e+00	9.901773e-01
TCGA-5P-A9K3-01A-11R-A42S-07	0	0	1.405831e+00	1.851936e-01	5.116064e-01	4.005589e+00
TCGA-5P-A9K4-01A-11R-A42S-07	0	0	1.819360e+00	6.603550e-01	4.151316e+00	5.423419e-01
TCGA-5P-A9K6-01A-11R-A42S-07	2.372786e-01	0	1.620506e+00	1.043447e+00	3.908980e+00	1.673996e+00
TCGA-5P-A9K8-01A-11R-A42S-07	7.215615e-01	0	2.327021e+00	1.363352e-01	9.336968e-01	3.206644e+00
TCGA-5P-A9K9-01A-11R-A42S-07	7.253378e-02	0	2.087387e+00	4.768425e-01	7.786353e-01	2.750362e+00
TCGA-5P-A9KA-01A-11R-A42S-07	9.432636e-02	0	2.455991e+00	1.334725e+00	4.021042e+00	2.679722e-01
TCGA-5P-A9KC-01A-11R-A42S-07	0	0	2.191844e+00	4.344545e-01	9.456149e-01	1.899103e+00
TCGA-5P-A9KE-01A-11R-A42S-07	0	0	1.358603e+00	9.443982e-01	3.543582e+00	2.490799e+00
TCGA-5P-A9KF-01A-11R-A42S-07	6.469601e-02	0	1.363251e+00	7.572994e-01	4.777793e+00	8.543847e-01
TCGA-5P-A9KH-01A-11R-A42S-07	8.071648e-01	0	2.772435e+00	0	2.786301e-01	2.073618e+00
TCGA-A4-7286-01A-11R-A32Z-07	0	0	1.587861e+00	1.274538e+00	2.876016e+00	2.913692e+00
TCGA-A4-7287-01A-11R-2139-07	3.965468e-01	0	2.237029e+00	3.025342e-01	0	4.280135e-01
TCGA-A4-7288-01A-11R-A32Z-07	9.059803e-03	0	2.527799e+00	1.257177e-01	3.257237e+00	1.900402e+00
TCGA-A4-7583-01A-11R-A32Z-07	0	0	2.396562e+00	8.463316e-01	4.286097e+00	1.347859e+00
TCGA-A4-7584-01A-11R-2139-07	0	0	2.209750e+00	4.587427e-01	4.517439e+00	1.314230e+00
TCGA-A4-7585-01A-11R-2139-07	3.029962e-01	5.815828e-02	2.337891e+00	8.113662e-01	4.295956e-01	2.587556e+00
TCGA-A4-7732-01A-11R-2139-07	1.373497e-02	0	1.980170e+00	8.187479e-01	5.455303e+00	4.884438e-01
TCGA-A4-7734-01A-11R-A32Z-07	2.416650e-01	0	3.175720e+00	8.090672e-01	3.992090e+00	1.383711e-01
TCGA-A4-7828-01A-11R-2139-07	4.870841e-01	0	3.132847e+00	7.686739e-01	7.482278e-01	2.684615e-01
TCGA-A4-7915-01A-11R-2204-07	0	0	3.388480e+00	2.025719e-01	0	9.519290e-01
TCGA-A4-7996-01A-11R-2204-07	0	0	2.659884e+00	9.719862e-01	3.773188e+00	1.526353e+00
TCGA-A4-7997-01A-11R-2204-07	0	0	2.795195e+00	9.625672e-01	3.027701e+00	5.132288e-01
TCGA-A4-8098-01A-11R-2404-07	0	0	2.160645e+00	4.731857e-01	2.185014e+00	2.393074e+00
TCGA-A4-8310-01A-11R-2404-07	0	0	2.057440e+00	5.782741e-01	3.769808e+00	1.968816e+00
TCGA-A4-8311-01A-11R-2404-07	0	0	2.436452e+00	5.594915e-01	5.425223e+00	3.258197e-01
TCGA-A4-8312-01A-11R-2404-07	1.107282e+00	0	2.275755e+00	0	1.432508e+00	1.786322e+00
TCGA-A4-8515-01A-11R-2404-07	0	0	2.213818e+00	3.867762e-01	5.000831e+00	1.003858e+00
TCGA-A4-8516-01A-11R-2404-07	0	0	1.800080e+00	8.488818e-01	4.887643e+00	1.354140e+00
TCGA-A4-8517-01A-11R-2404-07	0	0	2.105250e+00	8.770903e-01	4.032073e+00	1.694327e+00
TCGA-A4-8518-01A-11R-2404-07	1.575091e-01	2.185079e-01	1.630693e+00	5.728092e-01	1.661728e+00	2.513599e+00
TCGA-A4-8630-01A-11R-2404-07	0	0	2.371454e+00	4.518856e-01	4.924798e+00	1.411966e+00
TCGA-A4-A48D-01A-11R-A24Z-07	0	0	1.233645e+00	1.046056e+00	2.359357e+00	2.754416e+00
TCGA-A4-A4ZT-11A-11R-A26U-07	1.582485e+00	0	2.609393e+00	0	2.001126e+00	1.254150e+00
TCGA-A4-A4ZT-01A-11R-A26U-07	5.095427e-02	0	2.438001e+00	9.530634e-01	4.419684e+00	1.180738e+00
TCGA-A4-A57E-11A-11R-A26U-07	1.644411e+00	1.889403e-01	2.160488e+00	2.186517e-01	1.698417e+00	1.248668e+00
TCGA-A4-A57E-01A-11R-A26U-07	4.194661e-02	0	1.784152e+00	3.536142e-01	1.583319e+00	2.887796e+00
TCGA-A4-A5DU-01A-11R-A28H-07	0	0	1.684968e+00	6.923698e-01	5.339487e+00	1.031054e+00
TCGA-A4-A5XZ-01A-11R-A31O-07	0	0	1.972895e+00	8.918130e-01	3.961486e+00	1.829165e+00
TCGA-A4-A5Y0-01A-11R-A31O-07	0	0	1.796214e+00	0	2.180826e+00	2.783603e+00
TCGA-A4-A5Y1-01A-11R-A28H-07	5.418526e-02	0	2.505382e+00	6.494077e-01	2.192273e+00	2.413340e+00
TCGA-A4-A6HP-01A-11R-A31O-07	0	0	7.855415e-01	1.206946e+00	5.495224e+00	9.418641e-01
TCGA-A4-A772-01A-11R-A33Z-07	1.967040e-03	0	1.662837e+00	1.315961e+00	4.753418e+00	8.253108e-01
TCGA-A4-A7UZ-01A-12R-A355-07	0	0	2.246492e+00	1.067897e+00	3.708987e+00	3.452156e-01
TCGA-AL-3466-01A-02R-1351-07	9.709240e-02	0	2.675634e+00	4.227524e-01	1.465222e+00	1.983123e+00
TCGA-AL-3467-01A-02R-1351-07	1.807361e-01	0	3.629009e+00	0	2.435813e+00	1.007774e+00
TCGA-AL-3468-01A-02R-1351-07	1.432215e-02	0	2.027478e+00	4.604019e-01	4.605655e+00	1.231027e+00
TCGA-AL-3471-01A-02R-1351-07	1.355489e-01	0	2.076621e+00	1.244696e-01	5.296404e+00	1.004164e+00
TCGA-AL-3472-01A-01R-1193-07	1.867064e-01	0	1.763055e+00	6.536735e-01	5.343340e+00	3.321440e-01
TCGA-AL-3473-01A-01R-1193-07	0	0	1.784498e+00	1.097063e+00	1.272770e+00	1.962897e+00
TCGA-AL-7173-01A-11R-2139-07	1.087545e-02	0	1.650579e+00	9.550985e-01	2.765420e+00	1.542447e+00
TCGA-AL-A5DJ-01A-11R-A26U-07	0	0	8.427787e-01	1.959875e-02	1.270427e+00	2.678403e+00
TCGA-AT-A5NU-01A-11R-A28H-07	2.020920e-01	0	2.221142e+00	4.574054e-01	5.008085e+00	6.964079e-01
TCGA-B1-5398-01A-02R-1592-07	0	0	2.023829e+00	1.265580e+00	1.183104e+00	2.770599e+00
TCGA-B1-7332-01A-11R-A32Z-07	0	0	1.966994e+00	1.030201e+00	3.878637e+00	1.430174e+00
TCGA-B1-A47M-01A-11R-A24Z-07	0	0	1.189436e+00	8.907552e-01	4.542407e+00	1.004299e+00
TCGA-B1-A47N-01A-11R-A24Z-07	2.755080e-01	0	1.233130e+00	8.837859e-01	5.993047e+00	2.209779e-01
TCGA-B1-A47O-01A-11R-A24Z-07	0	0	1.322882e+00	1.144618e+00	3.495840e+00	2.112415e+00
TCGA-B1-A654-01A-11R-A31O-07	6.092919e-02	0	9.173649e-01	7.117222e-01	5.504852e+00	1.071325e+00
TCGA-B1-A655-01A-11R-A31O-07	0	0	2.562889e+00	8.047777e-01	7.511228e-01	3.995449e+00
TCGA-B1-A656-01A-11R-A31O-07	0	0	1.117653e+00	1.498313e+00	1.567636e+00	3.135148e+00
TCGA-B1-A657-01A-11R-A31O-07	0	0	1.962696e+00	1.217812e+00	4.462533e+00	1.240178e+00
TCGA-B3-3925-01A-02R-1351-07	8.698281e-02	0	3.051325e+00	1.116489e+00	3.872983e+00	7.595008e-01
TCGA-B3-3926-01A-02R-1351-07	0	0	3.628179e+00	6.069768e-01	2.782245e+00	1.909159e+00
TCGA-B3-4103-01A-02R-1351-07	1.390286e-01	0	2.787281e+00	8.887954e-01	3.936110e+00	7.895727e-01
TCGA-B3-4104-01A-02R-1351-07	4.322511e-01	0	2.686027e+00	0	5.920118e-02	2.101835e-02
TCGA-B3-8121-01A-21R-2404-07	0	0	2.857196e+00	1.341488e+00	2.964143e+00	1.396537e+00
TCGA-B3-A6W5-01A-12R-A33Z-07	1.027745e-01	0	2.026115e+00	9.800504e-01	4.468210e+00	1.327846e+00
TCGA-B9-4113-01A-01R-1193-07	0	0	2.612258e+00	1.143930e+00	4.822681e+00	5.087810e-01
TCGA-B9-4114-01A-01R-1193-07	2.247824e-02	0	1.426395e+00	1.280484e+00	4.725811e+00	1.063556e+00
TCGA-B9-4115-11A-01R-1758-07	1.715434e+00	8.722884e-01	2.606552e+00	1.705321e-01	1.043784e+00	1.212406e+00
TCGA-B9-4115-01A-01R-1193-07	0	0	1.682397e+00	1.158734e+00	4.905358e+00	8.739729e-01
TCGA-B9-4116-01A-02R-1351-07	0	0	3.006503e+00	4.546849e-01	3.081272e+00	8.803251e-01
TCGA-B9-4117-01A-02R-1351-07	0	0	3.107860e+00	1.109656e+00	3.392416e+00	1.330795e+00
TCGA-B9-4617-01A-01R-1193-07	1.412096e-01	0	1.596419e+00	5.694864e-01	5.466019e+00	1.197491e+00
TCGA-B9-5155-01A-01R-1592-07	4.039815e-02	0	2.717350e+00	2.459205e-01	5.244901e+00	4.936489e-01
TCGA-B9-5156-01A-01R-1592-07	0	0	2.463083e+00	1.235374e+00	3.440163e+00	9.594637e-01
TCGA-B9-7268-01A-11R-A32Z-07	0	0	2.325117e+00	3.210517e-01	5.287992e+00	1.334607e+00
TCGA-B9-A44B-01A-11R-A24Z-07	1.050031e-01	0	1.555116e+00	2.406010e-02	1.858004e+00	1.724289e+00
TCGA-B9-A5W7-01A-11R-A31O-07	0	0	1.910665e+00	9.703042e-01	4.860149e+00	1.046083e+00
TCGA-B9-A5W8-01A-11R-A28H-07	0	0	1.982580e+00	1.392716e+00	2.648058e+00	2.148611e+00
TCGA-B9-A5W9-01A-11R-A28H-07	3.275846e-02	0	2.323783e+00	3.116223e-01	3.955136e+00	1.867065e+00
TCGA-B9-A69E-01A-11R-A31O-07	9.219280e-02	0	2.009161e+00	1.120850e+00	1.266956e+00	3.692916e+00
TCGA-B9-A8YH-01A-11R-A37K-07	5.904368e-02	0	2.161813e+00	1.045662e+00	4.830090e+00	5.911073e-01
TCGA-B9-A8YI-01A-21R-A37K-07	3.621612e-02	8.084213e-02	1.631490e+00	1.089296e-01	1.720536e+00	3.476569e+00
TCGA-BQ-5875-11A-01R-1592-07	1.533268e+00	5.731810e-01	2.719552e+00	3.984069e-01	1.318721e+00	8.325325e-01
TCGA-BQ-5875-01A-11R-1592-07	0	0	2.487063e+00	2.072115e-01	7.316376e-01	3.942480e+00
TCGA-BQ-5876-01A-11R-1592-07	0	0	2.989897e+00	0	4.835245e-01	2.327938e+00
TCGA-BQ-5877-11A-01R-1592-07	1.645506e+00	1.215593e+00	2.383713e+00	5.744001e-02	7.401829e-01	1.463579e+00
TCGA-BQ-5877-01A-11R-1592-07	0	0	3.069782e+00	1.022901e+00	1.437880e+00	2.168756e+00
TCGA-BQ-5878-11A-01R-1592-07	1.668928e+00	1.193233e+00	2.536969e+00	2.982739e-02	7.253862e-01	1.432847e+00
TCGA-BQ-5878-01A-11R-1592-07	0	0	2.562140e+00	1.156204e-01	2.750145e+00	1.917104e+00
TCGA-BQ-5879-11A-01R-1592-07	1.659516e+00	1.281545e+00	2.634940e+00	0	7.826906e-01	1.358453e+00
TCGA-BQ-5879-01A-11R-1592-07	0	0	3.539999e+00	1.957615e-01	0	1.097593e+00
TCGA-BQ-5880-01A-11R-1592-07	1.077527e-01	0	1.607690e+00	8.790656e-01	1.058162e+00	2.845638e+00
TCGA-BQ-5881-01A-11R-1592-07	1.169221e-01	0	5.819337e-01	1.173804e+00	2.769419e+00	2.624492e+00
TCGA-BQ-5882-11A-01R-1592-07	1.657352e+00	1.258066e+00	2.354443e+00	0	9.425143e-01	1.432604e+00
TCGA-BQ-5882-01A-11R-1592-07	2.953181e-02	0	2.330810e+00	7.729804e-01	7.761080e-02	3.853573e+00
TCGA-BQ-5883-01A-11R-1592-07	8.857956e-01	0	3.100146e+00	6.905707e-02	3.010306e-01	1.722218e+00
TCGA-BQ-5884-11A-01R-1592-07	1.695681e+00	1.200801e+00	2.322827e+00	9.445952e-03	8.622317e-01	1.433516e+00
TCGA-BQ-5884-01A-11R-1592-07	7.844135e-02	0	2.881048e+00	9.365986e-01	5.883737e-01	3.866009e+00
TCGA-BQ-5885-01A-11R-1592-07	0	0	1.394366e+00	4.925076e-01	3.094564e+00	2.255416e+00
TCGA-BQ-5886-01A-11R-1592-07	0	0	9.002794e-01	6.279082e-01	2.624840e+00	2.508124e+00
TCGA-BQ-5887-11A-01R-1965-07	1.804669e+00	5.270704e-01	2.632135e+00	0	1.181859e+00	8.819979e-01
TCGA-BQ-5887-01A-11R-1965-07	1.192092e-02	0	2.302960e+00	1.141974e+00	0	3.554604e+00
TCGA-BQ-5888-11A-01R-1592-07	1.311356e+00	1.941382e-01	2.505673e+00	4.791097e-01	1.704098e+00	7.292584e-01
TCGA-BQ-5888-01A-11R-1592-07	0	0	1.667044e+00	8.189994e-01	2.533293e+00	1.485018e+00
TCGA-BQ-5889-01A-11R-1592-07	7.345067e-01	0	1.964102e+00	1.283745e+00	1.765171e+00	1.156906e+00
TCGA-BQ-5890-11A-01R-1592-07	1.474696e+00	8.772251e-01	2.566986e+00	6.497953e-01	7.883601e-01	1.039274e+00
TCGA-BQ-5890-01A-11R-1592-07	0	0	1.532080e+00	1.851239e-01	1.818488e+00	2.995240e+00
TCGA-BQ-5891-11A-01R-1592-07	1.757254e+00	1.109586e+00	2.545186e+00	4.783005e-02	9.470275e-01	1.183795e+00
TCGA-BQ-5891-01A-11R-1592-07	0	0	2.690532e+00	9.625364e-02	2.227164e+00	2.618986e+00
TCGA-BQ-5892-01A-11R-1592-07	2.372638e-01	1.170320e-01	2.579520e+00	7.230786e-01	7.884969e-01	1.487427e+00
TCGA-BQ-5893-01A-11R-1592-07	6.673939e-02	0	2.796069e+00	0	1.692182e-01	1.370923e+00
TCGA-BQ-5894-11A-01R-1592-07	1.646254e+00	1.211840e+00	2.356864e+00	5.205807e-02	7.117366e-01	1.501331e+00
TCGA-BQ-5894-01A-11R-1592-07	1.726528e-01	0	2.696777e+00	6.339060e-01	4.366372e-01	1.157090e+00
TCGA-BQ-7044-11A-01R-1965-07	1.735161e+00	8.608113e-01	1.838865e+00	1.858648e-01	1.397530e+00	1.272937e+00
TCGA-BQ-7044-01A-11R-1965-07	0	0	1.880870e+00	3.931302e-01	2.917008e+00	1.863756e+00
TCGA-BQ-7045-11A-01R-1965-07	1.456441e+00	9.003462e-01	2.648923e+00	6.110705e-01	7.052458e-01	9.521723e-01
TCGA-BQ-7045-01A-31R-1965-07	0	0	2.084454e+00	1.005153e+00	3.312928e+00	1.011562e+00
TCGA-BQ-7046-11A-01R-1965-07	1.771644e+00	1.129028e+00	2.242450e+00	0	1.197048e+00	1.283197e+00
TCGA-BQ-7046-01A-11R-1965-07	0	0	2.026386e+00	1.054432e+00	3.036917e+00	1.965281e+00
TCGA-BQ-7048-01A-11R-1965-07	4.255746e-02	0	2.256113e+00	8.900350e-01	1.270178e+00	3.673153e+00
TCGA-BQ-7049-01A-11R-1965-07	7.376722e-02	0	3.245165e+00	1.163151e+00	1.752788e+00	5.711703e-01
TCGA-BQ-7050-01A-11R-1965-07	5.311215e-02	0	2.257751e+00	7.267755e-01	2.369906e+00	3.656505e+00
TCGA-BQ-7051-11A-02R-1965-07	1.746228e+00	8.525353e-01	2.511765e+00	8.154343e-02	1.071951e+00	9.492956e-01
TCGA-BQ-7051-01A-12R-1965-07	0	0	2.169142e+00	0	3.617632e+00	1.781107e+00
TCGA-BQ-7053-01A-11R-1965-07	3.102646e-01	0	2.489622e+00	7.763236e-01	2.593135e+00	2.507376e+00
TCGA-BQ-7055-11A-01R-1965-07	1.837776e+00	7.247897e-01	2.577516e+00	0	1.464366e+00	9.222836e-01
TCGA-BQ-7055-01A-11R-1965-07	8.101985e-01	0	2.871328e+00	0	2.545809e-01	2.043297e+00
TCGA-BQ-7056-01A-11R-1965-07	1.035018e-01	0	2.057689e+00	4.258623e-01	3.066291e+00	2.655773e+00
TCGA-BQ-7058-01A-11R-1965-07	1.150937e-01	1.025305e-02	1.420099e+00	1.742865e-01	1.601147e+00	2.906559e+00
TCGA-BQ-7059-11A-01R-1965-07	1.725798e+00	1.040963e+00	2.301562e+00	1.316073e-01	1.161199e+00	1.074679e+00
TCGA-BQ-7059-01A-11R-1965-07	8.316026e-02	0	2.385132e+00	1.709286e+00	2.444719e+00	1.425556e+00
TCGA-BQ-7060-01A-11R-1965-07	0	0	2.179700e+00	1.045885e+00	3.209316e+00	2.046788e+00
TCGA-BQ-7061-11A-01R-1965-07	1.397874e+00	0	2.648055e+00	0	1.413268e+00	1.286046e+00
TCGA-BQ-7061-01A-11R-1965-07	1.121090e-01	0	2.511062e+00	5.218091e-01	1.291838e+00	2.892735e+00
TCGA-BQ-7062-01A-11R-1965-07	1.496029e-01	0	2.122073e+00	1.351432e+00	4.081057e+00	9.927134e-01
TCGA-DW-5560-01A-01R-1592-07	9.578918e-02	0	1.566990e+00	4.487959e-01	5.138704e+00	9.584560e-01
TCGA-DW-5561-01A-01R-1592-07	4.907952e-02	0	1.673351e+00	8.335698e-01	5.404443e+00	5.910593e-01
TCGA-DW-7834-01A-11R-2139-07	2.402308e-01	0	2.063405e+00	1.325525e+00	4.346376e+00	6.125673e-01
TCGA-DW-7836-01A-11R-2139-07	1.561399e-01	0	2.318571e+00	5.545977e-01	4.936044e+00	4.610264e-01
TCGA-DW-7837-01A-11R-2139-07	2.922223e-01	0	2.136693e+00	1.150088e+00	4.297284e+00	4.672599e-01
TCGA-DW-7838-01A-11R-2139-07	0	0	2.344752e+00	1.514620e+00	2.662229e+00	1.330640e+00
TCGA-DW-7839-01A-11R-2139-07	1.678856e-01	0	2.917167e+00	0	4.338328e+00	1.879654e-01
TCGA-DW-7840-01A-11R-A32Z-07	9.303237e-02	0	1.709611e+00	9.943568e-01	4.899888e+00	7.013304e-01
TCGA-DW-7841-01A-11R-A32Z-07	0	0	1.795977e+00	1.270348e+00	4.686279e+00	5.079542e-01
TCGA-DW-7842-01A-11R-A32Z-07	1.083827e-02	0	3.020633e+00	3.669200e-01	5.347572e+00	0
TCGA-DW-7963-01B-11R-A28H-07	0	0	1.689599e+00	1.135552e+00	3.016509e+00	1.670472e+00
TCGA-DZ-6131-11A-01R-1965-07	1.692505e+00	4.681079e-01	2.535066e+00	0	1.794694e+00	1.212025e+00
TCGA-DZ-6131-01A-11R-1965-07	1.273599e-01	0	2.486390e+00	7.342489e-01	6.943002e-01	3.656725e+00
TCGA-DZ-6132-11A-01R-1965-07	1.303280e+00	4.650406e-01	2.501324e+00	7.670633e-01	1.595898e+00	6.703628e-01
TCGA-DZ-6132-01A-11R-1965-07	0	0	2.912044e+00	1.629092e+00	2.407057e+00	1.401858e+00
TCGA-DZ-6133-11A-01R-1965-07	1.752097e+00	1.076364e+00	2.425905e+00	0	1.190161e+00	1.150890e+00
TCGA-DZ-6133-01A-11R-1965-07	1.958626e-01	0	2.500247e+00	2.776131e-01	4.677547e+00	1.018317e+00
TCGA-DZ-6134-11A-01R-1965-07	1.589631e+00	9.170896e-01	2.337450e+00	4.128077e-01	1.027310e+00	1.046168e+00
TCGA-DZ-6134-01A-11R-1965-07	3.083083e-01	0	2.499460e+00	1.414359e+00	2.489675e+00	1.403912e+00
TCGA-DZ-6135-01A-11R-1965-07	0	0	2.747299e+00	1.019085e+00	3.933597e+00	8.634729e-02
TCGA-EV-5901-01A-11R-1592-07	1.273767e-01	0	3.239473e+00	1.056566e+00	3.442297e+00	2.650318e-03
TCGA-EV-5902-01A-11R-1592-07	0	0	2.450238e+00	3.683483e-02	5.059503e+00	1.095176e+00
TCGA-EV-5903-01A-11R-1592-07	1.808964e-01	0	2.845716e+00	1.237543e+00	3.578330e+00	3.754826e-01
TCGA-F9-A4JJ-01A-11R-A24Z-07	0	0	2.757391e+00	0	0	1.442524e+00
TCGA-F9-A7Q0-01A-11R-A36F-07	0	0	2.495116e+00	5.602414e-01	3.186390e+00	1.500058e+00
TCGA-F9-A7VF-01A-11R-A33Z-07	0	0	5.076551e-01	5.715486e-01	5.380989e+00	1.874713e+00
TCGA-F9-A8NY-01A-11R-A36F-07	0	0	2.403813e+00	0	1.733451e-01	1.999056e+00
TCGA-F9-A97G-01A-11R-A38C-07	1.783360e-02	0	2.026138e+00	9.691867e-01	4.183749e-01	3.751506e+00
TCGA-G7-6789-01A-11R-1965-07	0	0	2.882210e+00	5.796429e-01	8.934423e-01	1.738936e+00
TCGA-G7-6790-01A-11R-1965-07	1.183527e-01	1.856399e-02	2.028522e+00	6.870404e-01	3.131198e+00	1.635850e+00
TCGA-G7-6792-01A-21R-1965-07	0	0	2.816675e+00	9.398400e-01	3.625617e+00	3.662186e-01
TCGA-G7-6793-01A-11R-1965-07	4.838279e-02	0	3.300177e+00	1.097811e-01	0	1.241846e+00
TCGA-G7-6795-01A-11R-1965-07	6.599845e-02	0	9.853525e-01	8.621149e-01	5.338093e+00	1.242812e+00
TCGA-G7-6796-01A-11R-1965-07	1.433731e-01	0	1.155605e+00	9.688795e-01	3.348227e+00	1.788722e+00
TCGA-G7-6797-01A-11R-1965-07	8.391921e-02	0	2.768641e+00	4.550873e-01	4.845516e+00	8.593978e-01
TCGA-G7-7501-01A-11R-2204-07	1.946470e-01	0	2.552958e+00	4.087779e-01	1.344428e+00	3.453330e+00
TCGA-G7-7502-01A-11R-2204-07	1.516012e-01	0	2.282335e+00	1.311112e+00	3.971701e+00	1.268999e+00
TCGA-G7-A4TM-01A-11R-A31O-07	1.092248e-01	0	2.037092e+00	1.083388e+00	4.870765e+00	6.659627e-02
TCGA-G7-A8LB-01A-11R-A36F-07	3.911746e-03	0	8.330878e-01	4.611696e-03	6.142071e+00	9.323911e-01
TCGA-G7-A8LC-01A-11R-A36F-07	0	0	1.769151e+00	5.208334e-01	4.098186e+00	1.665901e+00
TCGA-G7-A8LD-01A-11R-A36F-07	0	0	2.717593e+00	1.662110e-01	1.850889e+00	1.482311e+00
TCGA-G7-A8LE-01A-11R-A36F-07	4.207473e-01	0	2.916335e+00	7.084130e-01	4.469257e+00	0
TCGA-GL-6846-11A-01R-1965-07	1.791013e+00	1.048506e+00	2.247426e+00	0	1.063808e+00	1.485393e+00
TCGA-GL-6846-01A-11R-1965-07	8.620339e-02	0	2.593735e+00	5.109118e-01	3.650850e+00	1.258946e+00
TCGA-GL-7773-01A-11R-A32Z-07	0	0	2.807703e+00	7.215568e-01	3.163825e+00	8.436687e-01
TCGA-GL-7966-11A-01R-2204-07	1.115361e+00	2.426933e-01	2.956810e+00	6.604286e-01	1.704237e+00	8.122194e-01
TCGA-GL-7966-01A-11R-2204-07	1.984906e-01	0	3.492989e+00	7.964125e-02	5.872310e-01	1.070907e+00
TCGA-GL-8500-01A-11R-2404-07	0	0	2.023298e+00	3.875020e-01	4.596881e+00	1.942586e+00
TCGA-GL-A4EM-01A-11R-A24Z-07	0	0	1.717738e+00	1.117953e+00	9.063469e-01	3.476681e+00
TCGA-GL-A59R-11A-11R-A26U-07	1.622939e+00	0	2.393338e+00	0	2.059763e+00	1.107919e+00
TCGA-GL-A59R-01A-11R-A26U-07	2.448043e-02	0	2.166991e+00	8.664496e-01	5.108965e+00	7.149991e-01
TCGA-GL-A59T-01A-21R-A28H-07	0	0	1.447608e+00	1.047479e+00	4.001801e+00	1.845523e+00
TCGA-GL-A9DC-01A-11R-A37K-07	0	0	2.346188e+00	6.349602e-01	4.179048e+00	1.098480e+00
TCGA-GL-A9DD-01A-11R-A37K-07	0	0	1.944617e+00	1.555738e+00	3.112120e+00	1.552866e+00
TCGA-GL-A9DE-11A-11R-A37K-07	1.627661e+00	0	2.400036e+00	0	2.100869e+00	1.256218e+00
TCGA-GL-A9DE-01A-11R-A37K-07	0	0	1.993771e+00	2.798485e-01	1.301688e+00	3.372964e+00
TCGA-HE-7128-01A-11R-1965-07	0	0	2.644616e+00	1.663604e+00	3.036542e+00	1.421812e+00
TCGA-HE-7129-01A-11R-1965-07	0	0	2.555512e+00	3.000900e-01	4.983809e+00	8.818268e-01
TCGA-HE-7130-01A-11R-1965-07	2.513903e-01	0	2.763636e+00	0	0	0
TCGA-HE-A5NF-01A-11R-A26U-07	0	0	2.053897e+00	1.329681e+00	2.496411e+00	2.815800e+00
TCGA-HE-A5NH-01A-11R-A26U-07	0	0	2.540673e+00	7.625865e-01	4.641346e+00	6.093937e-01
TCGA-HE-A5NI-01A-11R-A26U-07	2.835569e-02	0	1.388541e+00	1.011260e+00	4.879206e+00	7.387155e-01
TCGA-HE-A5NJ-01A-11R-A26U-07	1.761262e-01	0	2.555870e+00	3.725104e-01	4.704492e+00	1.695022e-02
TCGA-HE-A5NK-01A-11R-A26U-07	0	0	2.188937e+00	1.375369e+00	2.019900e+00	2.320491e+00
TCGA-HE-A5NL-01A-11R-A26U-07	0	0	1.780895e+00	1.349349e+00	4.660377e+00	9.381380e-01
TCGA-IA-A40U-01A-11R-A24Z-07	0	0	1.620172e+00	1.055283e+00	3.562074e+00	1.945853e+00
TCGA-IA-A40X-01A-11R-A24Z-07	0	0	1.635787e+00	5.269097e-01	3.593331e+00	2.778083e+00
TCGA-IA-A40Y-01A-11R-A24Z-07	0	0	2.144215e+00	5.748160e-01	2.403108e+00	2.342109e+00
TCGA-IA-A83S-01A-11R-A355-07	1.711278e-01	0	1.499207e+00	1.159304e+00	2.712633e+00	1.782654e+00
TCGA-IA-A83T-01A-11R-A355-07	0	0	1.315210e+00	1.672968e+00	3.604483e+00	1.809313e+00
TCGA-IA-A83V-01A-11R-A355-07	1.033856e-01	0	1.591735e+00	1.628668e+00	2.692779e+00	2.044406e+00
TCGA-IA-A83W-01A-11R-A355-07	2.351504e-02	0	2.201716e+00	1.377050e+00	3.799468e+00	4.747630e-01
TCGA-IZ-8195-01A-31R-2404-07	0	0	2.192752e+00	3.396081e-01	2.829444e+00	2.957351e+00
TCGA-IZ-8196-01A-11R-2404-07	1.521447e-02	0	3.361988e+00	4.362692e-01	4.892069e+00	5.888595e-02
TCGA-IZ-A6M8-01A-11R-A31O-07	0	0	3.986154e-01	1.266453e+00	3.598092e+00	2.624260e+00
TCGA-IZ-A6M9-01A-11R-A31O-07	0	0	9.761501e-01	1.102687e+00	5.300334e+00	5.567859e-01
TCGA-J7-6720-01A-11R-2139-07	3.731172e-03	0	2.155964e+00	1.321464e+00	4.231535e+00	1.124141e+00
TCGA-J7-8537-01A-11R-2404-07	0	0	2.290344e+00	8.429202e-01	2.781658e-01	3.049519e+00
TCGA-J7-A8I2-01A-12R-A36F-07	4.089407e-01	0	1.229010e+00	0	8.799338e-01	1.915697e-01
TCGA-KV-A6GD-01A-11R-A31O-07	2.680893e-01	0	1.723235e+00	1.619610e+00	2.857766e+00	1.516294e+00
TCGA-KV-A6GE-01A-11R-A31O-07	9.203009e-02	0	8.560999e-01	1.094882e+00	5.270366e+00	1.017582e+00
TCGA-KV-A74V-01A-11R-A33Z-07	1.315934e-01	1.091649e-01	9.971353e-01	6.162256e-01	4.236516e+00	1.769515e+00
TCGA-MH-A55W-01A-11R-A26U-07	0	0	2.288506e+00	8.099686e-01	4.961173e+00	1.094298e+00
TCGA-MH-A55Z-01A-11R-A26U-07	0	0	1.162240e+00	8.628014e-01	5.716169e+00	8.971762e-01
TCGA-MH-A560-01A-11R-A26U-07	0	0	9.672296e-01	4.802143e-01	2.406094e+00	3.616126e+00
TCGA-MH-A561-01A-11R-A26U-07	0	0	2.036553e+00	9.922758e-01	4.655459e+00	7.114204e-01
TCGA-MH-A562-01A-11R-A26U-07	0	0	4.675808e-01	1.189115e+00	5.598433e+00	1.125590e+00
TCGA-MH-A854-01A-11R-A355-07	1.675627e-01	0	1.031116e+00	7.196857e-01	4.220220e+00	1.287519e+00
TCGA-MH-A855-01A-11R-A355-07	0	0	1.977531e+00	1.057994e+00	2.909386e+00	2.679761e+00
TCGA-MH-A856-01A-11R-A355-07	0	0	2.124002e+00	9.300055e-01	4.036935e+00	4.604977e-01
TCGA-MH-A857-01A-11R-A355-07	1.001591e+00	0	2.232685e+00	0	6.825114e-01	2.756819e+00
TCGA-O9-A75Z-01A-11R-A33Z-07	0	0	2.452446e+00	8.408749e-01	4.883905e+00	0
TCGA-P4-A5E6-01A-11R-A28H-07	0	0	9.437860e-01	7.495500e-01	3.409990e+00	1.860296e+00
TCGA-P4-A5E7-01A-31R-A28H-07	1.873086e-02	0	2.741322e+00	8.573605e-01	3.467466e+00	6.494141e-01
TCGA-P4-A5E8-11A-12R-A28H-07	1.631317e+00	5.479375e-02	2.034998e+00	2.539925e-01	1.433095e+00	1.191925e+00
TCGA-P4-A5E8-01A-11R-A28H-07	0	0	2.613108e+00	0	8.821699e-02	1.295648e+00
TCGA-P4-A5EA-01A-11R-A28H-07	6.862405e-02	0	1.834638e+00	7.830830e-01	5.321891e-01	1.174433e+00
TCGA-P4-A5EB-01A-11R-A28H-07	0	0	1.886176e+00	3.419275e-01	2.602994e+00	2.341488e+00
TCGA-P4-A5ED-11A-11R-A28H-07	1.626364e+00	0	2.673453e+00	0	1.469223e+00	1.147511e+00
TCGA-P4-A5ED-01A-11R-A28H-07	1.697545e-01	0	1.482536e+00	9.006945e-01	1.999031e+00	7.899974e-02
TCGA-P4-AAVK-01A-11R-A42S-07	3.487350e-02	0	1.825270e+00	6.629917e-01	2.579649e+00	2.816839e+00
TCGA-P4-AAVL-01A-11R-A42S-07	0	0	1.665700e+00	9.657039e-01	4.463912e+00	8.040804e-01
TCGA-P4-AAVM-01A-11R-A42S-07	0	0	1.418213e+00	4.829672e-01	2.106324e+00	2.927246e+00
TCGA-P4-AAVO-01A-11R-A42S-07	0	0	1.337974e+00	0	2.373452e+00	3.345210e+00
TCGA-PJ-A5Z8-01A-11R-A28H-07	9.247627e-02	0	2.780703e+00	1.350571e+00	2.097752e+00	2.234275e+00
TCGA-PJ-A5Z9-01A-11R-A28H-07	6.240598e-02	0	1.420129e+00	7.230256e-01	4.941229e+00	1.708521e+00
TCGA-Q2-A5QZ-01A-11R-A28H-07	0	0	0	7.861433e-01	2.041710e+00	3.860498e+00
TCGA-SX-A71R-01A-12R-A33Z-07	4.669179e-02	0	1.217494e+00	6.382565e-01	5.784705e+00	6.289425e-01
TCGA-SX-A71S-01A-11R-A33Z-07	3.296503e-02	0	2.816722e+00	6.246921e-01	4.878066e+00	2.832960e-01
TCGA-SX-A71U-01A-12R-A33Z-07	0	0	1.881124e+00	1.043056e+00	4.564483e+00	1.133898e+00
TCGA-SX-A71V-01A-11R-A33Z-07	0	0	1.984466e+00	9.034797e-01	4.242548e+00	2.074499e+00
TCGA-SX-A71W-01A-12R-A355-07	2.535419e-02	0	2.012908e+00	8.589335e-01	4.772730e+00	8.548011e-01
TCGA-SX-A7SL-01A-11R-A355-07	0	0	1.564836e+00	0	5.765483e+00	9.488258e-01
TCGA-SX-A7SM-01A-11R-A355-07	0	0	1.963629e+00	6.019121e-01	2.227011e+00	2.007318e+00
TCGA-SX-A7SN-01A-11R-A355-07	0	0	1.809208e+00	1.054785e+00	5.062981e+00	4.496031e-01
TCGA-SX-A7SO-01A-11R-A355-07	2.227678e-01	1.831458e-01	2.148299e+00	2.297470e-01	2.391573e+00	3.498089e+00
TCGA-SX-A7SP-01A-11R-A355-07	0	0	1.713919e+00	1.140623e+00	3.379892e+00	2.120808e+00
TCGA-SX-A7SQ-01A-12R-A36F-07	0	0	2.337340e+00	7.225560e-01	4.511827e+00	5.655449e-01
TCGA-SX-A7SR-01A-12R-A36F-07	0	0	2.048916e+00	1.048807e+00	5.082966e+00	1.045387e+00
TCGA-SX-A7SS-01A-11R-A36F-07	2.481132e-01	0	1.616617e+00	8.163055e-01	5.034463e+00	9.976300e-01
TCGA-SX-A7SU-01A-11R-A36F-07	5.505581e-02	0	1.877822e+00	9.280480e-01	5.646196e+00	0
TCGA-UN-AAZ9-01A-11R-A38C-07	0	0	3.111915e+00	2.862288e-01	2.885287e+00	1.648431e+00
TCGA-UZ-A9PJ-01A-11R-A38C-07	0	0	2.569936e+00	5.294072e-01	5.566397e+00	8.095331e-02
TCGA-UZ-A9PK-01A-11R-A38C-07	1.510520e-01	0	1.924924e+00	1.089538e+00	4.960021e+00	7.483772e-01
TCGA-UZ-A9PL-01A-11R-A38C-07	0	0	1.422131e+00	2.248712e-01	5.381667e+00	5.711605e-01
TCGA-UZ-A9PM-01A-21R-A38C-07	0	0	1.306158e+00	1.440759e+00	3.400906e+00	1.904850e+00
TCGA-UZ-A9PN-01A-11R-A38C-07	4.506240e-01	0	2.489557e+00	8.356019e-01	2.208738e+00	1.507152e+00
TCGA-UZ-A9PO-01A-11R-A38C-07	0	0	1.897775e+00	9.611198e-01	2.844495e+00	2.395444e+00
TCGA-UZ-A9PP-01A-11R-A42S-07	5.111274e-02	0	2.188995e+00	7.010467e-01	4.219410e+00	5.831896e-01
TCGA-UZ-A9PQ-01A-11R-A42S-07	1.720601e-01	0	2.651518e+00	0	2.763523e+00	2.618938e+00
TCGA-UZ-A9PR-01A-11R-A42S-07	1.273581e-03	0	2.399269e+00	6.010932e-01	5.434243e+00	2.886733e-01
TCGA-UZ-A9PS-05A-11R-A42S-07	1.015833e-01	2.448206e-01	1.923710e+00	7.092434e-01	7.514216e-01	2.285853e+00
TCGA-UZ-A9PS-01A-11R-A42S-07	0	0	2.515328e+00	5.390590e-01	3.379398e+00	2.066122e+00
TCGA-UZ-A9PU-01A-11R-A42S-07	0	0	2.216381e+00	8.745724e-01	5.139793e+00	4.848670e-01
TCGA-UZ-A9PV-01A-11R-A42S-07	0	0	2.113719e+00	8.210680e-02	5.421529e+00	1.312851e+00
TCGA-UZ-A9PX-01A-11R-A42S-07	1.646839e-01	0	1.932584e+00	9.134197e-01	5.179849e+00	4.387285e-01
TCGA-UZ-A9PZ-01A-11R-A42S-07	0	0	1.684321e+00	7.507047e-01	5.732643e+00	5.466950e-01
TCGA-UZ-A9Q0-01A-12R-A42S-07	0	0	9.347581e-01	7.242992e-01	5.132419e+00	7.318647e-01
TCGA-UZ-A9Q1-01A-11R-A42S-07	0	0	2.168526e+00	2.567360e-01	1.994911e+00	3.930095e+00
TCGA-V9-A7HT-01A-11R-A33Z-07	0	0	2.216289e+00	1.402963e+00	2.992697e+00	1.620164e+00
TCGA-WN-A9G9-01A-12R-A37K-07	6.198369e-02	0	1.262957e+00	1.203142e+00	1.311098e+00	1.999012e+00
TCGA-WN-AB4C-01A-11R-A42S-07	7.553128e-02	0	9.903725e-01	9.676726e-01	1.204431e+00	4.926666e+00
TCGA-Y8-A894-01A-11R-A36F-07	5.109642e-02	0	2.799030e+00	0	4.826071e+00	9.748447e-01
TCGA-Y8-A895-01A-11R-A36F-07	0	0	1.804164e+00	7.129398e-01	5.441651e+00	8.425290e-01
TCGA-Y8-A896-01A-11R-A36F-07	0	0	2.374180e+00	1.197452e+00	3.099307e+00	1.277282e+00
TCGA-Y8-A897-01A-11R-A36F-07	0	0	2.139034e+00	1.152653e+00	4.118988e+00	1.535370e+00
TCGA-Y8-A898-01A-11R-A355-07	0	0	1.260809e+00	1.471018e+00	4.358670e+00	1.566730e+00
TCGA-Y8-A8RY-11A-11R-A37K-07	1.462354e+00	0	2.786728e+00	0	1.817051e+00	1.472859e+00
TCGA-Y8-A8RY-01A-11R-A37K-07	1.354155e-01	0	1.983724e+00	1.105587e+00	5.194081e+00	7.163324e-01
TCGA-Y8-A8RZ-01A-11R-A37K-07	0	0	1.507160e+00	1.465566e-01	1.921035e+00	2.427638e+00
TCGA-Y8-A8S0-01A-11R-A37K-07	0	0	2.454311e+00	6.095679e-01	5.492856e+00	4.351725e-01
TCGA-Y8-A8S1-01A-11R-A37K-07	1.033915e-01	0	1.252107e+00	1.626153e+00	5.838512e-01	3.580136e+00
