sampleID	D7.5_VALK-AML-CLUSTER-5	D8.3_ROSS-AML-WITH-PML-RARA-FUSION	D8.1_NIKOLSKY-BREAST-CANCER-7P15-AMPLICON	D8.4_VALK-AML-CLUSTER-10	D9.7_SCHAEFFER-PROSTATE-DEVELOPMENT-AND-CANCER-BOX6-UP	D8.2_TCGA-GLIOBLASTOMA-MUTATED	D9.9_RUNNE-GENDER-EFFECT-UP
TCGA-AB-2803-03A-01T-0734-13	7.138500e-01	5.529382e+00	1.095942e+00	0	1.471909e+00	5.648477e-01	0
TCGA-AB-2805-03A-01T-0734-13	2.481520e+00	0	6.614954e-01	1.820326e+00	0	3.681853e+00	4.875110e-01
TCGA-AB-2806-03A-01T-0734-13	6.800292e-01	1.678024e+00	1.449038e-02	1.705255e-01	1.261612e-01	5.576300e+00	2.984371e-01
TCGA-AB-2807-03A-01T-0734-13	1.071165e+00	0	6.428665e-01	2.866731e+00	1.680627e+00	2.485600e+00	0
TCGA-AB-2808-03A-01T-0734-13	1.569975e+00	5.441015e-01	6.495770e-01	0	1.050450e+00	4.343607e+00	6.208151e-01
TCGA-AB-2810-03A-01T-0736-13	1.057459e+00	2.127201e+00	4.044047e+00	6.583385e-01	3.387290e-01	1.919091e-01	0
TCGA-AB-2811-03B-01T-0760-13	2.040865e+00	1.412679e+00	3.022601e+00	1.096634e+00	0	0	4.517215e-01
TCGA-AB-2812-03A-01T-0734-13	8.199789e-01	7.750553e-01	5.557594e+00	0	0	2.441456e+00	5.754340e-02
TCGA-AB-2813-03A-01T-0736-13	2.586291e+00	9.658531e-01	1.214880e+00	1.294140e+00	9.075452e-01	1.590032e+00	3.976541e-01
TCGA-AB-2814-03A-01T-0734-13	9.714631e-01	0	1.906321e+00	1.799795e+00	6.715983e-01	3.323793e+00	0
TCGA-AB-2815-03A-01T-0734-13	2.401907e+00	1.510426e+00	1.768437e-01	1.047391e+00	0	3.686953e+00	5.324554e-01
TCGA-AB-2816-03A-01T-0734-13	2.636732e+00	9.978973e-02	3.632850e+00	6.540497e-01	0	2.115610e+00	0
TCGA-AB-2817-03A-01T-0736-13	1.816892e+00	9.775650e-01	0	3.211372e+00	5.939021e-01	2.146240e+00	5.372820e-01
TCGA-AB-2818-03A-01T-0734-13	2.154455e+00	3.540762e-01	4.725223e+00	0	7.123643e-01	1.691352e+00	1.663884e-02
TCGA-AB-2819-03A-01T-0734-13	1.120965e+00	1.599045e+00	1.268947e-01	4.809564e-01	7.077171e-01	4.228065e+00	1.927776e-03
TCGA-AB-2820-03A-01T-0735-13	1.171173e+00	3.483868e-01	1.105123e+00	3.677237e+00	3.751153e-02	2.043778e+00	5.360303e-01
TCGA-AB-2821-03A-01T-0735-13	1.478185e+00	1.163303e+00	1.065772e+00	2.215751e+00	1.383953e+00	1.613127e+00	5.364399e-01
TCGA-AB-2822-03A-01T-0734-13	4.562584e-01	0	1.749125e+00	1.443707e+00	1.760292e-01	4.182731e+00	5.299104e-01
TCGA-AB-2823-03A-01T-0736-13	8.797135e-01	5.774689e+00	8.966579e-01	2.338251e-01	2.828002e-01	1.718533e+00	3.639523e-02
TCGA-AB-2824-03A-01T-0736-13	1.662801e+00	1.412791e-01	3.166181e+00	7.867608e-01	1.479654e+00	3.962832e-01	5.556461e-01
TCGA-AB-2825-03A-01T-0736-13	2.797203e+00	1.579183e-01	4.122504e+00	3.306249e-01	0	1.413970e+00	3.011556e-02
TCGA-AB-2826-03A-01T-0734-13	2.482895e+00	3.555071e-01	4.417603e+00	0	3.678619e-01	1.377525e+00	1.112264e-02
TCGA-AB-2828-03A-01T-0734-13	2.554771e+00	1.018859e+00	6.841556e-01	7.884762e-01	0	3.657735e+00	4.740604e-01
TCGA-AB-2830-03A-01T-0736-13	1.237848e+00	8.372881e-01	1.719962e+00	2.321022e+00	9.248166e-01	1.292955e+00	0
TCGA-AB-2832-03A-01T-0736-13	1.758576e+00	0	1.808671e+00	6.956425e-01	0	1.357702e+00	0
TCGA-AB-2833-03A-01T-0734-13	2.932843e+00	8.330605e-02	1.039554e-01	1.194391e+00	1.226745e-01	3.158661e+00	4.663308e-01
TCGA-AB-2834-03A-01T-0734-13	1.917634e+00	4.871167e-01	2.565258e+00	0	1.006730e+00	2.051988e+00	5.585887e-01
TCGA-AB-2835-03A-01T-0736-13	2.641854e+00	1.531353e-01	3.549355e+00	0	0	7.451829e-01	5.804472e-01
TCGA-AB-2836-03A-01T-0736-13	2.449080e+00	3.707120e-01	3.386275e+00	1.140103e+00	3.117118e-01	9.745677e-01	4.988831e-01
TCGA-AB-2837-03A-01T-0736-13	2.940398e+00	6.165281e-01	4.105813e+00	5.777522e-01	0	1.246913e+00	0
TCGA-AB-2838-03A-01T-0736-13	1.909552e+00	1.276203e+00	1.167584e+00	2.364939e+00	1.338471e+00	1.357451e+00	5.925577e-01
TCGA-AB-2839-03A-01T-0734-13	7.698484e-01	4.050867e-01	4.081787e+00	6.996595e-01	9.200269e-02	2.940968e+00	3.230200e-02
TCGA-AB-2840-03A-01T-0734-13	8.148893e-01	5.095282e+00	6.199238e-01	5.670133e-02	6.969827e-01	1.513666e+00	5.493066e-01
TCGA-AB-2841-03B-01T-0760-13	7.997737e-01	6.429258e+00	2.001059e-01	2.499387e-01	1.030511e+00	1.368721e-01	0
TCGA-AB-2842-03A-01T-0734-13	1.923360e+00	0	3.646500e+00	0	4.397567e-01	1.878454e+00	5.801485e-01
TCGA-AB-2843-03A-01T-0736-13	1.790267e+00	8.880801e-02	3.300589e-03	2.663258e+00	9.199654e-01	2.135141e+00	5.214632e-01
TCGA-AB-2844-03A-01T-0736-13	1.418016e+00	1.120550e+00	2.850418e+00	3.499405e-01	4.947563e-01	1.832448e+00	5.763541e-01
TCGA-AB-2845-03B-01T-0748-13	1.377918e+00	1.050679e+00	1.497551e-01	4.251017e-01	5.740121e-01	4.016531e+00	0
TCGA-AB-2846-03A-01T-0736-13	2.122332e+00	2.207070e+00	0	1.539539e+00	1.865049e-01	3.210683e+00	2.941903e-02
TCGA-AB-2847-03A-01T-0736-13	1.279104e+00	1.173780e+00	4.833556e-01	2.900155e+00	1.147521e+00	1.385378e+00	5.414862e-01
TCGA-AB-2848-03A-01T-0736-13	2.164863e+00	8.880811e-01	3.712521e+00	7.991160e-01	7.918205e-02	9.873727e-01	4.773247e-01
TCGA-AB-2849-03A-01T-0734-13	6.633281e-01	2.765754e-04	1.270298e+00	1.802266e+00	1.674066e+00	3.458026e+00	5.565656e-01
TCGA-AB-2851-03A-01T-0736-13	2.685428e+00	5.031865e-01	3.568059e+00	1.295727e+00	0	1.025111e+00	1.794318e-03
TCGA-AB-2853-03A-01T-0734-13	1.052710e+00	0	5.402234e+00	0	0	2.556783e+00	5.648440e-01
TCGA-AB-2854-03A-01T-0734-13	2.015613e+00	4.701384e-01	1.222681e+00	1.397469e+00	1.798695e+00	1.501058e+00	2.746360e-05
TCGA-AB-2855-03A-01T-0736-13	1.063810e+00	2.338454e-01	1.984829e+00	6.289806e-01	0	3.406490e+00	5.796360e-01
TCGA-AB-2856-03A-01T-0736-13	1.992974e+00	1.058177e+00	2.378177e+00	1.166992e+00	0	6.900145e-01	4.908116e-01
TCGA-AB-2857-03A-01T-0736-13	1.242049e+00	1.206236e+00	8.204939e-01	2.093295e+00	2.253887e+00	1.220935e+00	5.850954e-01
TCGA-AB-2858-03A-01T-0736-13	9.071341e-01	2.319477e+00	0	7.991482e-01	3.990572e-01	4.050174e+00	0
TCGA-AB-2859-03A-01T-0736-13	1.246263e+00	4.113794e-01	3.504588e+00	1.746651e+00	5.183978e-01	1.356757e+00	5.311157e-01
TCGA-AB-2860-03A-01T-0736-13	1.742377e+00	9.973089e-01	1.368572e+00	1.860378e+00	1.499921e+00	1.547797e+00	6.251887e-02
TCGA-AB-2861-03A-01T-0736-13	1.987881e+00	1.872828e-01	3.217010e+00	1.028556e-03	4.302762e-01	3.842650e-01	5.845857e-01
TCGA-AB-2862-03A-01T-0736-13	3.900714e-01	5.900339e+00	2.272297e-01	6.288624e-01	9.317907e-01	8.777068e-01	0
TCGA-AB-2863-03A-01T-0734-13	9.386359e-01	7.319422e-01	2.077338e+00	7.503477e-01	8.389599e-01	3.351175e+00	5.756906e-01
TCGA-AB-2865-03A-01T-0736-13	2.129999e+00	8.661007e-01	0	3.352854e+00	9.181792e-02	2.566744e+00	5.236434e-01
TCGA-AB-2866-03A-01T-0736-13	2.430567e+00	3.878803e-01	2.488364e+00	8.652342e-01	0	1.247379e+00	4.802789e-01
TCGA-AB-2867-03A-01T-0734-13	1.656147e+00	7.173724e-01	1.284514e+00	4.113386e-01	7.932024e-01	4.016083e+00	0
TCGA-AB-2868-03A-01T-0736-13	1.263504e+00	1.398425e+00	1.046312e+00	2.209027e+00	1.706973e+00	1.279828e+00	5.661284e-01
TCGA-AB-2869-03A-01T-0735-13	6.777648e-01	1.164176e+00	4.562310e+00	1.295437e+00	6.533703e-01	1.113485e+00	0
TCGA-AB-2870-03A-01T-0735-13	2.150601e+00	1.900580e+00	0	2.377970e+00	0	2.885480e+00	4.957194e-01
TCGA-AB-2871-03A-01T-0735-13	6.892472e-01	7.805093e-01	3.170519e+00	1.864722e+00	7.970348e-01	1.166781e+00	5.284044e-01
TCGA-AB-2872-03A-01T-0735-13	6.332353e-01	4.523037e+00	5.790985e-01	0	1.406787e+00	9.931795e-01	5.719066e-01
TCGA-AB-2873-03A-01T-0735-13	2.870619e+00	3.355634e-01	2.732924e+00	5.602718e-01	1.529237e+00	7.633113e-01	0
TCGA-AB-2874-03A-01T-0735-13	1.165379e+00	2.556289e+00	7.240731e-01	1.757465e-01	0	3.755513e+00	5.929408e-01
TCGA-AB-2875-03A-01T-0735-13	1.126679e+00	1.792400e+00	0	1.069246e+00	0	4.229433e+00	3.232500e-01
TCGA-AB-2877-03A-01T-0735-13	3.004349e-01	2.316257e+00	5.001102e+00	1.951406e-01	5.136502e-01	7.265426e-01	0
TCGA-AB-2879-03A-01T-0735-13	2.657361e-01	2.362280e+00	5.556815e+00	7.503756e-01	1.018793e-01	6.589412e-01	0
TCGA-AB-2880-03A-01T-0735-13	1.658431e+00	1.086885e+00	6.515323e-02	5.819819e-02	0	4.683756e+00	5.032044e-01
TCGA-AB-2881-03A-01T-0735-13	1.950120e+00	1.974753e+00	6.111540e-02	2.127376e+00	0	3.339763e+00	0
TCGA-AB-2882-03A-01T-0740-13	1.565881e+00	1.712616e+00	6.682712e-01	2.536332e+00	1.523565e+00	1.700759e+00	0
TCGA-AB-2884-03A-01T-0735-13	2.286339e+00	4.585587e-01	3.899764e+00	8.033457e-01	2.543487e-01	1.156895e+00	0
TCGA-AB-2885-03A-01T-0735-13	8.403243e-01	7.202340e-01	9.952580e-01	3.912183e+00	4.980702e-01	1.859186e+00	6.000522e-01
TCGA-AB-2886-03A-01T-0735-13	7.181763e-01	1.863820e+00	0	7.253352e-01	0	4.799743e+00	2.692227e-01
TCGA-AB-2887-03A-01T-0735-13	8.277244e-01	7.037102e-01	7.195415e-01	3.357119e+00	1.011138e+00	2.337271e+00	1.021597e-02
TCGA-AB-2888-03B-01T-0748-13	2.847314e+00	1.314834e+00	2.918166e-01	1.025673e+00	1.013844e-01	2.996185e+00	4.642849e-01
TCGA-AB-2889-03A-01T-0735-13	1.933749e+00	2.138356e+00	0	1.747931e+00	0	3.291718e+00	5.071641e-01
TCGA-AB-2890-03A-01T-0735-13	1.885513e+00	5.816362e-02	0	3.275463e+00	3.589666e-01	2.992100e+00	4.865784e-01
TCGA-AB-2891-03A-01T-0735-13	1.724512e+00	3.928912e-01	4.906157e-01	1.397161e+00	2.937046e-01	3.096734e+00	5.818714e-01
TCGA-AB-2895-03A-01T-0735-13	4.593697e-01	1.059649e+00	5.102429e+00	1.627559e+00	1.982854e-02	1.220718e+00	1.425093e-02
TCGA-AB-2896-03B-01T-0751-13	1.263521e+00	8.061485e-01	4.505042e+00	1.309106e+00	0	1.587345e+00	0
TCGA-AB-2897-03A-01T-0735-13	5.631222e-01	5.923841e+00	6.487478e-01	0	1.157820e+00	7.492513e-01	0
TCGA-AB-2898-03A-01T-0735-13	1.318018e+00	1.996715e+00	1.446412e+00	1.964397e+00	1.465712e+00	1.202707e+00	0
TCGA-AB-2899-03A-01T-0736-13	2.015170e+00	3.443842e-01	3.608024e-01	2.763149e+00	1.152717e+00	1.997629e+00	1.050247e-03
TCGA-AB-2900-03A-01T-0735-13	2.055176e+00	6.750824e-01	3.848082e+00	3.079718e-01	5.742436e-02	9.597288e-01	5.862616e-01
TCGA-AB-2901-03A-01T-0735-13	1.119851e+00	1.680933e+00	1.585401e+00	1.808530e+00	2.476979e-01	2.610731e+00	6.320029e-01
TCGA-AB-2903-03A-01T-0734-13	4.610826e-01	1.049781e+00	5.688670e+00	3.560423e-01	1.903265e-01	1.817263e+00	0
TCGA-AB-2904-03A-01T-0734-13	6.630233e-01	6.907554e-01	1.409800e+00	2.887269e+00	9.526114e-01	1.989576e+00	5.602998e-01
TCGA-AB-2908-03A-01T-0740-13	1.221968e+00	1.433527e+00	5.206331e-01	3.042712e+00	1.412880e+00	6.355934e-01	5.770674e-01
TCGA-AB-2909-03A-01T-0744-13	8.823018e-01	1.736930e+00	0	2.257437e+00	0	4.136950e+00	5.038703e-01
TCGA-AB-2910-03A-01T-0740-13	1.885942e+00	1.669032e+00	1.947239e+00	1.985649e-01	9.210381e-01	2.655563e-01	6.404790e-02
TCGA-AB-2911-03A-01T-0734-13	2.240197e+00	8.246316e-01	2.937047e+00	1.133690e+00	5.550818e-01	1.381311e+00	0
TCGA-AB-2912-03A-01T-0734-13	1.989719e+00	0	1.177244e+00	8.849285e-01	6.107241e-01	3.594352e+00	6.026764e-01
TCGA-AB-2913-03A-01T-0734-13	2.681447e-01	6.760653e-01	4.445229e+00	6.521680e-01	1.676284e-01	2.306283e+00	5.838314e-01
TCGA-AB-2914-03A-01T-0734-13	1.712092e+00	1.366638e+00	3.998193e-01	1.590515e+00	0	4.607836e+00	2.803261e-03
TCGA-AB-2915-03A-01T-0740-13	2.018295e+00	5.469792e-01	1.208288e+00	2.564256e+00	7.770344e-01	2.117907e+00	1.259751e-02
TCGA-AB-2916-03A-01T-0734-13	2.785305e+00	0	1.243470e+00	1.402084e+00	7.059178e-01	3.317611e+00	0
TCGA-AB-2917-03A-01T-0734-13	1.393277e+00	0	1.808357e+00	1.847289e+00	1.567127e+00	3.077687e+00	0
TCGA-AB-2918-03A-01T-0740-13	1.480563e+00	6.708010e-01	2.991686e+00	1.205805e+00	0	2.289172e+00	4.065960e-02
TCGA-AB-2919-03A-01T-0740-13	6.182551e-02	1.983384e+00	4.187443e+00	7.686169e-01	6.472762e-01	1.051130e+00	0
TCGA-AB-2920-03B-01T-0760-13	9.211025e-01	2.134423e+00	1.084611e+00	3.571093e+00	0	0	5.733423e-01
TCGA-AB-2921-03A-01T-0740-13	1.794888e+00	5.583217e-01	3.311888e+00	1.201643e+00	0	1.735387e+00	0
TCGA-AB-2924-03A-01T-0740-13	2.095987e+00	1.113697e-01	4.075528e+00	1.321285e-01	1.669695e-01	1.384400e+00	5.571717e-01
TCGA-AB-2925-03A-01T-0735-13	2.185241e+00	7.358273e-01	3.476143e+00	1.057475e-01	2.191458e-01	1.465127e-01	5.650969e-01
TCGA-AB-2927-03A-01T-0740-13	1.994487e+00	5.294515e-01	0	3.392080e+00	1.163129e+00	1.609110e+00	0
TCGA-AB-2928-03A-01T-0740-13	4.055560e-01	1.533661e+00	2.164809e+00	3.031692e+00	0	2.071796e+00	0
TCGA-AB-2929-03A-01T-0735-13	1.542432e+00	0	9.984095e-01	3.661181e+00	8.817268e-01	2.322059e+00	0
TCGA-AB-2930-03A-01T-0740-13	1.387628e+00	5.549648e-01	2.019615e+00	1.123285e+00	0	2.732929e+00	2.623316e-02
TCGA-AB-2931-03A-01T-0740-13	8.045130e-01	9.654934e-01	4.845937e+00	1.466115e+00	0	1.241187e+00	5.084407e-01
TCGA-AB-2932-03A-01T-0740-13	2.611839e+00	5.162753e-01	3.642828e+00	2.460285e-01	0	3.698636e-01	5.439473e-01
TCGA-AB-2933-03A-01T-0734-13	2.249297e+00	0	8.024256e-01	2.306301e+00	8.856480e-01	2.464671e+00	4.930742e-01
TCGA-AB-2934-03A-01T-0740-13	2.336533e+00	5.179921e-01	1.781700e+00	2.392653e+00	6.544775e-02	1.358552e+00	4.530544e-01
TCGA-AB-2935-03A-01T-0740-13	1.870863e+00	1.453948e+00	9.713554e-01	2.490640e+00	1.379403e+00	9.016732e-01	5.643138e-01
TCGA-AB-2936-03A-01T-0740-13	1.255165e+00	0	5.272453e-01	3.261362e+00	1.105260e+00	2.784382e+00	0
TCGA-AB-2937-03A-01T-0734-13	9.855628e-01	2.248131e+00	0	1.751307e+00	0	3.321284e+00	0
TCGA-AB-2938-03A-01T-0736-13	1.277306e+00	3.262325e-01	1.211749e+00	1.902291e+00	2.548861e+00	1.442967e+00	5.603128e-01
TCGA-AB-2939-03A-01T-0740-13	1.031983e+00	2.003677e+00	4.247991e-01	1.275405e+00	6.855904e-01	2.316472e+00	5.906883e-01
TCGA-AB-2940-03A-01T-0736-13	1.519140e+00	7.223707e-01	4.806741e-01	4.548606e-01	9.292703e-01	3.546199e+00	5.457467e-01
TCGA-AB-2941-03A-01T-0740-13	1.252676e+00	7.236622e-01	2.208462e+00	1.727608e+00	1.622882e+00	1.523133e+00	6.314087e-01
TCGA-AB-2942-03A-01T-0734-13	1.988466e+00	1.978680e+00	4.412988e-02	1.897159e+00	0	3.594474e+00	0
TCGA-AB-2943-03A-01T-0740-13	1.268561e+00	3.576672e-01	1.409773e+00	2.930925e+00	1.599271e+00	1.617945e+00	0
TCGA-AB-2944-03A-01T-0740-13	1.254816e+00	6.523141e-01	1.134599e+00	3.515842e+00	0	2.443009e+00	5.757014e-01
TCGA-AB-2946-03A-01T-0740-13	1.700515e+00	5.333681e-01	4.697463e-01	9.610012e-02	4.502636e-01	4.161021e+00	5.459249e-01
TCGA-AB-2948-03A-01T-0740-13	2.348031e+00	8.216219e-01	2.052253e+00	1.112465e+00	1.225296e+00	5.977422e-01	5.260680e-01
TCGA-AB-2949-03B-01T-0748-13	1.387769e+00	9.444513e-01	7.657957e-01	3.053314e+00	6.047296e-01	2.217834e+00	5.628910e-01
TCGA-AB-2950-03A-01T-0735-13	8.688529e-01	1.852660e+00	0	8.563654e-01	7.428682e-01	4.135414e+00	4.047386e-03
TCGA-AB-2952-03B-01T-0760-13	2.007638e+00	1.593937e+00	3.219317e-01	3.581536e+00	1.160082e+00	0	1.665923e-02
TCGA-AB-2954-03A-01T-0736-13	2.248554e+00	2.332575e+00	9.594751e-02	1.970061e+00	0	2.983744e+00	0
TCGA-AB-2955-03A-01T-0734-13	7.074234e-01	0	8.495860e-01	0	0	6.112837e+00	0
TCGA-AB-2956-03A-01T-0740-13	2.363932e+00	3.039350e-01	2.840519e+00	2.777336e-01	2.808467e-01	7.914472e-01	5.661818e-01
TCGA-AB-2959-03A-01T-0734-13	1.111399e+00	0	0	2.698859e+00	4.415018e-01	4.402721e+00	5.395411e-01
TCGA-AB-2963-03A-01T-0734-13	1.664252e+00	0	4.430188e+00	0	5.173446e-01	1.966745e+00	6.104213e-01
TCGA-AB-2964-03A-01T-0734-13	3.713740e-01	9.728510e-01	3.405993e+00	5.977257e-01	1.733895e+00	1.975455e+00	0
TCGA-AB-2965-03A-01T-0734-13	2.042109e+00	0	4.357176e+00	0	4.985700e-01	1.764799e+00	5.650307e-01
TCGA-AB-2966-03A-01T-0734-13	3.526274e-01	0	8.265356e-01	1.514626e+00	2.118465e-01	5.137629e+00	0
TCGA-AB-2967-03A-01T-0734-13	2.056448e+00	0	3.707454e+00	0	1.072710e+00	1.278797e+00	5.552253e-01
TCGA-AB-2969-03A-01T-0734-13	2.745173e+00	0	3.713029e+00	0	0	9.568043e-01	5.067518e-01
TCGA-AB-2970-03A-01T-0734-13	1.807887e+00	0	1.574978e+00	2.012058e+00	1.168421e+00	2.537615e+00	0
TCGA-AB-2971-03A-01T-0734-13	2.109022e+00	8.832664e-01	3.912310e+00	5.447042e-01	7.358163e-01	1.285192e+00	0
TCGA-AB-2972-03A-01T-0734-13	4.195293e-01	1.223104e-01	4.160603e+00	9.740107e-01	1.543837e+00	1.479637e+00	3.386111e-04
TCGA-AB-2973-03A-01T-0734-13	2.931722e+00	0	3.355653e+00	7.850602e-02	6.443005e-01	1.718043e+00	0
TCGA-AB-2975-03A-01T-0734-13	9.149229e-01	1.468225e+00	3.041674e+00	1.194325e+00	0	1.915737e+00	5.265490e-01
TCGA-AB-2976-03A-01T-0734-13	8.323284e-01	5.644375e-01	5.163771e+00	3.344815e-01	8.070446e-02	1.841355e+00	6.121372e-01
TCGA-AB-2977-03B-01T-0760-13	2.008301e+00	1.976043e+00	2.335031e+00	1.984069e+00	0	0	0
TCGA-AB-2978-03A-01T-0734-13	1.506906e+00	8.192687e-01	2.129483e+00	1.790263e+00	1.655139e+00	1.577149e+00	0
TCGA-AB-2979-03B-01T-0760-13	1.125028e+00	1.218843e+00	0	1.121859e+00	6.062853e-01	2.819279e+00	0
TCGA-AB-2980-03A-01T-0734-13	1.985137e-01	4.018270e+00	8.200291e-01	3.065288e-01	1.976541e+00	1.701091e+00	5.462189e-01
TCGA-AB-2981-03B-01T-0748-13	3.149448e+00	0	3.967972e+00	5.513598e-01	0	1.608230e+00	0
TCGA-AB-2982-03B-01T-0748-13	7.012107e-01	5.089563e+00	1.234707e-01	9.170612e-01	1.942558e+00	7.911333e-01	0
TCGA-AB-2983-03A-01T-0734-13	1.535447e+00	0	1.434676e+00	1.953484e+00	7.494897e-01	2.544376e+00	5.275169e-01
TCGA-AB-2984-03A-01T-0734-13	3.676421e-01	1.062671e+00	3.986987e+00	6.406211e-01	6.534704e-02	1.350314e+00	4.048857e-01
TCGA-AB-2985-03A-01T-0734-13	2.746041e+00	2.173307e-01	2.372406e+00	7.295047e-01	9.621117e-01	9.551478e-01	0
TCGA-AB-2986-03A-01T-0734-13	9.629002e-01	4.548540e-01	4.982498e+00	5.730676e-01	0	1.467055e+00	0
TCGA-AB-2987-03A-01T-0734-13	3.133267e+00	0	2.023215e+00	1.120966e+00	1.051477e+00	1.454349e+00	0
TCGA-AB-2988-03B-01T-0748-13	1.072744e+00	3.087709e-01	4.693597e+00	1.126093e+00	0	1.790482e+00	4.157376e-02
TCGA-AB-2990-03B-01T-0748-13	9.645912e-01	1.494595e+00	4.014941e+00	4.429617e-01	6.339530e-01	8.539385e-01	5.070835e-01
TCGA-AB-2991-03A-01T-0735-13	7.398272e-01	5.523736e+00	0	8.232911e-01	1.417704e+00	1.002332e+00	1.522308e-02
TCGA-AB-2992-03A-01T-0735-13	2.110244e+00	1.533731e+00	1.679192e+00	1.402340e+00	1.706956e+00	1.141184e+00	2.271964e-03
TCGA-AB-2993-03A-01T-0735-13	6.051822e-01	1.447889e+00	4.793840e+00	6.541682e-01	5.564441e-01	1.476451e+00	7.131585e-02
TCGA-AB-2994-03A-01T-0735-13	1.401609e+00	5.565720e+00	1.695231e-01	7.478073e-01	7.162803e-01	6.041961e-01	4.968319e-01
TCGA-AB-2995-03A-01T-0735-13	7.269068e-01	3.210957e-01	1.476128e+00	3.180324e+00	1.856929e+00	1.262585e+00	5.356307e-01
TCGA-AB-2996-03A-01T-0735-13	1.729463e+00	8.881652e-01	1.058989e+00	1.796006e+00	1.338273e+00	1.948769e+00	5.770020e-01
TCGA-AB-2998-03A-01T-0735-13	9.262406e-01	5.808294e+00	9.059852e-01	0	1.463278e-01	1.690662e+00	7.572345e-02
TCGA-AB-2999-03B-01T-0748-13	4.846703e-01	5.478161e+00	3.129586e-01	1.083976e-01	1.550216e+00	1.242108e+00	4.912336e-01
TCGA-AB-3000-03A-01T-0736-13	1.370008e+00	9.727831e-01	0	3.326719e-01	6.424138e-02	4.186180e+00	5.449783e-01
TCGA-AB-3001-03A-01T-0736-13	9.489828e-01	4.444941e+00	0	1.082957e+00	1.819089e+00	1.214703e+00	0
TCGA-AB-3002-03A-01T-0736-13	1.509974e+00	5.518128e-01	3.543462e-01	2.663820e+00	7.043628e-01	2.271049e+00	5.136225e-01
TCGA-AB-3005-03A-01T-0736-13	1.846631e+00	4.618514e-01	1.085358e+00	6.397636e-01	6.086008e-01	7.941116e-01	5.079690e-01
TCGA-AB-3006-03A-01T-0736-13	4.077244e-01	1.060121e+00	3.789893e+00	1.123047e+00	8.018747e-01	1.250620e+00	5.811268e-01
TCGA-AB-3007-03A-01T-0736-13	3.065527e-01	5.574624e+00	2.189079e-01	4.705345e-01	1.097023e+00	1.101925e+00	5.455284e-01
TCGA-AB-3008-03A-01T-0736-13	8.399183e-01	2.775286e-01	0	8.271412e-01	9.703699e-01	3.915713e+00	5.291277e-01
TCGA-AB-3009-03A-01T-0736-13	8.230492e-01	1.623969e+00	1.895115e-01	1.432928e+00	3.425772e-01	3.299745e+00	5.962872e-01
TCGA-AB-3011-03A-01T-0736-13	5.613501e-01	1.239715e+00	3.392092e+00	8.701444e-01	5.951740e-01	1.774183e+00	0
TCGA-AB-3012-03A-01T-0736-13	5.232674e-01	5.851555e+00	0	4.475523e-01	1.394944e+00	9.453332e-01	5.376815e-01
