sampleID	D9.9_MODULE-381	D9.7_LEIN-OLIGODENDROCYTE-MARKERS	D15.12_KUMAMOTO-RESPONSE-TO-NUTLIN-3A-DN	D9.8_MODULE-293	D13.4_KREPPEL-CD99-TARGETS-DN	D9.5_ARYLSULFATASE-ACTIVITY	D16.3_HISTONE-DEACETYLASE-BINDING	D9.3_chrxq11	D17.10_ORGANELLAR-SMALL-RIBOSOMAL-SUBUNIT	D19.19_GUENTHER-GROWTH-SPHERICAL-VS-ADHERENT-UP	D16.14_GNF2-SPRR1B
TCGA-CS-4938-01B-11R-1896-07	1.689416e-01	6.479851e-01	0	3.505113e-01	8.747481e-01	1.588089e+00	9.646982e-01	3.757988e-01	5.900949e-01	0	3.934200e-01
TCGA-CS-4941-01A-01R-1470-07	3.911279e-01	7.177085e-01	4.471370e-01	9.440895e-01	9.239559e-01	2.170192e+00	1.166170e+00	6.813206e-01	6.750932e-01	1.607898e-02	0
TCGA-CS-4942-01A-01R-1470-07	3.879951e-01	8.268365e-01	1.884314e-01	5.127288e-01	1.369518e+00	7.781210e-01	8.678230e-01	8.655192e-01	6.332447e-01	0	0
TCGA-CS-4943-01A-01R-1470-07	2.188206e-01	6.347365e-01	5.120465e-01	3.504095e-01	1.351719e+00	0	9.622288e-01	1.063011e+00	7.701602e-01	0	1.611299e-01
TCGA-CS-4944-01A-01R-1470-07	2.975916e-01	6.148160e-01	0	6.728216e-01	2.416525e-01	1.774101e+00	8.510038e-01	1.168334e+00	4.417523e-01	2.907870e-02	3.484097e-01
TCGA-CS-5390-01A-02R-1470-07	4.878244e-01	8.471837e-01	2.040088e-01	1.870255e-01	1.366507e+00	2.474201e-01	1.150940e+00	2.493220e+00	6.779984e-01	0	1.764839e-01
TCGA-CS-5393-01A-01R-1470-07	6.102755e-01	9.336918e-01	9.013094e-02	2.379294e-01	1.279625e+00	4.396419e-01	1.141193e+00	9.767394e-01	4.574846e-01	3.935466e-02	0
TCGA-CS-5394-01A-01R-1470-07	8.108457e-02	5.909609e-02	1.317022e-02	7.198540e-02	1.201971e+00	6.144470e-01	9.992460e-01	3.103752e+00	8.365609e-01	0	2.740183e-01
TCGA-CS-5395-01A-01R-1470-07	5.730535e-01	6.845464e-01	5.337463e-01	8.856338e-02	9.694525e-01	2.346767e+00	8.173368e-01	6.780966e-01	5.608236e-01	0	2.276430e-01
TCGA-CS-5396-01A-02R-1470-07	0	5.228777e-01	0	8.538944e-01	1.345436e+00	5.510767e-01	1.179629e+00	3.220361e+00	7.742167e-01	4.830131e-01	1.889031e-01
TCGA-CS-5397-01A-01R-1896-07	9.280378e-01	7.955462e-01	3.158309e-01	8.922697e-01	1.458251e+00	1.630604e+00	1.149128e+00	9.267776e-01	5.513551e-01	1.543366e-01	1.907809e-01
TCGA-CS-6186-01A-12R-2027-07	0	4.581540e-01	3.096528e-01	2.549397e-02	1.907589e-01	3.504318e+00	1.462219e+00	2.337064e-01	7.758337e-01	0	0
TCGA-CS-6188-01A-11R-1896-07	1.133788e-01	8.211724e-01	3.960629e-01	1.171922e+00	1.138272e+00	2.017228e+00	1.391413e+00	8.544973e-01	4.325411e-01	1.768409e-02	1.322018e-01
TCGA-CS-6290-01A-11R-1708-07	7.015935e-02	1.030275e+00	0	7.170319e-01	9.231781e-01	1.089257e+00	1.108990e+00	5.617639e-01	5.464427e-01	6.463569e-03	1.253338e-01
TCGA-CS-6665-01A-11R-1896-07	1.312722e-01	1.374105e+00	2.607525e-01	1.237200e+00	1.553730e+00	6.764546e-02	1.131661e+00	9.400275e-01	7.313985e-01	1.830200e-01	9.698934e-02
TCGA-CS-6666-01A-11R-1896-07	0	1.431466e-01	1.337233e-01	9.250674e-01	1.226689e+00	1.108684e-01	1.133958e+00	6.891189e-01	8.914539e-01	2.064277e-03	4.792033e-01
TCGA-CS-6667-01A-12R-2027-07	3.050352e-01	4.362097e-01	0	4.384620e-01	9.094023e-01	9.145079e-01	1.417262e+00	7.964936e-01	6.271311e-01	0	1.292926e-01
TCGA-CS-6668-01A-11R-1896-07	2.955641e-01	5.478241e-01	1.274944e-01	5.062235e-02	1.605341e+00	2.606223e-01	1.231907e+00	2.937325e+00	6.266214e-01	1.030275e-01	1.094091e-01
TCGA-CS-6669-01A-11R-1896-07	1.739082e+00	8.939918e-01	0	0	1.044228e+00	8.783946e-01	1.272230e+00	1.403619e+00	1.024153e+00	0	1.261594e-01
TCGA-CS-6670-01A-11R-1896-07	6.921162e-01	6.177658e-01	1.282634e-01	4.985546e-02	9.608727e-01	9.899135e-01	1.154287e+00	2.082119e+00	4.637805e-01	0	2.291532e-01
TCGA-DB-5270-01A-02R-1470-07	1.208003e+00	8.563237e-01	1.229305e-01	6.178616e-01	1.363753e+00	7.608326e-01	1.088660e+00	1.123222e+00	5.269326e-01	0	1.809322e-01
TCGA-DB-5273-01A-01R-1470-07	0	7.742324e-01	1.089680e-01	8.389390e-01	1.126567e+00	7.222076e-01	9.030388e-01	6.758067e-01	5.457989e-01	0	3.057549e-01
TCGA-DB-5274-01A-01R-1470-07	7.779791e-02	9.219354e-01	3.091241e-01	9.611585e-01	0	4.855417e-01	1.219177e+00	2.322749e+00	9.772262e-01	0	0
TCGA-DB-5275-01A-01R-1470-07	4.486213e-01	3.910410e-01	1.433591e-01	4.798618e-01	1.207831e+00	5.517594e-01	1.380708e+00	1.343902e+00	3.279695e-01	0	1.505428e-01
TCGA-DB-5276-01A-01R-1470-07	7.873771e-01	1.183916e+00	0	7.934381e-01	1.306533e+00	5.210543e-01	1.082063e+00	8.254991e-01	3.267095e-01	0	2.119009e-01
TCGA-DB-5277-01A-01R-1470-07	5.774078e-01	8.747557e-01	4.965248e-01	3.575888e-01	1.276228e+00	1.366184e-01	9.066647e-01	1.013179e+00	6.934964e-01	0	2.442536e-01
TCGA-DB-5278-01A-01R-1470-07	7.432149e-01	8.383067e-01	9.841915e-02	6.963065e-02	1.336607e+00	7.496939e-01	1.070930e+00	2.100681e+00	5.407945e-01	4.564755e-02	2.499911e-01
TCGA-DB-5279-01A-03R-2347-07	7.890343e-01	1.772693e-01	0	4.292938e-01	8.181737e-01	1.251906e+00	1.012489e+00	1.882537e+00	6.417090e-01	0	3.178486e-01
TCGA-DB-5280-01A-01R-1470-07	2.154467e-01	5.000667e-01	0	1.148432e-01	1.284864e+00	6.997283e-01	1.133834e+00	7.440960e-01	5.251101e-01	0	4.386615e-01
TCGA-DB-5281-01A-01R-1470-07	9.277764e-01	4.831330e-01	1.885628e-01	6.690085e-01	1.522187e+00	2.434409e-01	1.092462e+00	1.244355e+00	3.847630e-01	0	3.661626e-01
TCGA-DB-A4X9-01A-11R-A26U-07	5.968825e-01	5.316345e-01	1.126706e-01	0	1.227154e+00	1.250170e+00	1.529613e+00	6.476320e-01	3.679352e-01	0	1.415639e-01
TCGA-DB-A4XA-01A-11R-A26U-07	3.444536e-01	8.885881e-01	1.265895e-01	3.296812e-01	7.708717e-01	9.355078e-01	1.292846e+00	2.087685e+00	4.849964e-01	0	3.181299e-01
TCGA-DB-A4XB-01A-11R-A26U-07	7.658223e-01	6.759752e-01	3.353195e-01	8.140927e-02	1.585296e+00	2.723562e-01	1.427939e+00	9.081441e-01	4.343333e-01	0	2.044330e-01
TCGA-DB-A4XC-01A-11R-A26U-07	7.671238e-01	5.477274e-01	1.546004e-01	3.611146e-01	1.422323e+00	7.567262e-01	1.393589e+00	8.578657e-01	4.463403e-01	0	7.066150e-02
TCGA-DB-A4XD-01A-11R-A27Q-07	4.852606e-02	7.483462e-01	9.610540e-03	4.248769e-02	1.317706e+00	5.407269e-01	1.404262e+00	8.129730e-01	4.075401e-01	0	1.400789e-01
TCGA-DB-A4XE-01A-11R-A27Q-07	6.519103e-01	8.423426e-01	3.201620e-01	1.216387e-01	1.540331e+00	7.463035e-01	1.362703e+00	1.102749e+00	3.378833e-01	0	1.421617e-01
TCGA-DB-A4XF-01A-11R-A27Q-07	7.683865e-01	4.724107e-01	4.314295e-02	7.650352e-01	1.592737e+00	4.848288e-01	1.423572e+00	9.577510e-01	2.210393e-01	0	1.983601e-01
TCGA-DB-A4XG-01A-11R-A27Q-07	6.424822e-01	1.861625e-01	1.745368e-01	0	1.233947e+00	6.021657e-01	1.299405e+00	2.457348e+00	5.760878e-01	0	2.779903e-01
TCGA-DB-A4XH-01A-11R-A27Q-07	6.736651e-01	8.706821e-01	3.038195e-02	0	1.019445e+00	1.037113e+00	1.404151e+00	1.758254e+00	5.617094e-01	0	1.681484e-01
TCGA-DB-A64L-01A-11R-A29R-07	9.658964e-01	5.106097e-01	0	4.710146e-01	1.001020e+00	8.423605e-01	1.460916e+00	2.034099e+00	6.928123e-01	0	0
TCGA-DB-A64O-01A-11R-A29R-07	6.635542e-01	9.129527e-01	1.875837e-01	4.387413e-01	3.896156e-01	2.710100e+00	1.331239e+00	7.129854e-01	4.158172e-01	0	4.054237e-02
TCGA-DB-A64P-01A-11R-A29R-07	2.127726e-01	6.718287e-01	1.115928e-01	5.845986e-01	9.269713e-01	5.793831e-01	1.255359e+00	2.169539e+00	6.044420e-01	0	2.174733e-01
TCGA-DB-A64Q-01A-11R-A29R-07	1.901935e-01	6.791156e-01	3.063549e-02	1.188771e-01	1.139773e+00	1.266008e+00	1.454519e+00	2.271950e+00	6.266319e-01	0	4.305690e-02
TCGA-DB-A64R-01A-11R-A29R-07	5.981108e-01	4.772535e-01	8.578183e-02	0	1.528414e+00	6.448365e-01	1.547318e+00	2.272448e+00	5.298826e-01	3.717993e-02	2.046134e-01
TCGA-DB-A64S-01A-11R-A29R-07	3.334441e-02	8.859743e-01	6.624194e-02	7.519230e-01	1.002024e+00	4.368090e-01	1.386089e+00	3.738802e-01	4.971317e-01	0	2.502368e-01
TCGA-DB-A64U-01A-11R-A29R-07	1.486905e-01	1.253499e+00	6.188170e-02	3.991410e-02	1.244519e+00	7.840773e-01	1.506325e+00	1.906225e+00	4.617660e-01	1.902935e-03	2.151552e-01
TCGA-DB-A64V-01A-11R-A29R-07	1.847791e-01	1.301869e+00	5.367868e-02	7.301277e-01	5.505617e-01	9.365419e-01	1.413343e+00	1.665448e+00	4.721216e-01	0	1.489391e-01
TCGA-DB-A64W-01A-11R-A29R-07	1.034728e+00	6.688594e-01	3.943136e-01	0	1.390383e+00	1.966808e-01	1.429158e+00	2.058041e+00	7.203686e-01	6.974446e-03	2.806304e-01
TCGA-DB-A64X-01A-11R-A29R-07	6.441030e-01	3.109363e-01	2.269091e-02	4.273612e-01	6.416836e-01	8.413673e-01	1.588145e+00	6.574377e-01	4.152016e-01	0	3.542241e-01
TCGA-DB-A75K-01A-11R-A32Q-07	2.282651e-01	8.353266e-01	1.429585e-02	8.602732e-01	1.034937e+00	6.563412e-01	1.954065e+00	2.302156e+00	2.940463e-01	0	3.736838e-02
TCGA-DB-A75L-01A-11R-A32Q-07	7.483385e-01	6.758804e-01	1.096765e-01	4.191371e-01	1.299070e+00	4.392117e-01	1.566042e+00	9.939051e-01	4.424253e-01	0	7.759111e-02
TCGA-DB-A75M-01A-11R-A32Q-07	2.230782e-02	8.009148e-01	0	2.591314e-01	7.337957e-01	9.773271e-01	1.541326e+00	4.921928e-01	3.723311e-01	0	4.041773e-01
TCGA-DB-A75O-01A-11R-A32Q-07	2.447384e-01	7.277975e-01	2.863527e-02	5.699528e-01	5.796563e-01	1.321598e+00	1.461445e+00	8.683387e-01	2.840828e-01	0	2.434004e-01
TCGA-DB-A75P-01A-11R-A32Q-07	9.866244e-01	8.411656e-01	4.034140e-02	6.678195e-01	7.683816e-01	2.106464e+00	1.502558e+00	1.267595e+00	2.966557e-01	2.273421e-01	2.586057e-01
TCGA-DH-5140-01A-01R-1470-07	5.495895e-01	4.108787e-01	5.341167e-01	7.296285e-01	1.618205e+00	6.739925e-01	1.317611e+00	1.570563e+00	6.166152e-01	2.698066e-01	1.838253e-01
TCGA-DH-5141-01A-01R-1470-07	1.362181e-02	7.602246e-01	0	5.282035e-01	5.088438e-01	1.036855e+00	9.401646e-01	2.405195e+00	5.553086e-01	0	2.405387e-01
TCGA-DH-5142-01A-01R-1470-07	4.387838e-02	4.357559e-01	2.772895e-01	1.035384e+00	1.308113e+00	2.458214e-01	1.112153e+00	4.933527e-01	5.790487e-01	0	2.879217e-01
TCGA-DH-5143-01A-01R-1470-07	7.933862e-01	5.613861e-01	1.266396e-01	3.555837e-01	1.037954e+00	8.720016e-01	8.364663e-01	8.160118e-01	4.912697e-01	0	2.126319e-01
TCGA-DH-5144-01A-01R-1470-07	1.982308e-01	3.466392e-01	7.635458e-02	2.463477e-01	1.240020e+00	5.895630e-01	1.075009e+00	2.494494e+00	7.572533e-01	2.273835e-02	1.457650e-01
TCGA-DH-A669-01A-12R-A31N-07	0	4.096640e-01	2.970095e-01	1.103531e+00	6.877933e-01	0	1.440598e+00	2.247565e+00	7.971495e-01	0	2.406409e-01
TCGA-DH-A669-02A-11R-A31N-07	6.642670e-02	4.150896e-01	3.659174e-01	1.055371e+00	0	2.418462e-01	1.549033e+00	2.227556e+00	7.817327e-01	0	2.930182e-01
TCGA-DH-A66B-01A-11R-A29R-07	1.533175e-01	4.548641e-02	3.244062e-02	1.285108e+00	1.166581e+00	0	1.471701e+00	5.982117e-01	4.697239e-01	0	3.303711e-01
TCGA-DH-A66D-01A-11R-A31N-07	3.411139e-01	6.050555e-01	1.264657e-01	6.096325e-01	1.676781e+00	3.135516e-01	1.491875e+00	8.217987e-01	2.794807e-01	0	1.505700e-01
TCGA-DH-A66F-01A-11R-A29R-07	4.658128e-04	6.213185e-01	0	1.127091e-01	7.162553e-01	1.375804e+00	1.396246e+00	2.403139e+00	3.607032e-01	0	3.041598e-01
TCGA-DH-A66G-01A-21R-A31N-07	1.074272e+00	3.482116e-01	7.216819e-02	9.625000e-01	1.908561e+00	6.218329e-01	1.425507e+00	1.046276e+00	2.466400e-01	0	2.460906e-01
TCGA-DH-A7UR-01A-11R-A33Z-07	6.516484e-01	5.579961e-01	3.458045e-01	3.503305e-01	8.068971e-01	7.231301e-01	1.589036e+00	2.080286e+00	1.039831e+00	0	2.923250e-01
TCGA-DH-A7US-01A-11R-A33Z-07	9.381151e-02	1.144310e+00	1.147939e-01	0	9.166254e-01	9.491996e-01	1.510823e+00	1.906640e+00	3.795311e-01	0	2.928399e-01
TCGA-DH-A7UT-01A-12R-A34F-07	2.862314e-01	1.243669e+00	1.104657e-01	4.546253e-01	8.864200e-01	8.022403e-01	1.742560e+00	8.555669e-01	1.241513e-01	0	2.442334e-01
TCGA-DH-A7UU-01A-12R-A34F-07	2.987746e-01	8.070238e-01	2.967716e-01	2.425577e-01	1.287459e+00	1.009800e-01	1.479804e+00	4.881029e-01	4.032693e-01	0	2.018316e-01
TCGA-DH-A7UV-01A-12R-A34F-07	4.019802e-02	7.649563e-01	0	1.614229e-01	8.870083e-01	7.395414e-01	1.757092e+00	5.478514e-01	3.507540e-01	0	7.685162e-02
TCGA-DU-5847-01A-11R-1708-07	2.500126e-01	7.272422e-01	5.183271e-01	1.026854e+00	9.803003e-01	2.328199e+00	1.461463e+00	2.443130e-01	6.958084e-01	2.671497e-03	3.658946e-01
TCGA-DU-5849-01A-11R-1708-07	8.630104e-01	9.060026e-01	1.181185e-01	2.523044e-01	1.027508e+00	7.164997e-01	1.212498e+00	1.756514e+00	4.801516e-01	0	2.414312e-01
TCGA-DU-5851-01A-13R-1896-07	1.030491e+00	1.134361e+00	0	2.268850e-01	1.387840e+00	9.198893e-01	1.263370e+00	1.247835e+00	4.791364e-01	3.074791e-02	6.443632e-02
TCGA-DU-5852-01A-11R-1708-07	4.689207e-01	7.189568e-01	5.291180e-01	9.982039e-01	1.278849e+00	1.664508e+00	1.323221e+00	1.051515e+00	5.168925e-01	1.727526e-01	9.805822e-02
TCGA-DU-5853-01A-11R-1896-07	5.193141e-01	7.256870e-01	2.034297e-01	3.469309e-01	1.463178e+00	5.951925e-01	1.083598e+00	7.653336e-01	4.846967e-01	0	1.079598e-01
TCGA-DU-5854-01A-11R-1708-07	0	1.394416e+00	2.036597e-01	9.898409e-01	1.104809e+00	2.118653e+00	1.494113e+00	9.071232e-01	5.060729e-01	1.630390e-01	1.437266e-01
TCGA-DU-5855-01A-11R-1708-07	4.442927e-01	4.034936e-01	0	9.821520e-01	1.289880e+00	3.405377e-01	1.465734e+00	9.195277e-01	4.202979e-01	4.361024e-02	6.745669e-02
TCGA-DU-5870-01A-11R-1708-07	1.079898e-01	6.911547e-01	0	3.458780e-01	1.385531e+00	1.232589e+00	1.109492e+00	2.441679e+00	5.489188e-01	3.705782e-02	1.757937e-01
TCGA-DU-5870-02A-12R-A36H-07	1.693921e-01	4.701442e-01	6.885285e-02	4.709303e-01	9.428451e-01	4.038560e-01	1.578593e+00	2.892887e+00	5.187739e-01	5.278860e-02	2.312180e-01
TCGA-DU-5871-01A-12R-1708-07	5.251530e-01	3.168456e-01	0	5.452936e-01	1.278867e+00	7.411498e-01	1.269684e+00	7.783506e-01	3.671492e-01	1.514108e-02	1.804547e-01
TCGA-DU-5872-01A-11R-1708-07	2.240529e-01	5.980947e-01	0	9.085584e-01	9.755073e-01	5.679841e-01	1.183079e+00	1.052469e+00	6.269292e-01	0	2.047961e-01
TCGA-DU-5872-02A-21R-A36H-07	0	1.282862e+00	1.560526e-02	1.829586e+00	7.818463e-01	1.168465e+00	1.561559e+00	7.205040e-01	1.062937e+00	8.253949e-02	3.620487e-01
TCGA-DU-5874-01A-11R-1708-07	3.970948e-01	2.294822e-01	2.578563e-01	3.711897e-01	1.299058e+00	2.765705e-01	1.359229e+00	2.785337e+00	8.829269e-01	0	3.237343e-01
TCGA-DU-6392-01A-11R-1708-07	5.065958e-01	9.167909e-01	4.645652e-01	1.237840e+00	1.516598e+00	1.487246e-01	1.126419e+00	1.801176e+00	7.955427e-01	3.636456e-01	1.326559e-01
TCGA-DU-6393-01A-11R-1708-07	2.642689e-01	4.511848e-01	2.091061e-01	1.777762e-01	1.141875e+00	3.240378e-01	1.456680e+00	2.883179e+00	5.097141e-01	0	2.158796e-01
TCGA-DU-6394-01A-11R-1708-07	1.355269e-01	0	0	9.208388e-01	1.382338e+00	3.620847e-01	1.367854e+00	2.953124e+00	5.004429e-01	0	3.489222e-01
TCGA-DU-6395-01A-13R-1708-07	2.279848e-01	7.825032e-01	1.399108e-01	3.985605e-01	8.929250e-01	4.666285e-01	1.199368e+00	6.696956e-01	4.378688e-01	0	2.741579e-01
TCGA-DU-6396-01A-11R-1708-07	0	6.973239e-01	0	1.351075e+00	1.840957e+00	0	1.365159e+00	7.309303e-01	6.731705e-01	1.119367e-01	0
TCGA-DU-6397-01A-11R-1708-07	1.527586e-01	6.340136e-01	0	3.594472e-01	9.707042e-01	9.457212e-01	1.123072e+00	2.727155e+00	4.875666e-01	3.033009e-02	2.317384e-01
TCGA-DU-6397-02A-12R-A36H-07	1.942574e-01	3.710964e-01	2.724500e-01	8.662882e-01	8.223922e-01	0	1.379513e+00	2.810843e+00	1.123110e+00	2.443677e-01	3.202945e-01
TCGA-DU-6399-01A-12R-1708-07	1.610255e-01	5.949396e-01	2.030033e-01	5.003419e-01	1.287251e+00	3.594502e-01	9.738748e-01	1.041205e+00	6.782568e-01	0	1.787987e-01
TCGA-DU-6400-01A-12R-1708-07	6.678824e-01	4.003877e-01	6.690915e-02	4.193156e-01	1.205102e+00	3.836359e-01	1.369879e+00	2.571491e+00	4.927514e-01	6.483121e-02	9.833843e-02
TCGA-DU-6401-01A-11R-1708-07	1.428010e-01	2.236307e-01	0	7.311757e-01	1.133499e+00	4.458604e-01	1.222365e+00	7.014129e-01	6.401132e-01	0	2.350416e-01
TCGA-DU-6402-01A-11R-1708-07	2.446756e-02	4.272731e-01	4.173983e-01	1.705649e+00	8.357972e-01	2.356761e+00	1.471266e+00	7.382952e-01	1.229622e+00	5.612650e-02	1.904796e-01
TCGA-DU-6403-01A-11R-1708-07	5.255159e-01	1.279625e+00	5.628366e-01	6.913458e-01	1.542059e+00	8.314183e-01	1.292211e+00	1.313166e+00	3.311481e-01	2.229992e-01	0
TCGA-DU-6404-01A-11R-1708-07	4.950397e-01	2.006089e-01	5.070885e-01	7.951460e-01	1.138998e+00	1.682487e+00	1.393549e+00	6.813844e-01	8.132780e-01	4.582708e-02	1.401942e+00
TCGA-DU-6404-02B-11R-A36H-07	3.635513e-01	0	7.908550e-01	8.004694e-01	9.587087e-01	2.737751e-01	1.788524e+00	1.026734e-01	2.766165e+00	4.376954e-02	3.049023e+00
TCGA-DU-6405-01A-11R-1708-07	1.397406e-01	5.678861e-01	4.922678e-01	9.183947e-01	1.304478e+00	2.202341e+00	1.485000e+00	5.313447e-01	2.230355e-01	3.096840e-02	2.162443e-01
TCGA-DU-6406-01A-11R-1708-07	2.103865e-01	2.784449e-01	6.920370e-01	1.050149e+00	1.503295e+00	1.854571e+00	1.671182e+00	7.978100e-01	5.392512e-01	1.190642e-01	2.576554e-02
TCGA-DU-6407-01A-13R-1708-07	9.612854e-02	6.752507e-01	1.481362e-01	3.743466e-01	1.198601e+00	6.296731e-01	1.027121e+00	7.881787e-01	5.412616e-01	0	2.874310e-01
TCGA-DU-6407-02B-11R-A36H-07	0	1.091325e+00	6.506174e-01	1.124856e+00	1.617227e+00	0	1.606742e+00	7.915819e-01	9.496762e-01	6.732897e-02	2.339736e-01
TCGA-DU-6408-01A-11R-1708-07	6.562149e-01	4.512244e-01	2.199384e-01	5.356397e-01	1.481484e+00	6.592308e-01	1.240753e+00	7.481336e-01	4.571087e-01	0	2.433203e-01
TCGA-DU-6410-01A-11R-1896-07	6.117387e-01	1.288640e-01	3.105512e-01	1.801638e-02	1.200966e+00	0	1.147957e+00	2.771575e+00	1.026777e+00	0	2.320003e-01
TCGA-DU-6542-01A-11R-1896-07	5.151460e-01	7.787389e-01	1.629210e-01	7.968063e-01	1.636493e+00	0	1.248327e+00	1.217434e+00	3.761929e-01	1.010240e-01	1.310448e-01
TCGA-DU-7006-01A-11R-2027-07	0	6.438466e-01	2.623446e-01	1.607969e+00	1.511800e+00	1.574823e+00	1.368392e+00	1.005694e+00	1.055238e+00	3.478279e-01	1.466189e-01
TCGA-DU-7007-01A-11R-2027-07	0	4.589497e-01	1.194037e-01	1.653635e+00	1.305060e+00	3.527814e-01	1.312591e+00	2.535144e-01	1.038122e+00	0	6.948572e-01
TCGA-DU-7008-01A-11R-2027-07	8.507063e-01	2.753272e-01	2.446027e-01	1.384494e-01	1.452946e+00	2.681017e-01	1.256423e+00	1.174094e+00	4.692887e-01	0	5.703378e-02
TCGA-DU-7009-01A-11R-2027-07	7.110829e-01	8.189196e-01	1.573195e-01	0	1.370298e+00	6.339723e-01	1.093100e+00	1.985627e+00	6.341102e-01	0	2.248690e-01
TCGA-DU-7010-01A-11R-2027-07	4.557726e-01	1.041744e+00	5.414662e-01	6.441924e-01	1.669535e+00	4.821889e-01	1.138260e+00	7.497874e-01	5.012527e-01	7.797714e-02	3.427512e-01
TCGA-DU-7011-01A-11R-2027-07	6.982758e-01	6.646783e-01	1.875930e-01	7.377960e-01	1.289277e+00	5.925665e-01	8.080016e-01	8.446457e-01	7.103507e-01	0	1.430883e-01
TCGA-DU-7012-01A-11R-2027-07	4.076705e-01	5.366550e-01	4.046257e-01	1.361596e+00	1.230871e+00	2.239451e+00	9.783975e-01	5.167504e-01	8.832957e-01	0	2.971627e-01
TCGA-DU-7013-01A-11R-2027-07	3.700142e-01	5.701046e-01	6.712399e-01	8.291353e-01	1.620908e+00	1.431807e+00	1.304883e+00	9.814826e-01	3.411532e-01	3.931405e-02	0
TCGA-DU-7014-01A-11R-2027-07	2.114587e-01	5.583735e-01	5.056429e-02	7.124899e-01	9.784889e-01	0	1.205017e+00	1.451498e+00	5.511081e-01	1.788444e-02	5.705362e-02
TCGA-DU-7015-01A-11R-2027-07	2.605718e-01	2.621570e-01	1.040042e-01	6.699501e-01	1.503695e+00	6.681890e-01	8.941576e-01	9.208764e-01	6.774135e-01	0	3.417745e-02
TCGA-DU-7018-01A-11R-2027-07	3.117220e-01	1.487814e-01	1.249719e-01	4.443276e-01	1.195065e+00	2.868996e-01	1.081791e+00	3.071022e+00	8.299532e-01	1.089609e-01	2.556319e-01
TCGA-DU-7019-01A-11R-2027-07	6.398908e-01	3.859389e-01	2.849170e-02	7.404834e-01	1.083262e+00	6.610497e-01	8.923457e-01	9.613585e-01	6.188880e-01	0	1.936524e-01
TCGA-DU-7290-01A-11R-2027-07	2.615638e-01	8.663009e-01	3.797063e-01	1.352558e+00	9.442225e-01	2.083787e+00	1.198282e+00	7.535966e-02	1.205380e+00	1.143722e-02	3.186046e-01
TCGA-DU-7292-01A-11R-2027-07	1.234777e+00	6.717994e-01	3.568035e-01	4.669309e-01	1.240765e+00	1.559295e+00	1.150630e+00	1.309463e+00	4.677292e-01	1.894881e-02	1.499243e-01
TCGA-DU-7294-01A-11R-2027-07	2.758110e-01	8.100111e-01	1.454642e-01	9.241177e-02	1.510805e+00	4.653057e-01	9.786083e-01	2.573809e+00	6.967093e-01	3.136570e-02	1.298501e-01
TCGA-DU-7298-01A-11R-2027-07	5.475276e-01	1.011189e+00	2.418819e-01	4.554772e-01	1.499727e+00	4.621473e-01	1.227577e+00	1.075987e+00	4.930824e-01	2.763555e-02	4.165351e-03
TCGA-DU-7299-01A-21R-2027-07	2.992596e-01	9.036831e-01	8.543981e-02	2.676835e-01	1.424812e+00	4.833537e-01	1.075839e+00	1.370381e+00	4.006544e-01	5.862046e-02	0
TCGA-DU-7300-01A-21R-2090-07	9.789944e-01	8.358417e-01	1.343870e-01	5.454298e-01	1.259288e+00	7.618977e-01	9.241885e-01	1.878407e+00	7.043051e-01	0	1.340015e-01
TCGA-DU-7301-01A-11R-2090-07	0	8.334043e-01	1.350074e-01	8.258702e-01	1.247196e+00	2.004200e-01	9.465015e-01	6.305760e-01	6.871067e-01	0	2.378105e-01
TCGA-DU-7302-01A-11R-2090-07	1.071569e+00	5.302347e-01	1.010364e-01	1.646307e-01	1.670424e+00	6.195756e-01	1.071810e+00	2.132677e+00	7.030908e-01	6.886680e-03	1.943092e-01
TCGA-DU-7304-01A-12R-2090-07	8.638191e-01	6.775017e-01	1.115760e-01	4.675041e-01	1.274692e+00	8.035035e-01	1.091226e+00	8.739043e-01	4.957390e-01	0	1.880715e-01
TCGA-DU-7304-02A-12R-A36H-07	3.810986e-01	6.032702e-01	5.682284e-01	4.089632e-01	0	1.095939e-01	1.737007e+00	5.568009e-01	8.504921e-01	0	3.689370e-01
TCGA-DU-7306-01A-11R-2090-07	0	5.400104e-01	0	7.369526e-01	9.462135e-01	7.538683e-01	9.982126e-01	9.699798e-01	6.419627e-01	0	5.832911e-02
TCGA-DU-7309-01A-11R-2090-07	1.245280e+00	5.125800e-01	5.459683e-02	4.348644e-01	1.461368e+00	5.135518e-01	1.045665e+00	1.126293e+00	7.278201e-01	0	2.685491e-01
TCGA-DU-8158-01A-11R-2256-07	2.993585e-01	8.274082e-01	2.323805e-01	1.216176e+00	1.168900e+00	1.835940e+00	1.231060e+00	1.054704e+00	5.610528e-01	2.588318e-01	3.313150e-01
TCGA-DU-8161-01A-11R-2256-07	3.740975e-01	6.967190e-01	2.613673e-01	8.633541e-01	1.165476e+00	2.587924e+00	1.274341e+00	8.059033e-01	7.049820e-01	1.171257e-01	0
TCGA-DU-8162-01A-21R-2256-07	1.351438e+00	1.040626e+00	1.049490e-01	4.379284e-01	1.475645e+00	1.123884e+00	1.217075e+00	1.375034e+00	5.826096e-01	6.586500e-02	7.931786e-02
TCGA-DU-8163-01A-11R-2256-07	3.340702e-01	9.533974e-01	1.966650e-01	4.052838e-01	1.541309e+00	4.909664e-01	1.187685e+00	8.028421e-01	4.830241e-01	0	1.231169e-01
TCGA-DU-8164-01A-11R-2256-07	7.182395e-01	4.541384e-01	1.862907e-01	0	1.575975e+00	5.459842e-01	1.144644e+00	2.394969e+00	4.990292e-01	0	2.062098e-01
TCGA-DU-8165-01A-11R-2256-07	2.156780e-01	5.607097e-01	7.180249e-01	1.227877e+00	1.133121e+00	1.886272e+00	1.277711e+00	0	1.617349e+00	0	4.849926e-01
TCGA-DU-8166-01A-11R-2256-07	7.810399e-01	3.952472e-01	1.651451e-01	2.624530e-01	1.816830e+00	6.512357e-01	1.273191e+00	9.146453e-01	4.270531e-01	0	3.939390e-02
TCGA-DU-8167-01A-11R-2256-07	3.031615e-01	1.118161e+00	1.367079e-01	7.203841e-01	1.153837e+00	2.560344e-01	1.362840e+00	7.056027e-01	4.256138e-01	0	1.677363e-01
TCGA-DU-8168-01A-11R-2256-07	7.299183e-01	2.412369e-01	2.563862e-01	2.477566e-01	1.700299e+00	1.539010e-01	1.420578e+00	2.708438e+00	6.407989e-01	3.428328e-02	1.157936e-01
TCGA-DU-A5TP-01A-11R-A28M-07	2.563695e-01	6.694354e-01	2.746811e-01	1.447861e+00	1.440069e+00	0	1.591105e+00	9.069093e-01	5.520268e-01	0	2.677029e-01
TCGA-DU-A5TR-01A-11R-A28M-07	2.220085e-01	9.132804e-01	2.054392e-03	1.356900e+00	7.170945e-01	5.344917e-01	1.758372e+00	2.975904e-01	4.268010e-01	0	1.812073e-01
TCGA-DU-A5TS-01A-11R-A28M-07	3.605434e-01	1.178847e+00	1.744988e-01	2.592797e-01	5.922910e-01	6.437651e-01	1.531796e+00	4.890052e-01	4.643331e-01	0	2.839373e-01
TCGA-DU-A5TT-01A-11R-A28M-07	4.990522e-01	7.974563e-01	4.364554e-01	7.225428e-01	4.090020e-01	2.275826e+00	1.495962e+00	4.902767e-01	5.705427e-01	0	1.382844e-01
TCGA-DU-A5TU-01A-11R-A28M-07	4.198354e-01	5.680749e-01	1.994199e-01	1.161863e+00	1.055258e+00	5.194473e-01	1.555705e+00	7.402042e-01	4.056426e-01	0	1.831323e-01
TCGA-DU-A5TW-01A-11R-A28M-07	0	6.207133e-01	4.464699e-02	3.107077e-01	1.095308e+00	4.629908e-01	1.764722e+00	6.673610e-01	4.686294e-01	0	3.653232e-02
TCGA-DU-A5TY-01A-11R-A28M-07	1.544145e-01	9.202008e-01	5.357146e-01	1.202868e+00	9.917772e-01	1.868320e+00	1.529976e+00	3.438960e-01	7.789418e-01	0	4.148102e-02
TCGA-DU-A6S2-01A-21R-A32Q-07	1.047331e+00	8.938310e-01	0	1.849165e-01	1.387619e+00	6.452459e-01	1.645846e+00	1.992192e+00	4.055087e-01	4.153532e-02	1.558379e-01
TCGA-DU-A6S3-01A-12R-A32Q-07	8.720336e-01	8.197960e-01	1.858822e-01	0	9.021166e-01	3.401027e-01	1.494477e+00	2.183007e+00	4.254369e-01	2.999429e-02	3.195104e-01
TCGA-DU-A6S6-01A-21R-A32Q-07	1.152238e+00	5.586781e-01	6.244752e-02	0	1.157434e+00	8.690045e-01	1.755539e+00	1.857662e+00	4.241601e-01	0	4.158508e-01
TCGA-DU-A6S7-01A-21R-A32Q-07	3.767335e-02	8.968820e-01	4.060338e-02	2.734838e-01	1.228730e+00	4.071229e-01	1.719221e+00	4.773646e-01	5.561296e-01	0	1.694569e-01
TCGA-DU-A6S8-01A-12R-A32Q-07	3.868110e-01	6.990717e-01	1.335798e-01	3.341555e-01	9.814583e-01	2.310754e-01	1.537875e+00	2.630114e+00	6.743895e-01	1.615582e-01	9.145201e-02
TCGA-DU-A76K-01A-11R-A33Z-07	1.047791e+00	6.097978e-01	3.379486e-01	8.941075e-02	3.874784e-01	2.377496e+00	1.533915e+00	8.911008e-01	3.325447e-01	0	2.947297e-01
TCGA-DU-A76L-01A-11R-A32Q-07	1.272093e-01	9.477575e-01	4.811587e-01	1.699888e+00	1.250583e+00	8.613907e-01	1.414337e+00	1.470305e+00	1.218339e+00	2.160690e-01	2.412616e-01
TCGA-DU-A76O-01A-11R-A32Q-07	3.144246e-01	6.937665e-01	2.037455e-01	4.219379e-01	1.028714e+00	4.932802e-01	1.496258e+00	1.134496e+00	4.820876e-01	0	5.804678e-02
TCGA-DU-A76R-01A-11R-A32Q-07	6.261685e-01	4.181650e-01	3.761318e-02	3.347888e-01	8.996835e-01	1.551151e+00	1.277420e+00	1.973660e+00	5.445089e-01	0	3.581378e-01
TCGA-DU-A7T6-01A-11R-A33Z-07	5.498152e-01	8.651890e-01	2.834048e-01	7.855998e-01	9.732287e-01	1.563942e-01	1.416830e+00	2.432092e+00	8.226916e-01	2.284276e-01	3.386487e-01
TCGA-DU-A7T8-01A-21R-A34R-07	3.729309e-01	3.025193e-01	2.220775e-01	7.449513e-01	1.093922e+00	3.193423e-01	1.542281e+00	1.155413e+00	5.782601e-01	0	2.066578e-01
TCGA-DU-A7TA-01A-11R-A33Z-07	4.782522e-02	1.074927e-01	5.034835e-02	1.018325e+00	1.200218e+00	0	1.650919e+00	9.986754e-01	7.173820e-01	0	1.020857e-01
TCGA-DU-A7TB-01A-11R-A33Z-07	4.020534e-01	1.500725e+00	1.060752e-01	2.543709e-01	8.822595e-01	5.392404e-01	1.422338e+00	1.659339e+00	5.978444e-01	3.913489e-01	2.413444e-01
TCGA-DU-A7TC-01A-21R-A34R-07	1.123323e+00	5.794508e-01	1.798749e-01	1.403428e-01	6.107977e-01	7.255996e-01	1.434044e+00	1.177095e+00	6.520483e-01	0	1.843768e-01
TCGA-DU-A7TD-01A-12R-A34F-07	0	6.266549e-01	6.613041e-01	1.089658e+00	1.362500e+00	1.612368e+00	1.616741e+00	6.477803e-01	5.864599e-01	3.443014e-02	0
TCGA-DU-A7TG-01A-21R-A34R-07	1.473565e+00	7.689063e-01	0	3.905008e-01	1.047320e+00	9.000556e-01	1.309661e+00	1.335747e+00	7.653770e-01	0	9.521398e-02
TCGA-DU-A7TI-01A-11R-A33Z-07	7.863947e-01	5.908798e-01	1.340975e-01	6.197862e-01	1.495179e+00	3.785736e-01	1.386290e+00	8.474995e-01	2.225172e-01	0	5.951672e-02
TCGA-DU-A7TJ-01A-11R-A34R-07	0	4.965886e-01	6.154709e-01	9.988816e-01	1.301081e+00	1.980046e+00	1.586951e+00	4.739832e-01	4.381322e-01	1.026697e-01	7.064227e-02
TCGA-E1-5302-01A-01R-1470-07	4.845192e-01	6.879214e-01	2.750119e-01	6.403546e-01	1.245275e+00	9.834085e-01	9.124053e-01	9.412819e-01	3.766355e-01	0	1.040399e-01
TCGA-E1-5303-01A-01R-1470-07	3.575747e-02	1.060558e+00	7.146852e-04	7.762037e-01	8.701822e-01	8.046670e-01	1.065344e+00	6.588413e-01	4.895698e-01	0	8.987244e-02
TCGA-E1-5304-01A-01R-1470-07	4.666459e-02	6.843612e-01	6.201808e-01	0	1.128972e+00	0	1.273612e+00	5.920273e-01	7.923685e-01	1.128599e-01	2.662076e-01
TCGA-E1-5305-01A-01R-1896-07	6.492066e-01	6.659923e-01	2.115588e-01	3.844208e-01	1.189420e+00	6.727909e-01	9.165299e-01	1.208369e+00	6.232275e-01	0	1.096647e-01
TCGA-E1-5307-01A-01R-1896-07	8.064445e-01	5.537130e-01	0	1.614119e-01	1.408750e+00	4.111036e-01	1.045370e+00	1.020016e+00	4.856177e-01	3.348514e-02	0
TCGA-E1-5311-01A-01R-1470-07	7.802304e-01	4.131822e-01	1.104103e-01	1.937191e-01	1.238884e+00	5.618655e-01	1.187546e+00	2.349680e+00	5.250528e-01	0	1.596624e-01
TCGA-E1-5318-01A-01R-1470-07	0	3.473196e-02	0	6.484741e-01	1.287387e+00	0	1.052585e+00	2.564136e+00	1.222627e+00	8.944630e-02	1.476994e-01
TCGA-E1-5319-01A-01R-1896-07	1.408734e-01	1.003636e+00	0	5.347179e-01	1.072190e+00	1.144545e+00	1.041981e+00	2.487498e+00	6.235788e-01	2.272546e-02	1.005030e-01
TCGA-E1-5322-01A-01R-1470-07	3.649921e-01	4.097436e-01	1.920183e-01	7.778631e-01	1.593133e+00	1.023678e-01	1.104515e+00	1.009680e+00	4.951002e-01	6.784981e-02	0
TCGA-E1-A7YD-01A-11R-A34F-07	3.040003e-02	3.076947e-01	6.420267e-01	6.154842e-01	6.601703e-01	2.364866e+00	1.615131e+00	6.976398e-01	5.817269e-01	2.981398e-02	0
TCGA-E1-A7YE-01A-11R-A34F-07	2.660845e-01	5.893521e-01	1.955659e-01	1.450490e+00	1.774946e+00	7.527982e-02	1.575545e+00	9.997080e-01	3.972212e-01	3.883967e-02	1.533041e-01
TCGA-E1-A7YH-01A-11R-A34F-07	1.059738e-01	1.204348e+00	0	3.196532e-01	1.044258e+00	9.263608e-01	1.877575e+00	6.835428e-01	2.372720e-01	0	1.386669e-01
TCGA-E1-A7YI-01A-11R-A34F-07	2.593913e-01	8.586961e-01	6.092544e-01	9.305079e-01	1.671970e+00	1.081527e-01	1.694110e+00	1.057125e+00	8.135675e-01	2.646175e-01	3.911959e-01
TCGA-E1-A7YJ-01A-11R-A34F-07	0	8.618407e-01	2.702437e-01	1.130282e+00	6.363589e-01	2.041366e+00	2.018555e+00	2.382503e-01	7.835271e-01	1.134373e-02	5.958839e-02
TCGA-E1-A7YK-01A-11R-A34F-07	0	1.494614e+00	2.823231e-02	1.227757e+00	9.108945e-01	6.960928e-01	1.652708e+00	6.417344e-01	4.242938e-01	3.545286e-02	2.298693e-01
TCGA-E1-A7YL-01A-11R-A34F-07	6.100224e-02	5.648643e-01	5.033273e-01	1.409101e+00	7.298953e-01	1.775244e+00	1.882976e+00	5.608230e-01	6.459177e-01	0	1.747809e-01
TCGA-E1-A7YM-01A-11R-A34F-07	4.774001e-01	1.264138e+00	2.892478e-01	1.550661e-01	4.224618e-01	2.160182e+00	1.664360e+00	7.669419e-01	4.139130e-01	0	1.407851e-02
TCGA-E1-A7YN-01A-11R-A34F-07	3.287609e-01	1.009357e+00	1.126400e-01	1.454987e+00	7.219711e-01	2.110203e+00	1.649609e+00	5.490960e-01	8.859174e-01	0	0
TCGA-E1-A7YO-01A-11R-A34F-07	7.216236e-01	3.777536e-01	1.114749e-01	1.937816e-01	1.256594e+00	7.349062e-01	1.461027e+00	2.337101e+00	4.409079e-01	0	2.123351e-01
TCGA-E1-A7YQ-01A-11R-A34R-07	1.125290e-01	2.071240e-01	4.117943e-01	1.573445e+00	1.117717e+00	2.015289e+00	1.639983e+00	5.415448e-01	1.364651e+00	0	1.387254e-01
TCGA-E1-A7YS-01A-11R-A34F-07	2.769776e-01	1.267218e-01	1.166694e-02	3.189602e-01	1.096636e+00	3.557739e-02	1.753376e+00	2.727912e+00	5.323315e-01	0	1.025463e-02
TCGA-E1-A7YU-01A-11R-A34R-07	5.848105e-01	1.000493e+00	1.169111e-01	1.377269e-01	8.847814e-01	8.857611e-01	1.659612e+00	9.154083e-01	2.825672e-01	0	1.582784e-01
TCGA-E1-A7YV-01A-11R-A34R-07	6.110503e-01	4.063364e-01	4.623057e-01	4.734814e-01	1.315815e+00	6.680294e-01	1.628493e+00	9.681992e-01	6.735442e-01	2.022480e-02	2.102673e-01
TCGA-E1-A7YW-01A-11R-A34R-07	3.203794e-01	5.976562e-01	3.717977e-02	3.129129e-01	1.223893e+00	6.740040e-01	1.677128e+00	6.450250e-01	2.139860e-01	0	2.113165e-01
TCGA-E1-A7YY-01A-11R-A34R-07	1.684247e+00	8.027250e-01	0	3.539261e-01	1.211739e+00	7.566915e-01	1.512331e+00	1.401197e+00	8.854762e-01	0	1.248683e-01
TCGA-E1-A7Z2-01A-21R-A34R-07	9.173060e-01	7.933451e-01	2.376141e-01	1.195167e-01	4.895474e-01	2.452519e+00	1.744557e+00	5.594664e-01	4.312524e-01	0	1.748440e-01
TCGA-E1-A7Z3-01A-11R-A34R-07	1.054860e+00	7.235739e-01	0	6.137346e-01	1.178749e+00	1.081590e+00	1.495870e+00	1.262199e+00	3.511079e-01	5.693824e-02	1.522168e-01
TCGA-E1-A7Z4-01A-11R-A34R-07	1.660946e-01	4.129555e-01	0	3.721450e-01	7.004909e-01	1.119997e+00	1.538685e+00	5.346525e-01	3.856662e-01	1.384272e-02	4.164898e-02
TCGA-E1-A7Z6-01A-11R-A34R-07	4.904013e-01	3.444861e-01	0	2.994345e-01	9.636831e-01	1.901685e+00	1.426947e+00	5.823626e-01	4.914450e-01	0	2.414286e-01
TCGA-EZ-7264-01A-11R-2027-07	3.095435e-01	5.369555e-01	5.892380e-02	1.677516e-02	1.452801e+00	5.631525e-01	1.338964e+00	2.630288e+00	6.941720e-01	3.686155e-02	8.370175e-02
TCGA-F6-A8O3-01A-11R-A36H-07	5.317432e-01	2.234527e-01	1.541136e-01	3.105411e-02	1.083976e+00	5.041770e-01	1.244732e+00	2.666152e+00	4.899440e-01	0	2.720931e-01
TCGA-F6-A8O4-01A-11R-A36H-07	9.822943e-01	5.138171e-01	1.477899e-01	0	8.503250e-01	9.219312e-01	1.319671e+00	7.428570e-01	4.695370e-01	0	2.185266e-01
TCGA-FG-5962-01B-11R-1896-07	1.020236e+00	5.402261e-01	8.111648e-02	2.942531e-01	1.127969e+00	9.419908e-01	1.143790e+00	2.076737e+00	4.811998e-01	0	1.997836e-01
TCGA-FG-5963-01A-11R-1708-07	2.266493e-01	1.538530e+00	3.761306e-01	1.122086e+00	1.151739e+00	7.925654e-01	1.358283e+00	1.130622e+00	6.022466e-01	2.871318e-01	2.701125e-01
TCGA-FG-5963-02A-12R-A29R-07	1.011807e-01	4.979360e-01	7.543464e-01	1.263940e+00	1.445129e+00	2.043996e-01	1.349305e+00	1.241700e+00	1.618433e+00	4.884374e-01	8.028119e-01
TCGA-FG-5964-01A-11R-1708-07	6.224982e-01	1.028389e+00	2.219086e-01	6.540612e-01	8.465678e-01	5.448281e-01	1.271744e+00	1.883202e+00	4.734100e-01	4.822887e-02	4.347491e-02
TCGA-FG-5965-01B-11R-1896-07	5.465590e-01	5.122178e-01	1.722329e-01	6.194745e-01	1.506426e+00	9.317094e-01	1.266087e+00	8.985793e-01	3.476338e-01	0	1.130189e-01
TCGA-FG-5965-02B-11R-A29R-07	1.513154e+00	9.627774e-01	7.330561e-02	0	8.693407e-01	8.612667e-01	1.621667e+00	1.255014e+00	8.686916e-01	0	1.753916e-01
TCGA-FG-6688-01A-11R-1896-07	2.789640e-01	1.168521e+00	2.833477e-01	1.021690e+00	6.613443e-01	2.278804e+00	1.348207e+00	6.473902e-01	5.861298e-01	0	9.622986e-02
TCGA-FG-6689-01A-11R-1896-07	8.714294e-01	8.871774e-01	0	3.777572e-01	1.126610e+00	7.055444e-01	1.179112e+00	8.218219e-01	3.179602e-01	0	7.568913e-02
TCGA-FG-6690-01A-11R-1896-07	3.028730e-01	4.072986e-01	9.974155e-03	3.481027e-01	1.296903e+00	6.858290e-01	1.101398e+00	9.634281e-01	4.952423e-01	0	6.098289e-02
TCGA-FG-6691-01A-11R-1896-07	2.016690e-02	5.196907e-01	6.508750e-02	6.216888e-01	1.501482e+00	8.841003e-01	9.687250e-01	6.533227e-01	8.276193e-01	0	0
TCGA-FG-6692-01A-11R-1896-07	0	3.529587e-01	5.717684e-01	1.196533e+00	4.814503e-01	2.398822e+00	1.882096e+00	3.701278e-01	8.801823e-01	0	3.570316e-03
TCGA-FG-7634-01A-11R-2090-07	2.864799e-02	8.700474e-01	2.436068e-01	9.084736e-01	1.669236e+00	3.765443e-01	1.062762e+00	1.966998e+00	6.255726e-01	4.543295e-03	2.508182e-01
TCGA-FG-7636-01A-11R-2090-07	4.713446e-01	6.890360e-01	1.370770e-01	2.022111e-01	1.051358e+00	4.616505e-01	1.078525e+00	1.147455e+00	4.209138e-01	1.547376e-02	1.572544e-01
TCGA-FG-7637-01A-11R-2090-07	6.347588e-02	2.363895e-01	9.447408e-02	4.538737e-01	1.135629e+00	4.619813e-01	9.968626e-01	2.512089e+00	7.138142e-01	0	1.282223e-01
TCGA-FG-7638-01B-12R-2090-07	6.574156e-01	8.143880e-01	7.272821e-02	1.742448e-01	1.081263e+00	1.283526e+00	1.038639e+00	2.022012e+00	5.882004e-01	0	2.711749e-01
TCGA-FG-7641-01B-11R-2256-07	8.955691e-01	8.203533e-01	3.867725e-03	0	1.333785e+00	7.222597e-01	1.399053e+00	2.093895e+00	4.082249e-01	0	1.902062e-01
TCGA-FG-7643-01A-11R-2090-07	1.201909e+00	1.061689e+00	3.622687e-02	3.686893e-01	1.048506e+00	1.721543e+00	1.183759e+00	1.352326e+00	6.549685e-01	7.263034e-02	2.103362e-02
TCGA-FG-8181-01A-11R-2256-07	1.710327e+00	5.959799e-01	0	4.838370e-01	9.897600e-01	8.333086e-01	1.313862e+00	1.399975e+00	1.075480e+00	0	1.405948e-01
TCGA-FG-8182-01A-11R-2256-07	1.975036e-01	1.036848e+00	1.086812e-01	1.318385e-01	1.469979e+00	3.108498e-01	1.359678e+00	1.014396e+00	5.280658e-01	0	0
TCGA-FG-8185-01A-11R-2256-07	1.471308e-01	1.793286e-01	0	3.743871e-01	8.973043e-01	3.246724e-01	1.501183e+00	7.286686e-01	4.361426e-01	0	3.313671e-01
TCGA-FG-8186-01A-11R-2256-07	4.252882e-01	6.592483e-01	7.889458e-02	5.296862e-01	1.313912e+00	1.157500e+00	1.454995e+00	1.693232e+00	3.626016e-01	0	6.354281e-02
TCGA-FG-8187-01A-11R-2256-07	3.700927e-01	1.265005e+00	6.093786e-02	9.374924e-02	8.556803e-01	1.361566e+00	1.418182e+00	1.366478e+00	4.604024e-01	0	1.719759e-01
TCGA-FG-8188-01A-11R-2256-07	1.655049e-02	1.035520e+00	2.276269e-03	2.571731e-01	1.047056e+00	6.795077e-01	1.333022e+00	4.855208e-01	4.968968e-01	0	2.593734e-01
TCGA-FG-8189-01B-11R-A28M-07	1.797644e+00	7.638984e-01	0	1.023372e-02	1.318772e+00	6.800133e-01	1.469665e+00	1.514909e+00	1.002760e+00	0	1.869366e-01
TCGA-FG-8191-01A-11R-2256-07	2.113803e-01	9.773516e-01	0	6.344532e-01	1.070508e+00	6.504106e-01	1.328958e+00	8.544385e-01	4.153443e-01	0	8.802843e-02
TCGA-FG-A4MT-01A-11R-A26U-07	0	3.588800e-01	0	2.586256e-01	9.516659e-01	3.355658e-01	1.746271e+00	1.173208e+00	7.912571e-01	6.967421e-02	3.307612e-02
TCGA-FG-A4MT-02A-11R-A29R-07	1.021180e+00	7.489248e-01	1.473279e-01	4.158622e-01	1.200053e+00	6.113399e-01	1.368820e+00	1.264665e+00	4.779018e-01	2.709747e-03	3.645928e-02
TCGA-FG-A4MU-01B-11R-A28M-07	1.912716e-02	1.926943e-01	5.786890e-01	1.593516e+00	1.122506e+00	1.873380e+00	1.874136e+00	6.380426e-01	8.808338e-01	4.969346e-03	2.524787e-01
TCGA-FG-A4MW-01A-11R-A26U-07	4.406132e-01	1.130607e+00	4.574415e-01	6.674512e-01	8.764905e-01	1.619050e+00	1.662085e+00	1.067446e+00	1.947321e-01	1.105459e-01	7.886195e-02
TCGA-FG-A4MX-01A-11R-A26U-07	2.529533e-01	2.767192e-01	0	7.229371e-01	5.931625e-01	2.187848e-01	2.193767e+00	6.263057e-01	2.368231e-01	0	3.588618e-01
TCGA-FG-A4MY-01A-11R-A26U-07	8.755010e-02	1.257799e+00	0	6.351537e-01	9.394953e-01	6.676699e-01	1.798145e+00	5.805740e-01	1.872875e-01	0	3.003671e-01
TCGA-FG-A60J-01A-11R-A28M-07	4.300266e-01	7.625103e-01	7.118525e-02	4.294641e-01	1.170828e+00	8.911203e-01	1.487996e+00	1.156280e+00	2.945111e-01	0	2.558493e-01
TCGA-FG-A60K-01A-11R-A29R-07	1.634587e-01	6.856321e-01	0	7.556899e-02	1.444430e+00	1.098640e+00	1.522284e+00	2.089123e+00	5.240929e-01	2.590275e-05	5.336806e-02
TCGA-FG-A60L-01A-12R-A31N-07	1.416548e-01	1.196489e+00	7.600729e-02	8.065393e-01	1.873961e-01	8.718322e-01	1.651555e+00	4.482467e-01	4.269389e-01	0	1.732154e-01
TCGA-FG-A6IZ-01A-11R-A31N-07	1.118470e-01	5.207622e-01	1.767638e-01	4.676693e-01	0	6.844666e-01	1.461270e+00	2.427826e+00	6.986674e-01	0	1.709196e-01
TCGA-FG-A6J1-01A-11R-A31N-07	4.283884e-01	5.342429e-01	1.675554e-01	5.149263e-01	1.802897e-01	1.029872e+00	1.636431e+00	1.967189e+00	6.351460e-01	0	2.085626e-01
TCGA-FG-A6J3-01A-11R-A31N-07	0	1.132661e+00	3.852106e-01	1.879473e+00	6.756681e-02	4.817490e-01	1.677288e+00	1.739100e-01	9.306111e-01	0	4.636555e-01
TCGA-FG-A70Y-01A-12R-A34R-07	2.823191e-01	1.054705e+00	0	3.905748e-01	9.508575e-01	1.018547e+00	1.371885e+00	7.200295e-01	4.370709e-01	0	1.462038e-01
TCGA-FG-A70Z-01A-12R-A33Z-07	6.817711e-01	6.428852e-01	4.965688e-01	1.077421e+00	1.083225e+00	1.719808e+00	1.281828e+00	1.204911e+00	3.975182e-01	1.426641e-01	1.041572e-01
TCGA-FG-A710-01A-12R-A33Z-07	6.110911e-01	6.091814e-01	1.957536e-01	7.617459e-01	1.290917e+00	6.936793e-01	1.383723e+00	1.965791e+00	4.939323e-01	2.460755e-02	1.402214e-01
TCGA-FG-A711-01A-21R-A33Z-07	8.139304e-01	6.867124e-01	6.752148e-02	6.700730e-03	9.369832e-01	1.232927e+00	1.504840e+00	8.290393e-01	4.626502e-01	0	4.955012e-02
TCGA-FG-A713-01A-11R-A32Q-07	1.368309e+00	1.069137e+00	0	1.498861e-01	1.147553e+00	8.491390e-01	1.512741e+00	1.572653e+00	5.505640e-01	6.279837e-03	2.385942e-01
TCGA-FG-A87N-01A-11R-A36H-07	3.511559e-01	7.212740e-01	4.118264e-01	9.860401e-01	1.875900e+00	0	1.515834e+00	1.653964e+00	6.285724e-01	3.736233e-01	3.739924e-01
TCGA-FG-A87Q-01A-11R-A36H-07	2.235273e-01	1.228670e+00	2.416982e-01	8.498254e-01	7.568397e-01	2.383229e+00	1.616110e+00	6.632844e-01	4.012225e-01	3.982905e-02	0
TCGA-FN-7833-01A-11R-2090-07	2.385296e-02	5.439762e-01	4.229999e-02	8.213395e-01	1.104001e+00	7.930837e-01	1.335606e+00	5.339976e-01	7.125745e-01	0	2.165626e-02
TCGA-HT-7467-01A-11R-2027-07	8.684089e-01	1.316722e+00	1.169378e-01	1.025788e-01	1.250786e+00	7.973213e-01	1.210217e+00	1.914642e+00	5.037985e-01	1.081879e-02	1.266621e-01
TCGA-HT-7468-01A-11R-2027-07	5.205507e-02	5.700741e-01	1.498215e-01	2.579115e-01	1.438460e+00	7.492192e-01	9.741973e-01	2.453257e+00	5.941265e-01	2.455974e-02	1.248152e-01
TCGA-HT-7469-01A-11R-2256-07	1.609881e-01	4.143076e-01	7.389122e-01	3.861835e-01	1.071503e+00	1.346578e+00	1.535288e+00	0	1.018890e+00	0	3.252049e-01
TCGA-HT-7470-01A-12R-2090-07	1.028910e+00	1.015920e+00	1.094467e-01	1.549291e-01	1.459882e+00	5.492110e-01	1.001523e+00	9.608842e-01	3.993203e-01	0	2.033949e-01
TCGA-HT-7471-01A-11R-2256-07	2.693686e-01	5.550832e-01	2.615354e-01	7.135643e-01	1.456468e+00	5.826294e-01	1.309062e+00	2.262810e+00	6.369586e-01	0	1.351299e-01
TCGA-HT-7472-01A-11R-2027-07	1.263417e-01	7.958711e-01	9.118383e-02	5.734986e-01	1.626121e+00	2.966750e-01	9.419950e-01	1.188974e+00	5.191258e-01	6.324953e-03	2.006968e-01
TCGA-HT-7473-01A-11R-2027-07	2.056130e-01	5.638188e-01	6.401257e-02	8.664511e-01	1.278172e+00	1.153225e+00	1.041959e+00	4.508747e-01	6.646136e-01	0	1.521413e-01
TCGA-HT-7474-01A-11R-2027-07	1.145108e+00	9.632455e-01	1.280534e-02	8.980151e-02	1.147301e+00	1.015189e+00	1.090452e+00	1.072418e+00	4.603760e-01	0	2.309489e-01
TCGA-HT-7475-01A-11R-2027-07	1.030518e+00	8.012093e-01	3.029249e-01	0	1.034736e+00	5.455114e-01	1.306142e+00	1.256821e+00	5.741015e-01	0	1.128345e-01
TCGA-HT-7476-01A-11R-2027-07	1.070683e+00	5.935485e-01	2.127046e-01	6.218320e-01	9.832985e-01	6.168202e-01	1.071021e+00	1.195952e+00	6.914370e-01	0	2.513704e-01
TCGA-HT-7477-01B-11R-A28M-07	3.948527e-01	7.180676e-01	5.736979e-01	6.981056e-01	1.379741e+00	2.452722e-01	1.474966e+00	8.061318e-01	6.990256e-01	1.003325e-01	2.961035e-01
TCGA-HT-7478-01A-11R-2027-07	5.205889e-01	5.916091e-01	1.673114e-01	1.113437e+00	1.497565e+00	3.823355e-01	9.102335e-01	7.492526e-01	6.146851e-01	0	1.776295e-01
TCGA-HT-7479-01A-11R-2027-07	1.817180e-01	1.229906e+00	1.883431e-02	4.330257e-01	8.857378e-01	1.008888e+00	9.268718e-01	6.668982e-01	5.907516e-01	0	2.556616e-01
TCGA-HT-7480-01A-11R-2090-07	6.947439e-01	7.130077e-01	1.220747e-01	0	1.551860e+00	5.882668e-01	1.308484e+00	2.101803e+00	4.335957e-01	1.128924e-02	2.993636e-01
TCGA-HT-7481-01A-11R-2027-07	6.799485e-01	1.157373e+00	1.792859e-01	0	1.139808e+00	8.870365e-01	1.085076e+00	1.956320e+00	5.388911e-01	0	1.350082e-01
TCGA-HT-7482-01A-11R-2027-07	5.557373e-02	1.087142e+00	0	6.140953e-01	1.209838e+00	8.533428e-01	1.140270e+00	6.818446e-01	4.457188e-01	1.466533e-02	2.077958e-01
TCGA-HT-7483-01A-11R-2027-07	7.041967e-01	3.122139e-01	2.352840e-01	5.811362e-01	1.399113e+00	3.411432e-01	8.897992e-01	1.139164e+00	5.599389e-01	0	4.064406e-01
TCGA-HT-7485-01A-11R-2027-07	3.802434e-01	8.143721e-01	1.538133e-02	6.785357e-02	1.001478e+00	1.423180e+00	7.451725e-01	4.962618e-01	5.509447e-01	0	2.998945e-01
TCGA-HT-7601-01A-11R-2090-07	3.803288e-01	1.127196e+00	1.840681e-01	1.140819e+00	1.787061e+00	3.578913e-01	1.044971e+00	8.865950e-01	4.913500e-01	0	1.759184e-01
TCGA-HT-7602-01A-21R-2090-07	1.560091e-01	1.330630e+00	0	8.177707e-02	7.498814e-01	1.646615e+00	1.059314e+00	9.117807e-01	5.477420e-01	0	3.000328e-01
TCGA-HT-7603-01A-21R-2090-07	1.379541e+00	8.308341e-01	0	7.319401e-02	6.032371e-01	7.991750e-01	1.031945e+00	1.061037e+00	8.290629e-01	0	6.839462e-02
TCGA-HT-7604-01A-11R-2090-07	1.141014e-01	4.509266e-01	7.246468e-02	3.211723e-01	1.300706e+00	1.595026e-01	1.267585e+00	7.979960e-01	5.161272e-01	0	2.239509e-01
TCGA-HT-7605-01A-11R-2090-07	9.469537e-01	9.504308e-01	3.495962e-02	1.324280e-02	1.086064e+00	1.143005e+00	1.160636e+00	1.652597e+00	5.472659e-01	0	2.883265e-01
TCGA-HT-7606-01A-11R-2090-07	5.673633e-02	5.826519e-01	3.348557e-01	4.815455e-01	1.270917e+00	2.859923e-01	1.405678e+00	1.509056e+00	8.388460e-01	0	4.844513e-03
TCGA-HT-7607-01A-11R-2090-07	1.289607e+00	8.524238e-01	0	4.308161e-01	1.358016e+00	1.194974e+00	1.105133e+00	1.521468e+00	6.362076e-01	0	1.708561e-01
TCGA-HT-7608-01A-11R-2090-07	3.388366e-01	5.028778e-01	0	2.684441e-01	6.252880e-01	2.261378e+00	1.013004e+00	1.722823e+00	5.276690e-01	0	2.250206e-01
TCGA-HT-7609-01A-11R-2090-07	2.316738e-01	5.568388e-01	2.169485e-02	4.636668e-01	1.224938e+00	4.568226e-01	1.310026e+00	6.595456e-01	2.721638e-01	0	1.652798e-01
TCGA-HT-7610-01A-21R-2090-07	1.246485e+00	7.131568e-01	5.805655e-02	0	1.811834e+00	3.964040e-01	1.248788e+00	1.288661e+00	5.696966e-01	0	6.938176e-02
TCGA-HT-7611-01A-11R-2403-07	7.862574e-02	6.842265e-01	1.257250e-02	4.924533e-01	1.262706e+00	7.738794e-01	1.124504e+00	3.049525e-01	4.370037e-01	0	4.562923e-01
TCGA-HT-7616-01A-11R-2256-07	0	3.959602e-01	0	1.275799e+00	9.811746e-01	7.687437e-01	1.226130e+00	2.597431e+00	8.819693e-01	0	1.216541e-01
TCGA-HT-7620-01A-11R-2256-07	1.860459e-01	1.452987e+00	1.173662e-02	4.775585e-02	1.010171e+00	1.062518e+00	1.297339e+00	1.728952e+00	4.859910e-01	0	1.476527e-01
TCGA-HT-7676-01A-11R-2403-07	1.515869e-01	7.479962e-01	2.042144e-01	3.861685e-01	1.149642e+00	4.716883e-01	1.003347e+00	6.007677e-01	7.321920e-01	0	4.665340e-03
TCGA-HT-7677-01A-11R-2256-07	8.331497e-02	8.268742e-01	1.022808e-01	1.280653e-01	1.429739e+00	4.765986e-01	1.270477e+00	2.479185e+00	3.777574e-01	0	2.315637e-01
TCGA-HT-7680-01A-11R-2256-07	1.017349e-01	2.125645e-01	0	1.094528e+00	5.470145e-01	3.172236e+00	8.373100e-01	5.427217e-01	1.018557e+00	9.499596e-02	3.334256e-01
TCGA-HT-7681-01A-11R-2403-07	9.661444e-01	8.052310e-01	5.768093e-02	3.554754e-01	1.143076e+00	1.051957e+00	1.174094e+00	1.614657e+00	6.034103e-01	0	2.198730e-01
TCGA-HT-7684-01A-11R-2256-07	4.567946e-02	6.355718e-01	0	8.899205e-01	0	1.484146e+00	1.145162e+00	1.408877e+00	6.767004e-01	0	1.722820e-01
TCGA-HT-7686-01A-11R-2256-07	2.897269e-01	8.717686e-01	1.018394e-01	1.139305e+00	1.388017e+00	7.087170e-01	1.005404e+00	4.795846e-01	4.979728e-01	9.624498e-03	8.636988e-02
TCGA-HT-7687-01A-11R-2256-07	5.750358e-01	7.139559e-01	1.515118e-01	4.362415e-01	1.469694e+00	1.896346e-01	1.222065e+00	2.569423e+00	5.222212e-01	8.799966e-02	5.920683e-02
TCGA-HT-7688-01A-11R-2256-07	1.342265e+00	7.863119e-01	7.878125e-02	1.854642e-01	1.242105e+00	2.061506e-01	1.199371e+00	1.371213e+00	6.432534e-01	0	9.063019e-02
TCGA-HT-7689-01A-11R-2256-07	2.800055e-01	1.081979e+00	0	4.086357e-01	1.262863e+00	7.740710e-01	1.298734e+00	9.161935e-01	3.392736e-01	0	1.539754e-01
TCGA-HT-7690-01A-11R-2256-07	6.264591e-01	7.259490e-01	3.053619e-01	9.106191e-01	1.375318e+00	2.092735e-01	1.215014e+00	7.620440e-01	4.948698e-01	0	2.048627e-01
TCGA-HT-7691-01A-11R-2256-07	0	3.045488e-01	0	1.309463e+00	7.017255e-01	2.459777e+00	1.067697e+00	1.350898e+00	6.810939e-01	4.112082e-01	2.674685e-02
TCGA-HT-7692-01A-12R-2256-07	1.721228e-01	5.287018e-01	5.526549e-02	2.344539e-01	7.712980e-01	8.005459e-01	1.596763e+00	2.190860e+00	4.730670e-01	0	9.087147e-02
TCGA-HT-7693-01A-11R-2256-07	1.107814e-01	1.841594e-01	0	9.782473e-01	1.295064e+00	5.474472e-01	1.610304e+00	9.163882e-01	8.806733e-01	0	7.968267e-02
TCGA-HT-7694-01A-11R-2256-07	1.243674e+00	1.002657e+00	0	0	1.074297e+00	9.566195e-01	1.191772e+00	1.737802e+00	6.008845e-01	0	1.155175e-01
TCGA-HT-7695-01A-11R-2256-07	1.100531e+00	8.209315e-01	7.711608e-02	0	1.526433e+00	8.305893e-01	1.064793e+00	1.819619e+00	6.017600e-01	0	2.226455e-01
TCGA-HT-7854-01A-11R-2256-07	5.706321e-01	8.799050e-01	2.149914e-02	7.183420e-01	7.637642e-01	2.132073e+00	1.141898e+00	5.323636e-01	5.247444e-01	0	1.888016e-01
TCGA-HT-7855-01A-11R-2403-07	1.373743e-01	8.421966e-02	0	4.659907e-01	1.168737e+00	1.448372e-01	1.434036e+00	8.919991e-01	4.714031e-01	0	1.860590e-01
TCGA-HT-7856-01A-11R-2403-07	1.220791e+00	1.034737e+00	4.921805e-02	5.487071e-02	1.146206e+00	8.641247e-01	1.370365e+00	1.669515e+00	5.603297e-01	0	1.681880e-01
TCGA-HT-7857-01A-11R-2403-07	2.596307e-02	7.109312e-01	1.255625e-01	2.235474e+00	1.430786e+00	8.890162e-01	1.376424e+00	1.225611e+00	1.306029e+00	4.649116e-01	2.703474e-01
TCGA-HT-7858-01A-11R-2403-07	7.969685e-02	1.067936e+00	7.505530e-02	6.005208e-01	1.221577e+00	1.665688e-01	1.307373e+00	7.990714e-01	5.406748e-01	7.744235e-03	1.241033e-01
TCGA-HT-7860-01A-11R-2403-07	3.924482e-01	2.585131e-01	2.867544e-01	8.432209e-01	1.274061e+00	2.763351e+00	1.407028e+00	7.257140e-01	4.395975e-01	5.497793e-02	0
TCGA-HT-7873-01B-11R-2403-07	7.365412e-02	9.116252e-01	1.070560e-01	5.152616e-02	1.428640e+00	8.322171e-01	1.558586e+00	5.236752e-01	4.146161e-01	0	2.263479e-01
TCGA-HT-7874-01A-11R-2403-07	1.308945e+00	9.115246e-01	0	6.293281e-02	1.333208e+00	1.103019e+00	1.210170e+00	1.712462e+00	6.506821e-01	0	1.028470e-01
TCGA-HT-7875-01A-11R-2403-07	5.963828e-01	4.764749e-01	1.528308e-01	0	1.354483e+00	9.801817e-01	1.295802e+00	2.096287e+00	4.398005e-01	0	3.875912e-01
TCGA-HT-7877-01A-11R-2403-07	7.994144e-01	8.736709e-01	7.079788e-02	3.287266e-02	1.500174e+00	9.990567e-01	1.484622e+00	1.887708e+00	5.398985e-01	0	1.766843e-01
TCGA-HT-7879-01A-11R-2403-07	1.216299e-01	8.492681e-01	8.149127e-02	2.872248e-01	1.377450e+00	5.000940e-01	1.556812e+00	7.023762e-01	3.068378e-01	0	2.907647e-01
TCGA-HT-7880-01A-11R-2403-07	1.186164e+00	1.164383e+00	4.059597e-03	5.258050e-02	9.995345e-01	1.126304e+00	1.431199e+00	1.209186e+00	3.971268e-01	0	2.082532e-01
TCGA-HT-7881-01A-11R-2403-07	1.120987e+00	1.191110e+00	0	0	1.081507e+00	1.005762e+00	1.363780e+00	1.473094e+00	5.394954e-01	0	2.183079e-01
TCGA-HT-7882-01A-11R-2403-07	0	4.194635e-01	3.128280e-01	2.392745e+00	1.087996e+00	1.202588e+00	1.343218e+00	7.090653e-01	1.830446e+00	1.013113e-01	5.981121e-01
TCGA-HT-7884-01B-11R-2403-07	4.388001e-01	1.026570e+00	1.098657e-02	0	1.481961e+00	8.069122e-01	1.710693e+00	1.024804e+00	3.106369e-01	1.332776e-02	9.373883e-02
TCGA-HT-7902-01A-12R-2403-07	5.493597e-01	1.588228e+00	7.866869e-02	1.785331e-01	1.317565e+00	1.050508e+00	1.507245e+00	7.783755e-01	3.346514e-01	2.121670e-02	2.314569e-01
TCGA-HT-8010-01A-11R-2403-07	1.001355e+00	7.828894e-01	0	1.967771e-01	1.113704e+00	1.843328e+00	1.372121e+00	1.463234e+00	5.166923e-01	0	2.084210e-01
TCGA-HT-8011-01A-11R-2403-07	5.033667e-01	4.802429e-01	7.641789e-01	6.962720e-01	1.039599e+00	1.296861e+00	1.417222e+00	8.622186e-01	8.185464e-01	0	1.479598e-01
TCGA-HT-8012-01A-11R-2403-07	4.684615e-01	6.087807e-01	0	2.402414e-01	1.347216e+00	6.314287e-01	1.610636e+00	2.440168e+00	3.710249e-01	5.422881e-02	1.141059e-01
TCGA-HT-8013-01A-11R-2403-07	9.602319e-02	8.798193e-01	1.714953e-01	7.634170e-01	1.512307e+00	4.213765e-01	1.579109e+00	5.090270e-01	4.843345e-01	7.895789e-05	1.765333e-02
TCGA-HT-8015-01B-11R-A28M-07	1.318644e+00	9.709202e-01	9.033902e-02	6.083180e-01	1.122271e+00	1.162260e+00	1.184026e+00	1.247372e+00	4.984036e-01	7.372993e-02	1.436531e-01
TCGA-HT-8018-01A-11R-2404-07	1.324943e+00	6.271053e-01	8.289191e-02	1.130762e+00	1.382245e+00	8.084083e-01	1.278601e+00	1.210489e+00	7.140166e-01	1.329433e-02	1.293218e-01
TCGA-HT-8019-01A-21R-2404-07	1.723481e+00	8.536002e-01	0	6.849961e-02	8.959384e-01	1.108751e+00	1.529743e+00	1.304863e+00	9.488131e-01	0	1.940935e-01
TCGA-HT-8104-01A-11R-2404-07	4.746180e-01	8.673728e-01	4.638768e-01	7.812748e-01	1.206114e+00	2.117158e+00	1.347452e+00	8.242745e-01	3.529177e-01	2.747745e-02	1.326025e-01
TCGA-HT-8105-01A-11R-2404-07	7.539077e-01	4.646583e-01	1.117667e-01	5.702300e-01	1.126749e+00	4.213270e-01	1.290472e+00	2.397981e+00	7.242449e-01	0	5.269763e-02
TCGA-HT-8106-01A-11R-2404-07	2.376535e-01	1.068269e+00	1.563863e-01	1.749038e+00	1.487215e+00	3.491780e-01	1.174863e+00	5.501890e-01	9.561926e-01	0	2.150957e-01
TCGA-HT-8107-01A-13R-2404-07	1.576130e+00	1.007463e+00	0	2.042144e-01	1.199397e+00	8.689479e-01	1.361461e+00	1.430800e+00	8.395766e-01	0	1.204693e-01
TCGA-HT-8108-01A-11R-2404-07	4.054661e-01	5.808351e-01	1.383559e-01	2.940991e-01	1.645151e+00	5.328594e-01	1.316122e+00	8.522393e-01	5.736205e-01	0	0
TCGA-HT-8109-01A-11R-2404-07	1.004486e+00	8.669181e-01	1.926692e-02	1.371129e-01	1.414787e+00	7.794768e-01	1.085094e+00	1.734464e+00	4.921211e-01	0	1.422290e-01
TCGA-HT-8110-01A-11R-2404-07	2.965526e-01	7.371490e-01	4.671095e-01	9.633331e-01	9.989584e-01	2.115473e+00	1.090980e+00	7.026503e-01	6.790559e-01	0	0
TCGA-HT-8111-01A-11R-2404-07	3.388740e-01	1.182306e+00	1.245065e-01	4.491194e-01	1.214485e+00	9.848658e-01	1.137908e+00	8.024890e-01	4.160129e-01	0	1.757258e-01
TCGA-HT-8113-01A-11R-2404-07	1.559489e+00	8.878951e-01	0	3.290873e-02	1.175888e+00	8.627845e-01	1.404887e+00	1.480895e+00	8.543632e-01	0	1.443533e-01
TCGA-HT-8114-01A-11R-2404-07	4.071836e-01	1.517066e-01	0	9.523714e-01	1.315051e+00	6.633550e-01	1.211767e+00	8.760690e-01	5.262295e-01	0	1.476215e-01
TCGA-HT-8558-01A-21R-2404-07	1.613941e+00	1.248573e+00	0	6.261706e-02	1.061005e+00	6.955353e-01	1.369857e+00	1.377568e+00	1.083592e+00	0	1.675404e-01
TCGA-HT-8563-01A-11R-2404-07	1.218172e-02	3.941906e-01	0	2.210368e+00	1.567914e+00	6.770262e-01	1.405419e+00	5.414763e-01	1.538647e+00	0	3.114696e-01
TCGA-HT-8564-01A-11R-2404-07	1.051356e+00	7.467027e-01	3.664765e-01	4.097625e-01	1.389593e+00	1.189851e+00	1.334081e+00	1.112670e+00	5.659878e-01	3.823549e-02	1.793194e-01
TCGA-HT-A4DS-01A-11R-A26U-07	4.057496e-01	6.991977e-01	4.752091e-01	1.062986e+00	0	1.878179e+00	1.752546e+00	4.404532e-01	4.937618e-01	1.066116e-01	0
TCGA-HT-A4DV-01A-11R-A26U-07	6.813194e-01	1.411258e+00	0	1.827305e-01	7.401543e-01	1.110387e+00	1.603415e+00	1.562416e+00	4.579841e-01	0	1.191824e-01
TCGA-HT-A5R5-01A-11R-A28M-07	7.441644e-01	4.865404e-01	0	8.292533e-01	1.073869e+00	1.598533e+00	1.371925e+00	7.405665e-01	4.107343e-01	0	1.646015e-01
TCGA-HT-A5R7-01A-11R-A28M-07	1.263974e+00	9.485539e-01	5.982903e-02	3.146928e-01	1.264367e+00	9.645960e-01	1.517477e+00	9.904814e-01	4.386544e-01	0	1.168153e-01
TCGA-HT-A5R9-01A-11R-A28M-07	4.554288e-01	2.387040e-01	3.504052e-01	4.230965e-01	1.140643e+00	2.927210e-01	1.342813e+00	2.403564e+00	9.889926e-01	0	2.723443e-01
TCGA-HT-A5RA-01A-11R-A28M-07	0	1.244789e-02	5.177372e-01	1.147916e+00	7.991856e-01	2.921005e+00	1.595217e+00	4.604145e-01	1.230452e+00	0	2.685794e-01
TCGA-HT-A5RB-01A-11R-A28M-07	9.144833e-01	6.273323e-01	1.465756e-01	0	1.398901e+00	2.919337e-01	1.376729e+00	1.005712e+00	3.684790e-01	9.196237e-03	2.331533e-01
TCGA-HT-A5RC-01A-11R-A28M-07	0	7.967339e-01	2.815243e-01	1.088852e+00	1.220950e+00	2.467397e+00	1.811306e+00	4.618122e-01	3.440249e-01	1.404192e-01	1.024570e-01
TCGA-HT-A614-01A-11R-A29R-07	4.388629e-01	1.199683e+00	2.224010e-01	1.082814e-01	1.017272e+00	7.262775e-01	1.485304e+00	6.834381e-01	2.667500e-01	0	1.522439e-01
TCGA-HT-A615-01A-11R-A29R-07	4.436618e-01	8.171307e-01	7.817051e-02	4.279949e-01	1.204711e+00	9.203445e-01	1.318822e+00	1.684313e+00	6.006113e-01	0	7.253992e-02
TCGA-HT-A616-01A-11R-A29R-07	1.313684e+00	5.153687e-01	5.811940e-02	1.961924e-01	1.209381e+00	8.613387e-01	1.327181e+00	8.677774e-01	6.417820e-01	0	1.650590e-01
TCGA-HT-A617-01A-11R-A29R-07	4.306400e-01	7.720064e-01	2.373403e-01	9.597066e-01	3.877799e-01	2.553743e+00	1.308666e+00	1.082756e+00	5.784259e-01	1.168116e-01	0
TCGA-HT-A618-01A-11R-A29R-07	5.636203e-01	7.839386e-01	1.120326e-01	9.716234e-01	1.380002e+00	8.677431e-01	1.380560e+00	4.970581e-01	4.025600e-01	3.958653e-03	1.234820e-01
TCGA-HT-A619-01A-11R-A29R-07	6.382450e-02	0	7.180833e-02	3.438617e-01	1.007559e+00	0	1.522404e+00	3.282744e+00	1.204408e+00	3.226963e-02	1.251386e-01
TCGA-HT-A61A-01A-11R-A29R-07	1.429246e+00	1.037029e+00	0	1.121560e-01	1.179047e+00	9.473076e-01	1.409963e+00	1.394143e+00	6.649225e-01	0	1.261942e-01
TCGA-HT-A61B-01A-11R-A29R-07	1.447566e-01	6.505971e-01	4.526931e-01	1.211406e+00	9.860095e-01	2.212126e-01	1.459141e+00	3.671529e-01	7.653277e-01	0	1.988536e-01
TCGA-HT-A61C-01A-11R-A29R-07	2.931002e-01	9.512718e-01	7.254386e-01	1.361425e+00	8.275621e-01	9.170829e-01	1.547332e+00	1.288380e+00	7.831503e-01	1.936174e-01	2.726013e-01
TCGA-HT-A74H-01A-11R-A32Q-07	6.137027e-01	1.202716e+00	2.594644e-01	7.373061e-01	1.485419e-01	2.126056e+00	1.314402e+00	5.137964e-01	5.170292e-01	0	3.909414e-01
TCGA-HT-A74J-01A-12R-A32Q-07	7.293216e-01	6.449223e-01	1.105375e-01	2.508046e-01	1.010974e+00	9.125472e-01	1.656774e+00	8.837337e-01	2.420435e-01	3.914901e-03	1.491525e-01
TCGA-HT-A74K-01A-11R-A32Q-07	0	1.084063e+00	1.170098e-01	1.012882e+00	9.035387e-03	6.874395e-01	1.620637e+00	2.342270e+00	6.111129e-01	5.802799e-03	2.621947e-01
TCGA-HT-A74L-01A-11R-A32Q-07	4.408469e-02	5.050895e-01	0	1.917432e-01	1.435393e+00	9.722126e-01	1.555524e+00	2.148631e+00	6.038211e-01	0	0
TCGA-HT-A74O-01A-11R-A32Q-07	0	8.853360e-01	1.487525e-01	1.112989e+00	4.290310e-01	2.534460e-01	1.645928e+00	3.102118e-01	4.509290e-01	0	3.005181e-01
TCGA-HW-7486-01A-11R-2027-07	2.686852e-01	1.423682e+00	9.815489e-02	1.614386e-01	1.070028e+00	7.822898e-01	9.846938e-01	1.876073e+00	5.675055e-01	0	1.557764e-01
TCGA-HW-7487-01A-11R-2027-07	1.062102e+00	8.654015e-01	0	4.059680e-02	1.080683e+00	7.174236e-01	1.227152e+00	1.957173e+00	5.590408e-01	0	2.410680e-02
TCGA-HW-7489-01A-11R-2027-07	1.242737e+00	7.692368e-01	1.446152e-02	2.099807e-01	1.027606e+00	6.616642e-01	1.230697e+00	1.101643e+00	4.487910e-01	0	1.278376e-01
TCGA-HW-7490-01A-11R-2027-07	3.642843e-01	2.858612e-01	0	8.131748e-01	8.115084e-01	7.027839e-01	1.104261e+00	8.070637e-01	5.505881e-01	0	2.258925e-01
TCGA-HW-7491-01A-11R-2027-07	9.330427e-02	5.196634e-01	5.938069e-02	1.261232e-01	1.478735e+00	2.883658e-01	1.002936e+00	3.152442e+00	6.559296e-01	1.890134e-03	2.423852e-01
TCGA-HW-7493-01A-11R-2027-07	1.026491e+00	3.709790e-01	4.879783e-02	6.004185e-01	1.465794e+00	1.181057e+00	7.385047e-01	8.688187e-01	7.016559e-01	0	2.388848e-01
TCGA-HW-7495-01A-11R-2027-07	8.456483e-01	1.088460e+00	1.112623e-02	0	1.356769e+00	1.090262e+00	1.396997e+00	1.780261e+00	5.288798e-01	0	2.441833e-01
TCGA-HW-8319-01A-11R-2404-07	9.493064e-01	6.869603e-01	2.142365e-01	1.167535e-01	1.823916e+00	6.846606e-01	1.429629e+00	7.395581e-01	3.095526e-01	0	1.989197e-01
TCGA-HW-8320-01A-11R-2404-07	2.913167e-01	1.744595e-01	0	4.934852e-01	1.324139e+00	1.654037e-01	1.399322e+00	7.672099e-01	4.034082e-01	0	2.572312e-01
TCGA-HW-8321-01A-11R-2404-07	4.748099e-01	7.624846e-01	2.424555e-03	5.868309e-01	1.401268e+00	1.868799e-02	1.309385e+00	1.100620e+00	3.132271e-01	0	1.588617e-01
TCGA-HW-8322-01A-11R-2404-07	2.333855e-01	7.266464e-01	2.902173e-01	1.666704e-01	1.522087e+00	2.556239e-01	1.304697e+00	2.387296e+00	6.300722e-01	0	1.289420e-01
TCGA-HW-A5KJ-01A-12R-A27Q-07	5.878717e-01	2.061759e-01	1.554748e-01	4.948106e-01	3.184947e-02	5.494084e-01	1.597972e+00	2.293186e+00	8.792669e-01	0	1.597424e-01
TCGA-HW-A5KK-01A-11R-A27Q-07	2.358510e-01	1.365281e+00	1.771207e-01	1.037326e+00	7.911518e-01	1.685047e+00	1.577069e+00	7.518808e-01	2.700441e-01	1.677962e-01	6.447223e-02
TCGA-HW-A5KL-01A-11R-A27Q-07	8.629401e-02	8.544514e-01	0	8.446321e-02	1.377819e+00	6.021495e-01	1.500113e+00	7.998886e-01	4.998682e-01	0	1.123182e-01
TCGA-HW-A5KM-01A-11R-A27Q-07	0	4.202534e-01	0	1.221123e+00	1.310867e+00	1.024793e-01	1.162480e+00	4.402133e-01	9.130097e-01	0	0
TCGA-IK-7675-01A-11R-2090-07	0	6.849372e-01	1.990522e-01	3.733093e-01	1.295011e+00	2.972154e-01	1.280323e+00	5.443373e-01	4.498490e-01	1.291012e-02	3.388380e-01
TCGA-IK-8125-01A-11R-2256-07	7.592675e-01	5.372512e-01	1.709951e-01	2.176340e-01	1.359620e+00	7.894327e-01	1.139293e+00	2.182619e+00	4.753857e-01	0	1.712640e-01
TCGA-KT-A74X-01A-11R-A32Q-07	4.005422e-02	7.325855e-01	1.221951e-01	3.035310e-01	9.669642e-01	6.862894e-01	1.320286e+00	2.817863e+00	4.984505e-01	1.133286e-01	1.397304e-01
TCGA-KT-A7W1-01A-11R-A34F-07	1.111193e-01	2.688049e-01	6.916495e-01	9.675327e-01	1.197550e+00	2.421905e+00	1.855119e+00	6.909282e-01	5.461460e-01	8.023723e-02	9.076987e-02
TCGA-P5-A5ET-01A-11R-A27Q-07	5.900328e-01	9.217687e-01	1.896979e-01	0	9.321865e-01	8.169092e-01	1.446447e+00	1.718106e+00	4.829728e-01	0	3.423452e-01
TCGA-P5-A5EU-01A-11R-A27Q-07	0	3.788294e-01	3.871303e-01	1.459190e+00	1.387791e+00	3.566029e-01	1.380958e+00	8.327110e-01	9.140378e-01	0	3.230592e-01
TCGA-P5-A5EV-01A-11R-A27Q-07	1.599051e-01	4.505583e-01	2.010454e-02	1.862716e-01	8.056844e-01	8.645352e-01	1.157801e+00	1.298721e+00	7.875855e-01	0	7.923074e-03
TCGA-P5-A5EW-01A-11R-A27Q-07	1.698200e-01	6.201190e-01	0	1.788614e-01	1.309318e+00	8.799784e-01	1.150905e+00	4.565936e-01	4.772892e-01	0	2.272177e-01
TCGA-P5-A5EX-01A-12R-A28M-07	3.292880e-02	1.863388e-01	0	1.727314e+00	4.798162e-01	2.103041e+00	1.321624e+00	1.309804e+00	1.141315e+00	0	5.679384e-01
TCGA-P5-A5EY-01A-11R-A27Q-07	1.006000e+00	6.982393e-01	3.352024e-02	3.288951e-01	7.952845e-01	2.139393e+00	9.841374e-01	1.332623e+00	4.028776e-01	2.467286e-01	1.546780e-01
TCGA-P5-A5EZ-01A-11R-A27Q-07	1.809430e-02	1.188125e+00	2.073358e-01	5.528862e-01	8.802698e-01	4.428469e-01	1.340191e+00	8.560611e-01	6.791459e-01	1.959722e-02	1.591640e-01
TCGA-P5-A5F0-01A-11R-A28M-07	1.038440e+00	5.541537e-01	1.458437e-01	0	1.305413e+00	5.977890e-01	1.450543e+00	2.247345e+00	3.791413e-01	0	2.019031e-01
TCGA-P5-A5F1-01A-11R-A28M-07	9.570764e-02	5.795590e-01	0	4.982819e-01	9.471416e-02	2.054635e+00	1.247496e+00	3.429424e-01	5.699393e-01	0	3.571584e-01
TCGA-P5-A5F2-01A-11R-A28M-07	9.171286e-01	6.898046e-01	0	2.171584e-01	8.720265e-01	1.291202e+00	1.690316e+00	8.665975e-01	3.974244e-01	0	2.487759e-01
TCGA-P5-A5F4-01A-11R-A28M-07	1.230441e+00	7.498171e-01	1.229065e-01	5.436451e-02	1.030966e+00	7.906975e-01	1.502893e+00	9.625678e-01	5.260007e-01	0	2.689676e-01
TCGA-P5-A5F6-01A-11R-A28M-07	1.780261e-01	0	2.653636e-01	1.585484e+00	0	1.301050e+00	1.168453e+00	0	6.800433e+00	0	1.867786e-01
TCGA-P5-A72U-01A-31R-A32Q-07	7.518189e-04	2.889454e-01	2.609810e-01	1.298275e+00	3.903040e-01	3.302552e+00	1.638186e+00	6.326198e-01	9.779645e-01	6.651375e-02	2.130910e-01
TCGA-P5-A72W-01A-11R-A32Q-07	5.418619e-02	6.588155e-01	4.299818e-02	4.356867e-01	1.800509e-01	5.565500e-01	1.481617e+00	5.702716e-01	2.630497e-01	0	3.521508e-01
TCGA-P5-A72X-01A-11R-A32Q-07	4.866522e-01	4.218873e-01	3.690240e-02	4.540394e-01	9.118151e-01	1.216339e+00	1.393179e+00	8.158571e-01	3.180421e-01	0	4.886154e-01
TCGA-P5-A72Z-01A-11R-A32Q-07	0	3.790265e-01	0	3.596259e-01	8.651663e-01	0	1.697442e+00	3.049398e+00	1.031516e+00	4.411717e-01	1.955228e-01
TCGA-P5-A730-01A-11R-A32Q-07	0	8.306757e-01	0	6.610269e-01	5.787253e-01	3.464371e-01	1.450587e+00	1.890314e+00	6.954690e-01	0	4.497897e-01
TCGA-P5-A731-01A-11R-A32Q-07	7.552562e-01	5.496164e-01	2.210073e-01	8.107897e-01	9.779583e-01	1.422401e+00	1.283136e+00	1.351004e+00	6.147504e-01	1.942093e-02	3.173384e-01
TCGA-P5-A733-01A-11R-A32Q-07	4.934299e-01	2.752277e-01	0	2.824107e-01	6.276777e-01	1.664727e+00	1.269498e+00	7.166582e-01	5.552152e-01	0	2.320264e-01
TCGA-P5-A735-01A-11R-A32Q-07	3.632160e-01	8.875967e-01	1.142396e-01	0	1.014316e+00	4.025336e-01	1.627742e+00	7.141419e-01	3.337160e-01	0	2.104057e-01
TCGA-P5-A736-01A-11R-A32Q-07	3.677864e-01	7.822828e-01	0	8.610396e-01	5.952707e-01	1.859524e+00	1.283569e+00	5.014464e-01	5.519212e-01	0	3.438289e-01
TCGA-P5-A737-01A-11R-A32Q-07	2.960954e-01	5.543223e-01	1.686766e-01	1.440278e-01	1.022814e+00	4.358631e-01	1.444602e+00	2.277712e+00	4.376278e-01	0	3.290838e-01
TCGA-P5-A77W-01A-11R-A32Q-07	1.407618e-01	6.263739e-01	3.702932e-02	2.686588e-01	1.054770e+00	1.891681e-02	1.346199e+00	2.816660e+00	8.319006e-01	4.706542e-02	1.678095e-01
TCGA-P5-A77X-01A-11R-A32Q-07	8.316990e-01	6.318367e-01	5.678937e-02	0	1.188490e+00	1.194024e+00	1.415291e+00	1.974717e+00	5.058755e-01	0	2.198722e-01
TCGA-P5-A780-01A-12R-A32Q-07	2.939729e-01	1.076468e+00	4.001464e-02	8.437010e-01	1.361098e+00	1.055228e-01	1.556144e+00	1.003363e+00	3.503299e-01	5.860533e-02	1.400625e-01
TCGA-P5-A781-01A-11R-A32Q-07	5.408531e-01	9.421918e-01	7.778949e-02	1.111870e-02	1.084252e+00	1.318507e+00	1.299854e+00	1.659997e+00	5.530872e-01	0	2.820976e-01
TCGA-QH-A65R-01A-21R-A31N-07	6.487205e-01	2.555357e-01	1.103172e-01	6.298905e-01	6.619127e-01	3.993342e-01	1.513044e+00	2.102111e+00	8.406403e-01	0	1.430129e-01
TCGA-QH-A65S-01A-11R-A29R-07	9.575985e-02	1.233005e+00	6.114560e-02	3.579270e-01	8.875975e-01	1.086946e+00	1.344931e+00	6.523793e-01	4.661702e-01	0	1.996834e-01
TCGA-QH-A65V-01A-11R-A29R-07	3.363389e-01	1.198891e+00	2.597669e-03	2.893500e-01	6.802160e-01	1.483552e+00	1.410306e+00	1.625606e+00	4.203441e-01	0	1.826982e-01
TCGA-QH-A65X-01A-11R-A32Q-07	1.852046e-01	3.828713e-01	1.640101e-01	9.592260e-01	2.272919e-03	4.183830e-01	1.631214e+00	2.557945e+00	9.094209e-01	0	3.612412e-01
TCGA-QH-A65Z-01A-11R-A29R-07	3.767667e-01	7.824108e-01	3.398310e-02	3.205597e-02	8.182176e-01	1.022572e+00	1.357259e+00	2.281767e+00	3.298903e-01	0	2.396367e-01
TCGA-QH-A6CS-01A-11R-A31N-07	5.056775e-02	1.315119e+00	4.363138e-02	5.144379e-01	1.202764e-01	2.897220e+00	1.211502e+00	6.881586e-01	7.612332e-01	9.266155e-02	3.351994e-02
TCGA-QH-A6CU-01A-11R-A31N-07	6.180957e-03	1.205127e+00	0	4.541396e-01	1.214343e-01	2.181421e+00	1.499355e+00	1.177251e+00	5.757017e-01	0	2.604883e-01
TCGA-QH-A6CV-01A-11R-A31N-07	0	8.895470e-01	4.947744e-01	8.998360e-01	4.165337e-01	2.374032e+00	1.715223e+00	4.803592e-01	8.070155e-01	3.607119e-02	0
TCGA-QH-A6CW-01A-11R-A32Q-07	1.293664e-01	5.220567e-01	3.916338e-02	5.855602e-01	1.066297e+00	3.302692e-01	1.695174e+00	5.914525e-01	2.761848e-01	0	2.557577e-01
TCGA-QH-A6CX-01A-11R-A32Q-07	0	1.229037e+00	4.886200e-02	9.637810e-01	3.237973e-01	2.444154e+00	1.601027e+00	6.367239e-01	4.517602e-01	1.855394e-02	1.955689e-01
TCGA-QH-A6CY-01A-11R-A32Q-07	9.552317e-01	1.008932e+00	4.162942e-02	2.904732e-02	1.019668e+00	8.434738e-01	1.208360e+00	1.791998e+00	4.859019e-01	0	1.310865e-01
TCGA-QH-A6CZ-01A-11R-A32Q-07	8.561887e-01	5.299398e-01	7.483868e-02	0	1.157023e+00	4.596204e-01	1.284729e+00	2.308388e+00	6.784106e-01	0	8.768888e-02
TCGA-QH-A6X3-01A-21R-A32Q-07	2.674824e-01	5.230174e-01	5.454064e-02	2.956042e-01	1.169077e+00	4.207191e-01	1.274307e+00	7.889841e-01	4.459492e-01	0	1.730086e-01
TCGA-QH-A6X4-01A-51R-A32Q-07	1.800559e-01	1.064430e+00	9.562370e-02	0	9.110677e-01	6.095271e-01	1.798100e+00	2.420624e+00	2.235150e-01	0	5.424560e-02
TCGA-QH-A6X5-01A-12R-A32Q-07	2.809431e-01	1.284586e+00	6.892919e-03	2.367562e-02	8.859706e-01	1.375433e+00	1.447208e+00	1.797004e+00	4.343032e-01	3.090378e-03	1.930429e-01
TCGA-QH-A6X8-01A-12R-A32Q-07	1.502366e-01	1.073986e+00	1.403464e-01	2.222887e-01	1.093189e+00	6.956416e-01	1.610020e+00	2.381360e+00	3.665620e-01	1.160471e-02	7.495413e-02
TCGA-QH-A6X9-01A-12R-A32Q-07	7.190779e-01	5.737215e-01	1.188863e-01	1.709003e-02	1.546364e+00	5.559452e-01	1.453992e+00	1.212569e+00	4.083911e-01	0	2.770728e-02
TCGA-QH-A6XA-01A-12R-A32Q-07	4.472916e-01	9.586170e-01	1.004247e-01	1.557095e-01	1.204664e+00	7.504968e-01	1.359616e+00	8.232184e-01	4.201347e-01	0	1.351761e-01
TCGA-QH-A6XC-01A-12R-A32Q-07	9.145662e-01	9.582999e-01	4.257962e-01	6.253153e-01	6.609486e-01	1.767176e+00	1.717011e+00	9.354991e-01	2.097896e-01	0	4.638547e-02
TCGA-QH-A86X-01A-11R-A36H-07	4.343556e-01	5.297436e-01	1.088829e-01	8.587814e-02	1.238460e+00	8.825111e-01	1.490654e+00	2.380914e+00	3.614127e-01	0	2.130121e-01
TCGA-QH-A870-01A-11R-A36H-07	1.457745e-01	5.028956e-01	0	3.701195e-02	8.483433e-01	1.865263e+00	1.504527e+00	6.020364e-01	4.547422e-01	0	2.061830e-01
TCGA-R8-A6MK-01A-11R-A32Q-07	3.385601e-01	7.593969e-01	4.459066e-02	5.096198e-02	9.101170e-01	1.614776e+00	1.340632e+00	1.745342e+00	3.784878e-01	0	1.887032e-01
TCGA-R8-A6ML-01A-11R-A32Q-07	3.998790e-02	6.730254e-01	0	1.398189e-01	9.512187e-01	1.011137e+00	1.379285e+00	2.755933e+00	3.661744e-01	1.247244e-03	2.157248e-01
TCGA-R8-A6MO-01A-11R-A33Z-07	0	1.170733e+00	0	4.426783e-01	9.316552e-01	6.962293e-01	1.679311e+00	2.348719e+00	4.554676e-01	1.651420e-03	0
TCGA-R8-A6YH-01A-21R-A32Q-07	1.312948e-02	2.537636e-01	6.296869e-03	2.971054e-01	1.092897e+00	3.588412e-04	1.727660e+00	8.733713e-01	5.360371e-01	8.690798e-03	1.790957e-01
TCGA-R8-A73M-01A-11R-A32Q-07	4.373093e-01	4.172321e-01	7.167415e-02	1.262437e-01	4.500772e-01	7.337393e-01	1.645353e+00	2.528010e+00	5.954715e-01	0	2.323734e-01
TCGA-RY-A83X-01A-11R-A36H-07	2.750386e-02	9.977482e-01	0	0	1.185660e+00	1.031301e+00	1.634312e+00	2.139861e+00	3.777449e-01	0	2.218966e-01
TCGA-RY-A83Y-01A-11R-A36H-07	1.676323e-01	6.241204e-01	4.150351e-02	4.779339e-01	5.236059e-01	8.018987e-01	1.610779e+00	2.515297e+00	4.788438e-01	0	8.106743e-02
TCGA-RY-A83Z-01A-11R-A36H-07	3.789139e-01	6.379295e-01	4.525117e-01	6.255777e-01	4.086176e-01	5.087284e-01	1.723647e+00	4.046664e-01	6.033663e-01	0	1.192657e-01
TCGA-RY-A840-01A-11R-A36H-07	2.281301e-02	0	0	1.695043e-01	4.864606e-01	7.985588e-01	1.421653e+00	2.616585e+00	7.421600e-01	0	3.331477e-01
TCGA-RY-A843-01A-11R-A36H-07	7.920370e-01	6.158590e-01	1.046599e-01	2.064783e-01	1.226564e+00	9.566276e-01	1.332666e+00	1.299982e+00	4.045068e-01	0	1.039711e-01
TCGA-RY-A845-01A-11R-A36H-07	6.655993e-01	5.617411e-01	1.037768e-01	1.096923e-01	1.403578e+00	7.634537e-01	1.501409e+00	8.919298e-01	4.128969e-01	0	7.437885e-02
TCGA-RY-A847-01A-11R-A36H-07	7.972760e-01	7.119968e-01	9.161448e-02	2.892954e-01	1.077050e+00	7.334746e-01	1.264798e+00	1.795874e+00	5.761869e-01	0	1.169308e-01
TCGA-S9-A6TS-01A-12R-A33Z-07	7.474359e-01	5.937540e-01	5.879359e-02	5.275264e-01	1.022683e+00	6.709235e-01	1.571177e+00	7.427943e-01	3.836450e-01	0	1.982599e-01
TCGA-S9-A6TU-01A-12R-A32Q-07	8.854136e-02	1.006250e+00	0	6.013536e-01	8.585511e-01	0	1.703109e+00	5.860381e-01	4.512759e-01	0	1.887404e-01
TCGA-S9-A6TV-01A-12R-A34R-07	0	4.910128e-02	2.975141e-02	1.769887e+00	1.185468e+00	5.221086e-01	1.683227e+00	5.278675e-01	8.273242e-01	0	4.538820e-01
TCGA-S9-A6TW-01A-12R-A32Q-07	1.869885e-01	4.050456e-01	6.051185e-02	7.615348e-01	6.353621e-01	6.255672e-01	1.322987e+00	2.647945e+00	7.192801e-01	5.306764e-02	2.459233e-01
TCGA-S9-A6TX-01A-21R-A32Q-07	4.041104e-02	1.012502e+00	2.235148e-02	2.849070e-01	7.747545e-01	7.119284e-01	1.608669e+00	2.552379e+00	3.856476e-01	0	2.092269e-01
TCGA-S9-A6TY-01A-12R-A32Q-07	7.524978e-01	7.035226e-01	1.631296e-01	0	1.050840e+00	3.505431e-01	1.413266e+00	2.270133e+00	5.163663e-01	0	2.013824e-01
TCGA-S9-A6TZ-01A-21R-A32Q-07	3.186200e-01	4.664492e-01	0	5.354928e-01	1.291065e+00	1.049286e+00	1.482502e+00	1.354590e+00	5.232870e-01	1.093361e-02	1.389102e-01
TCGA-S9-A6U0-01A-12R-A32Q-07	0	6.056811e-01	4.424047e-01	1.485550e+00	7.715339e-01	1.918211e+00	1.389227e+00	7.380660e-01	9.251106e-01	4.084216e-02	2.544310e-01
TCGA-S9-A6U1-01A-21R-A33Z-07	1.795779e-01	9.742368e-01	1.620984e-01	2.056568e-01	1.376352e+00	4.354295e-01	1.451227e+00	5.805509e-01	5.613875e-01	0	2.645748e-01
TCGA-S9-A6U2-01A-21R-A33Z-07	2.555687e-01	4.057966e-01	0	3.070937e-01	1.411228e+00	1.358931e+00	1.273371e+00	2.020944e+00	5.046517e-01	3.644107e-02	2.846610e-01
TCGA-S9-A6U5-01A-12R-A33Z-07	1.925872e-01	5.762961e-01	4.361055e-02	4.876106e-01	9.888976e-01	1.279558e+00	1.308619e+00	2.180718e+00	3.698393e-01	4.931380e-02	2.455725e-01
TCGA-S9-A6U6-01A-12R-A33Z-07	8.171756e-01	5.196578e-01	1.034890e-01	2.011888e-01	1.091932e+00	6.103499e-01	1.479200e+00	9.545580e-01	3.483825e-01	0	4.794123e-02
TCGA-S9-A6U8-01A-21R-A33Z-07	3.178252e-01	1.113727e+00	9.354109e-02	2.883674e-01	1.153571e+00	6.812189e-01	1.395880e+00	7.110172e-01	4.372545e-01	0	1.713531e-01
TCGA-S9-A6U9-01A-11R-A32Q-07	1.438972e-01	9.117732e-01	0	7.999827e-01	6.637473e-01	1.088741e+00	1.556017e+00	4.577462e-01	6.097069e-01	0	1.788423e-01
TCGA-S9-A6UA-01A-12R-A33Z-07	3.764537e-02	6.938435e-01	2.541585e-01	1.945862e+00	1.340412e+00	7.252228e-01	1.376843e+00	1.400757e+00	8.620815e-01	5.180147e-01	3.029916e-01
TCGA-S9-A6UB-01A-21R-A33Z-07	9.927797e-02	8.796725e-01	1.268006e-01	0	1.070504e+00	3.586688e-01	1.445629e+00	2.698237e+00	4.353604e-01	0	1.515818e-01
TCGA-S9-A6WD-01A-12R-A33Z-07	3.471209e-01	8.676768e-01	5.080050e-02	7.698873e-02	7.454619e-01	8.061111e-01	1.295804e+00	2.153062e+00	4.757759e-01	0	2.482111e-01
TCGA-S9-A6WE-01A-12R-A33Z-07	3.147932e-01	6.678763e-01	0	2.333305e-01	1.132445e+00	5.540344e-01	1.237460e+00	2.435839e+00	5.772092e-01	5.131119e-02	1.127818e-01
TCGA-S9-A6WG-01A-11R-A33Z-07	5.151331e-01	4.995253e-01	3.242589e-01	1.265599e+00	9.296041e-01	6.770160e-01	1.433463e+00	6.982171e-01	7.956605e-01	0	3.979306e-01
TCGA-S9-A6WH-01A-12R-A33Z-07	4.373776e-01	3.992255e-01	0	3.227804e-01	1.035991e+00	2.505518e-01	1.579646e+00	2.779959e+00	6.805759e-01	6.170305e-02	8.536616e-02
TCGA-S9-A6WI-01A-21R-A33Z-07	1.561071e+00	1.099900e+00	0	2.120678e-01	8.769410e-01	6.146439e-01	1.478386e+00	1.384463e+00	9.134571e-01	0	1.718217e-01
TCGA-S9-A6WL-01A-21R-A33Z-07	9.034361e-01	3.561607e-01	1.596145e-01	6.150049e-01	1.259112e+00	6.163398e-01	1.326426e+00	2.231457e+00	5.646109e-01	0	3.226954e-01
TCGA-S9-A6WM-01A-12R-A33Z-07	1.394967e-01	2.816230e-01	5.543445e-01	8.056780e-01	6.812826e-01	2.887743e+00	1.661730e+00	4.361349e-01	7.278983e-01	1.409259e-02	1.292126e-01
TCGA-S9-A6WN-01A-12R-A33Z-07	4.657671e-05	3.265546e-01	0	1.872080e+00	1.113365e+00	1.303603e+00	1.545050e+00	2.017897e+00	7.485049e-01	0	7.994287e-01
TCGA-S9-A6WO-01A-21R-A34F-07	1.746346e-01	6.210870e-01	3.779596e-02	2.664800e-01	1.244410e+00	3.902077e-01	1.416109e+00	6.801494e-01	3.814585e-01	0	9.784270e-02
TCGA-S9-A6WP-01A-12R-A34F-07	1.943145e-01	9.699045e-01	1.955782e-01	5.133429e-01	9.558947e-01	4.379053e-01	1.411371e+00	2.254942e+00	4.592158e-01	0	8.371474e-02
TCGA-S9-A6WQ-01A-12R-A34F-07	3.258624e-01	1.284760e+00	1.146521e-03	4.996027e-01	9.846110e-01	6.756513e-01	1.506152e+00	8.449437e-01	2.866949e-01	0	1.457014e-01
TCGA-S9-A7IQ-01A-21R-A34F-07	1.554056e+00	7.424232e-01	0	0	1.131861e+00	8.703414e-01	1.486595e+00	1.634499e+00	7.226119e-01	0	2.314334e-01
TCGA-S9-A7IS-01A-11R-A34F-07	4.012362e-02	1.029370e+00	5.678986e-01	8.752742e-01	1.516843e+00	0	1.587322e+00	1.388597e+00	9.669368e-01	3.376981e-01	3.486615e-01
TCGA-S9-A7IX-01A-12R-A34F-07	8.618233e-01	7.227681e-01	3.788072e-01	9.507752e-01	1.105393e+00	1.626506e+00	1.418846e+00	1.033959e+00	3.786017e-01	1.346921e-01	9.315498e-02
TCGA-S9-A7IY-01A-11R-A34F-07	2.301676e-01	8.544880e-01	0	4.183076e-01	8.117860e-01	1.491162e+00	1.378638e+00	1.798976e+00	3.687371e-01	0	1.471323e-01
TCGA-S9-A7IZ-01A-11R-A34F-07	9.003953e-01	5.099073e-01	1.820409e-02	6.748256e-01	1.288401e+00	9.717110e-01	1.533821e+00	6.792721e-01	3.112017e-01	0	1.512529e-01
TCGA-S9-A7J0-01A-11R-A34F-07	2.274331e-01	7.423147e-01	5.801337e-01	4.475559e-01	1.506250e+00	0	1.662125e+00	1.059932e+00	7.167912e-01	1.201023e-02	1.963860e-01
TCGA-S9-A7J1-01A-21R-A34R-07	1.633189e-01	9.862093e-01	0	6.639398e-02	1.274939e+00	1.184721e+00	1.380877e+00	2.371164e+00	3.146346e-01	0	1.312437e-01
TCGA-S9-A7J2-01A-11R-A34F-07	1.777415e-01	3.792669e-01	5.979230e-02	2.516482e-02	1.303839e+00	6.408840e-01	1.544311e+00	2.340567e+00	4.853733e-01	5.089938e-03	4.124047e-01
TCGA-S9-A7J3-01A-21R-A34R-07	3.827336e-01	9.132947e-01	0	2.413293e-01	1.446839e+00	9.443045e-01	1.500505e+00	2.339368e+00	3.314220e-01	8.656679e-02	4.070427e-02
TCGA-S9-A7QW-01A-11R-A34F-07	4.725979e-01	6.628705e-01	2.463257e-01	0	1.071006e+00	5.243760e-01	1.602333e+00	9.156244e-01	4.653133e-01	0	1.679536e-01
TCGA-S9-A7QX-01A-11R-A34F-07	1.330528e-01	7.286903e-01	6.472154e-02	4.016633e-01	1.141779e+00	3.974506e-01	1.514881e+00	6.721213e-01	5.143381e-01	0	6.931136e-02
TCGA-S9-A7QY-01A-11R-A34F-07	5.118080e-01	1.108243e+00	3.643624e-02	6.021879e-02	8.979385e-01	9.433010e-01	1.689448e+00	1.832870e+00	3.526057e-01	0	2.406154e-01
TCGA-S9-A7QZ-01A-12R-A34R-07	6.902928e-01	6.899342e-01	1.265776e-01	1.110748e-02	1.162114e+00	5.498319e-01	1.583246e+00	2.369191e+00	4.645254e-01	6.296349e-02	1.902623e-01
TCGA-S9-A7R1-01A-12R-A34R-07	8.094618e-01	1.635828e-01	3.079713e-02	2.723480e-01	7.511687e-01	7.814988e-01	1.320550e+00	2.055419e+00	5.735113e-01	0	1.445403e-01
TCGA-S9-A7R2-01A-21R-A34R-07	3.965768e-01	1.306851e+00	2.652169e-01	8.152120e-01	5.485713e-01	1.810033e+00	1.377765e+00	5.116301e-01	5.779571e-01	5.093287e-02	1.698991e-01
TCGA-S9-A7R3-01A-11R-A34R-07	1.351410e-01	8.091171e-01	0	5.092266e-01	8.451950e-01	1.331766e+00	1.535794e+00	6.828019e-01	6.006255e-01	5.900830e-04	1.637111e-01
TCGA-S9-A7R4-01A-12R-A34R-07	3.766078e-01	4.922320e-01	5.957485e-02	8.212806e-01	1.382299e+00	7.654317e-02	1.313190e+00	1.092928e+00	4.696165e-01	0	1.379160e-01
TCGA-S9-A7R7-01A-11R-A34R-07	6.449944e-02	6.842303e-01	0	1.719899e+00	1.327403e+00	8.846112e-01	1.424815e+00	4.974910e-01	7.146622e-01	0	5.443063e-01
TCGA-S9-A7R8-01A-11R-A34R-07	0	9.501385e-01	5.951861e-03	6.112366e-01	1.449414e+00	0	1.855628e+00	1.255359e+00	4.729427e-01	4.655205e-02	0
TCGA-S9-A89V-01A-11R-A36H-07	4.596210e-01	7.139974e-01	0	7.076754e-01	1.585852e+00	9.305871e-01	1.472671e+00	1.584946e+00	1.973424e-01	5.501265e-01	5.160646e-02
TCGA-S9-A89Z-01A-11R-A36H-07	0	8.143637e-01	2.259536e-01	1.433327e+00	1.205723e+00	0	1.520661e+00	6.986984e-01	5.989023e-01	0	3.263004e-01
TCGA-TM-A7C3-01A-11R-A32Q-07	3.832197e-01	2.602775e-01	5.381402e-01	6.171906e-01	7.602028e-01	2.567869e+00	1.905149e+00	5.899265e-01	7.443170e-01	0	1.143135e-01
TCGA-TM-A7C4-01A-11R-A32Q-07	1.244015e+00	4.561738e-01	1.089800e-01	5.820599e-02	1.407123e+00	9.885439e-01	1.367058e+00	1.023984e+00	4.552691e-01	0	2.190750e-01
TCGA-TM-A7C5-01A-11R-A32Q-07	3.936863e-01	2.682401e-01	1.589313e-01	3.118445e-01	1.045234e+00	0	1.186291e+00	2.824675e+00	6.919426e-01	1.874608e-02	1.473643e-01
TCGA-TM-A7CA-01A-21R-A33Z-07	6.666971e-01	7.655875e-01	1.592188e-01	0	1.396977e+00	8.829542e-02	1.461775e+00	1.021902e+00	3.122644e-01	0	9.990854e-02
TCGA-TM-A7CF-01A-11R-A32Q-07	1.152915e+00	6.385194e-01	2.403932e-02	0	1.284950e+00	7.206825e-01	1.548251e+00	9.957689e-01	3.886500e-01	0	2.048708e-01
TCGA-TM-A7CF-02A-11R-A32Q-07	3.551827e-01	1.496265e+00	0	0	8.395222e-01	8.337562e-01	1.836678e+00	7.065732e-01	3.093908e-01	0	2.084207e-01
TCGA-TM-A84B-01A-11R-A36H-07	1.780361e-01	8.261610e-02	5.681946e-01	2.042335e-01	7.784956e-01	2.683099e+00	1.323863e+00	1.328789e+00	6.732106e-01	0	1.779594e-02
TCGA-TM-A84C-01A-11R-A36H-07	1.486225e-01	3.526034e-01	7.607693e-02	1.611554e+00	1.341127e+00	1.425867e+00	1.579296e+00	1.018268e+00	4.482015e-01	1.441530e-01	6.232259e-01
TCGA-TM-A84F-01A-11R-A36H-07	3.859456e-01	8.916686e-01	1.459189e-01	7.981019e-01	8.230902e-01	1.085927e+00	1.419326e+00	9.089498e-01	3.090793e-01	0	1.592787e-01
TCGA-TM-A84G-01A-11R-A36H-07	1.840398e-01	2.458993e-01	0	6.817292e-02	1.239136e+00	6.411131e-01	1.475232e+00	2.954250e+00	5.749162e-01	7.377555e-02	2.583659e-01
TCGA-TM-A84H-01A-11R-A36H-07	4.794613e-01	3.407545e-01	0	1.864622e-01	1.535221e+00	6.002422e-01	1.809794e+00	9.656046e-01	1.779897e-01	0	2.195986e-01
TCGA-TM-A84I-01A-11R-A36H-07	0	4.265259e-01	4.231361e-01	6.901957e-01	1.495158e+00	0	1.550364e+00	3.972807e-01	3.733888e-01	4.050167e-02	1.155038e-01
TCGA-TM-A84J-01A-11R-A36H-07	3.645999e-01	3.025326e-01	5.636398e-01	8.495627e-01	1.766288e+00	0	1.463174e+00	2.031083e+00	6.963089e-01	3.269581e-01	5.209603e-01
TCGA-TM-A84L-01A-11R-A36H-07	2.914513e-01	9.408616e-01	1.584255e-02	4.376048e-01	1.052511e+00	8.053777e-01	1.511927e+00	6.229275e-01	2.594051e-01	0	2.651625e-01
TCGA-TM-A84M-01A-11R-A36H-07	2.504627e-01	1.020517e-01	1.781344e-01	1.918751e-01	1.339301e+00	0	1.564865e+00	2.984297e+00	3.880985e-01	0	4.085867e-01
TCGA-TM-A84O-01A-11R-A36H-07	4.683372e-01	7.499671e-01	1.073675e-01	5.000993e-01	1.231329e+00	1.072369e+00	1.447079e+00	1.924353e+00	3.509736e-01	2.183186e-01	4.684426e-01
TCGA-TM-A84Q-01A-11R-A36H-07	9.938623e-02	6.940685e-01	4.501236e-02	9.029403e-01	1.235972e+00	0	1.457305e+00	9.874741e-01	3.369103e-01	0	5.801908e-02
TCGA-TM-A84R-01A-21R-A36H-07	1.489399e+00	8.390341e-01	0	6.970329e-02	1.041420e+00	7.661281e-01	1.293899e+00	1.576167e+00	7.772851e-01	0	2.509192e-01
TCGA-TM-A84S-01A-11R-A36H-07	1.792755e-01	7.762847e-01	1.400593e-01	1.978929e-01	8.987668e-01	1.414077e+00	1.210137e+00	1.797365e+00	4.213517e-01	0	3.256724e-01
TCGA-TM-A84T-01A-11R-A36H-07	6.650519e-04	8.394025e-01	4.910661e-02	1.570288e-01	1.226502e+00	2.054392e-01	1.447316e+00	7.503365e-01	4.841508e-01	0	1.891365e-01
TCGA-TQ-A7RF-01A-11R-A33Z-07	3.737158e-01	5.593406e-02	0	6.884260e-01	6.117270e-01	1.019944e+00	1.766370e+00	5.693051e-01	6.036006e-01	0	2.425042e-01
TCGA-TQ-A7RG-01A-11R-A33Z-07	1.001520e-01	7.484923e-01	3.279716e-02	2.146769e-01	1.291165e+00	9.074072e-01	1.388354e+00	2.319328e+00	4.498276e-01	0	1.453250e-01
TCGA-TQ-A7RH-01A-12R-A34F-07	3.701618e-01	7.534426e-01	2.165407e-01	4.813969e-01	1.293567e+00	4.028429e-01	1.583946e+00	1.016685e+00	4.552584e-01	0	8.256112e-02
TCGA-TQ-A7RI-01A-11R-A33Z-07	2.216050e-01	9.221433e-01	3.622872e-03	1.289400e-01	1.488565e+00	1.120578e+00	1.640445e+00	2.210367e+00	3.005788e-01	1.426785e-02	1.081792e-01
TCGA-TQ-A7RJ-01A-11R-A33Z-07	5.686566e-01	4.962046e-01	3.319825e-02	3.126284e-01	1.286297e+00	1.067023e+00	1.607798e+00	6.374769e-01	4.227314e-01	0	1.030369e-01
TCGA-TQ-A7RK-01A-11R-A33Z-07	1.565903e-02	6.761499e-01	8.793833e-02	2.234557e-01	9.105141e-01	1.827980e-01	1.694144e+00	5.908081e-01	4.622977e-01	0	3.192984e-01
TCGA-TQ-A7RK-02B-11R-A40A-07	4.223550e-02	9.768085e-01	1.770493e-01	2.650881e-01	1.412663e+00	0	1.600633e+00	6.270165e-01	4.297777e-01	0	3.141419e-01
TCGA-TQ-A7RM-01A-11R-A33Z-07	0	2.251714e-01	3.981200e-01	2.409532e-01	1.467603e+00	0	1.605351e+00	8.928660e-01	7.408596e-01	9.166922e-02	2.406405e-01
TCGA-TQ-A7RN-01A-11R-A33Z-07	2.777622e-01	5.535138e-01	1.198891e-01	6.518075e-02	1.154855e+00	7.802677e-01	1.399470e+00	2.086191e+00	4.757095e-01	0	3.488204e-01
TCGA-TQ-A7RO-01A-11R-A33Z-07	5.392990e-01	3.150374e-01	5.193785e-02	2.008085e-01	1.528467e+00	9.680394e-01	1.412769e+00	2.244633e+00	4.295913e-01	0	2.463358e-01
TCGA-TQ-A7RP-01A-21R-A34F-07	3.127995e-01	1.092584e+00	0	5.102534e-01	1.933913e-01	2.797182e+00	1.450718e+00	7.495345e-01	4.654935e-01	0	1.024721e-01
TCGA-TQ-A7RQ-01A-11R-A33Z-07	7.115908e-01	3.269117e-01	0	3.213849e-02	1.445260e+00	4.662727e-01	1.738579e+00	2.640880e+00	4.094417e-01	4.268531e-02	1.647512e-01
TCGA-TQ-A7RR-01A-21R-A34F-07	5.737669e-01	1.228814e+00	7.664619e-02	2.534058e-01	1.243487e+00	6.603180e-01	1.579481e+00	5.768492e-01	1.699707e-01	0	2.205854e-01
TCGA-TQ-A7RS-01A-12R-A33Z-07	0	9.183173e-01	0	0	9.911922e-01	9.128955e-01	1.795536e+00	2.369626e+00	3.746767e-01	4.513605e-02	1.651051e-01
TCGA-TQ-A7RU-01A-21R-A34F-07	6.269496e-02	5.273931e-01	6.685563e-02	1.240360e-01	1.055220e+00	4.827748e-01	1.496061e+00	2.865812e+00	5.615518e-01	2.051695e-02	3.386124e-01
TCGA-TQ-A7RV-01A-21R-A34F-07	5.853827e-01	8.248896e-01	8.678012e-02	1.134780e-02	1.191354e+00	5.266213e-01	1.552659e+00	8.772702e-01	3.148640e-01	0	2.008537e-01
TCGA-TQ-A7RV-02A-11R-A36H-07	8.282763e-01	7.615471e-01	0	4.568681e-01	1.123928e+00	1.233381e+00	1.292403e+00	7.165478e-01	3.504267e-01	0	2.884602e-01
TCGA-TQ-A7RW-01A-11R-A33Z-07	6.201388e-02	6.987385e-01	4.308368e-02	6.709684e-01	1.379722e+00	3.315431e-01	1.483056e+00	9.450868e-01	5.417794e-01	0	4.284162e-02
TCGA-TQ-A8XE-01A-11R-A36H-07	1.365399e-01	6.063592e-01	0	4.001385e-01	1.076291e+00	2.661498e-01	1.715745e+00	1.108376e+00	6.125530e-01	1.393133e-01	8.203969e-02
TCGA-TQ-A8XE-02A-11R-A36H-07	0	9.454904e-01	0	7.961310e-01	1.292436e+00	4.747668e-01	1.512496e+00	1.189815e+00	5.856576e-01	1.085202e-01	7.229062e-02
TCGA-VM-A8C8-01A-11R-A36H-07	2.111389e-01	7.707974e-01	0	3.314615e-01	8.507299e-01	1.044534e+00	1.602248e+00	6.911565e-01	4.578709e-01	0	1.234518e-01
TCGA-VM-A8C9-01A-11R-A36H-07	7.025974e-02	1.028866e+00	0	1.681345e+00	0	1.700306e+00	1.400774e+00	1.132662e+00	7.040566e-01	3.623613e-01	2.759169e-01
TCGA-VM-A8CA-01A-11R-A36H-07	8.357298e-01	5.128972e-01	0	7.928635e-01	5.752456e-02	1.668671e+00	1.338180e+00	1.445070e+00	6.477276e-01	0	1.858961e-01
TCGA-VM-A8CB-01A-11R-A36H-07	3.713537e-01	2.594449e-01	0	3.072592e-01	3.682131e-01	1.729668e-01	1.709257e+00	2.668926e+00	7.790534e-01	0	1.271081e-02
TCGA-VM-A8CD-01A-11R-A36H-07	3.315285e-01	6.327643e-01	2.564406e-01	1.063218e+00	7.696180e-01	2.459001e+00	1.370613e+00	1.010894e+00	4.535911e-01	1.211128e-01	0
TCGA-VM-A8CE-01A-11R-A36H-07	7.052162e-02	1.132425e+00	5.676458e-02	1.489182e-01	1.124516e+00	9.616660e-01	1.480115e+00	1.988821e+00	2.997325e-01	0	3.525846e-01
TCGA-VM-A8CF-01A-11R-A36H-07	0	1.007055e+00	0	9.515520e-01	0	1.923537e+00	1.738814e+00	3.222463e-02	7.699512e-01	0	2.360523e-01
TCGA-VM-A8CH-01A-12R-A36H-07	3.358188e-02	7.494881e-01	0	6.170019e-01	1.246706e+00	5.038088e-01	1.551386e+00	7.391495e-01	3.922253e-01	0	1.787382e-01
TCGA-VV-A829-01A-21R-A36H-07	0	0	0	9.722638e-01	8.833414e-01	0	1.418480e+00	2.547396e+00	8.519988e-01	0	1.461929e-01
TCGA-VV-A86M-01A-11R-A36H-07	0	3.459926e-02	1.336841e-02	8.095205e-01	1.140145e+00	0	1.694295e+00	5.197406e-01	9.760403e-01	0	0
TCGA-VW-A7QS-01A-12R-A33Z-07	8.869739e-02	0	0	8.507767e-01	7.541736e-01	6.367955e-01	1.845489e+00	2.826103e+00	9.242666e-01	0	4.189277e-01
TCGA-VW-A8FI-01A-11R-A36H-07	4.510019e-02	9.045167e-01	6.169636e-01	7.504446e-01	5.361323e-01	2.012118e+00	1.957696e+00	5.170310e-01	1.746184e-01	0	0
TCGA-W9-A837-01A-11R-A36H-07	9.195137e-01	6.012481e-01	3.653914e-02	0	1.189980e+00	9.385263e-01	1.307623e+00	1.899229e+00	4.713515e-01	0	2.160408e-01
TCGA-WH-A86K-01A-11R-A36H-07	1.036372e-01	5.389834e-01	0	3.447358e-01	5.075098e-01	9.808180e-01	1.460412e+00	4.692084e-01	4.156537e-01	0	3.038210e-01
TCGA-WY-A858-01A-11R-A36H-07	0	1.063489e+00	0	9.664539e-01	6.993867e-01	7.603492e-01	1.659261e+00	5.720632e-01	7.014501e-01	1.278585e-03	1.616375e-01
TCGA-WY-A859-01A-12R-A36H-07	1.373646e+00	7.955556e-01	1.018193e-01	2.595286e-02	1.088978e+00	6.021509e-01	1.625281e+00	9.598723e-01	5.215250e-01	0	2.133087e-01
TCGA-WY-A85A-01A-21R-A36H-07	4.959131e-01	6.578661e-01	1.154095e-01	0	1.143865e+00	7.143588e-01	1.349851e+00	8.424071e-01	3.731039e-01	0	1.108574e-01
TCGA-WY-A85B-01A-11R-A36H-07	0	6.408137e-01	9.516919e-02	5.792390e-01	1.190189e+00	0	1.448581e+00	4.747839e-01	6.651955e-01	0	1.438390e-01
TCGA-WY-A85C-01A-11R-A36H-07	2.386276e-01	3.215956e-01	4.682096e-02	6.383988e-01	9.743839e-01	1.996418e-01	1.620949e+00	1.082452e+00	4.189701e-01	0	9.833106e-02
TCGA-WY-A85D-01A-11R-A36H-07	1.556538e-02	8.026448e-01	0	3.158739e-01	5.587256e-01	1.065466e+00	1.617268e+00	3.069776e-01	4.361999e-01	0	2.145407e-01
TCGA-WY-A85E-01A-11R-A36H-07	7.805505e-01	5.114149e-01	2.488625e-01	2.698289e-01	1.468634e+00	3.263385e-01	1.482273e+00	1.126977e+00	2.916086e-01	0	1.535832e-01
