sampleID	D15.15_GNF2-BUB1	D17.11_REACTOME-TRANSLOCATION-OF-ZAP-70-TO-IMMUNOLOGICAL-SYNAPSE	D12.10_AIGNER-ZEB1-TARGETS	D8.3_BOYAULT-LIVER-CANCER-SUBCLASS-G56-UP	D10.8_chr11q11	D19.17_MODULE-78	D14.1_REACTOME-RECYCLING-OF-BILE-ACIDS-AND-SALTS	D19.16_CHIANG-LIVER-CANCER-SUBCLASS-POLYSOMY7-UP	D17.9_REACTOME-BETA-DEFENSINS	D19.5_THUM-MIR21-TARGETS-HEART-DISEASE-UP	D17.12_REACTOME-BETA-DEFENSINS	D14.4_MIPS-UTX-MLL2-3-COMPLEX	D14.7_RUNNE-GENDER-EFFECT-UP	D17.17_LY-AGING-MIDDLE-DN
TCGA-2V-A95S-01A-11R-A37K-07	0	6.942234e-01	1.676381e-01	7.672385e-01	0	0	0	0	2.236344e-01	0	0	1.196066e+00	5.896843e-01	5.228410e-02
TCGA-2Y-A9GS-01A-12R-A38B-07	2.844064e-01	1.483146e-01	2.963799e-01	1.354550e+00	0	0	1.790385e+00	2.823469e-01	0	4.542830e-01	0	9.677802e-01	9.145114e-01	0
TCGA-2Y-A9GT-01A-11R-A38B-07	0	5.198345e-01	0	3.720832e-01	7.906514e-01	1.111783e-01	3.542903e+00	3.078965e-01	0	3.189739e-01	2.362775e-02	1.503206e+00	8.769677e-01	0
TCGA-2Y-A9GU-01A-11R-A38B-07	0	0	0	5.305235e-02	0	7.128114e-01	9.028972e-01	5.860822e-01	4.089885e-01	0	0	1.719319e+00	1.677533e-01	1.456044e-01
TCGA-2Y-A9GV-01A-11R-A38B-07	0	2.389305e-01	0	2.164978e-01	8.589151e-01	0	2.990885e+00	7.780210e-01	0	1.548541e-02	3.929665e-01	1.724126e+00	4.576063e-01	0
TCGA-2Y-A9GW-01A-11R-A38B-07	0	3.824721e-01	1.181858e-01	9.736269e-01	3.466008e-02	0	1.941365e+00	8.199288e-02	1.657072e-02	6.793396e-01	3.531679e-01	8.042330e-01	9.226668e-01	0
TCGA-2Y-A9GX-01A-11R-A38B-07	0	3.324508e-01	1.831951e-01	6.914100e-01	1.015372e+00	4.588124e-02	2.068564e+00	2.895380e-02	0	8.647355e-01	1.071463e-01	1.208146e+00	7.374707e-01	0
TCGA-2Y-A9GY-01A-11R-A38B-07	3.308058e-01	3.172246e-01	1.262572e-01	6.180775e-01	5.450907e-01	3.470197e-02	0	0	8.172366e-01	0	0	1.199886e+00	1.447850e+00	1.152199e-01
TCGA-2Y-A9GZ-01A-11R-A39D-07	1.882676e-01	9.552704e-03	0	6.786241e-01	6.951005e-01	1.995564e-01	3.219527e+00	3.987323e-01	0	0	0	1.430224e+00	1.126405e+00	0
TCGA-2Y-A9H0-01A-11R-A38B-07	3.618730e-01	3.738517e-01	0	3.069722e-01	0	1.289711e-03	2.066516e+00	2.214080e-01	3.178912e-01	0	0	1.272215e+00	1.529987e+00	3.664770e-01
TCGA-2Y-A9H1-01A-11R-A38B-07	0	3.229388e-01	2.856937e-02	1.982780e+00	2.141939e-01	0	2.101942e+00	0	0	0	9.848790e-02	4.097854e-02	1.014640e+00	0
TCGA-2Y-A9H2-01A-12R-A38B-07	0	2.770071e-01	1.328860e+00	9.837585e-02	3.843629e-01	3.562418e-02	1.893151e+00	1.837885e-02	0	4.649775e-01	1.274792e-01	9.506772e-01	6.176156e-01	0
TCGA-2Y-A9H3-01A-11R-A38B-07	0	3.188828e-01	0	2.733677e-01	0	6.060743e-01	1.793908e-01	9.312908e-02	7.268421e-01	4.898216e-01	0	6.832015e-01	5.861969e-01	2.016576e-01
TCGA-2Y-A9H4-01A-11R-A38B-07	1.044412e-01	2.604628e-01	0	9.982433e-01	3.336584e-02	1.489132e-01	3.279498e+00	8.025315e-02	0	7.017204e-02	0	7.832855e-01	1.635382e+00	7.122417e-02
TCGA-2Y-A9H5-01A-11R-A38B-07	0	9.730787e-02	5.051106e-01	9.050454e-03	2.728229e-01	5.549125e-03	1.015888e+00	1.856886e-01	7.575836e-01	8.715982e-01	0	1.194022e+00	3.260233e-01	0
TCGA-2Y-A9H6-01A-11R-A39D-07	0	2.061087e-01	6.763856e-03	5.680194e-01	0	5.427068e-01	1.148453e+00	7.034667e-02	3.646176e-01	8.468912e-01	0	1.013231e+00	2.886894e-01	2.660511e-02
TCGA-2Y-A9H7-01A-11R-A39D-07	0	1.344400e-01	0	6.478910e-01	6.217696e-01	0	5.088552e-01	0	1.387861e+00	0	0	1.596428e+00	1.001190e+00	0
TCGA-2Y-A9H8-01A-11R-A39D-07	5.148036e-03	3.379477e-01	0	0	0	3.132639e-01	8.689300e-01	5.451278e-01	9.586520e-01	1.164931e-01	0	1.427350e+00	2.689709e-01	2.544652e-01
TCGA-2Y-A9H9-01A-21R-A39D-07	0	2.394357e-01	0	8.912853e-01	1.379178e-02	4.737532e-01	2.966026e+00	5.906870e-02	0	0	0	1.252945e+00	1.324842e+00	0
TCGA-2Y-A9HA-01A-11R-A39D-07	4.644836e-01	7.868834e-02	1.075544e-01	3.179801e+00	0	2.842500e-02	1.094569e+00	3.179850e-01	4.030440e-01	6.627616e-02	0	7.555448e-01	1.088828e+00	0
TCGA-2Y-A9HB-01A-11R-A39D-07	0	4.190031e-01	0	1.377169e+00	5.105717e-02	4.700307e-01	2.063262e+00	2.004836e-02	0	3.289713e-01	0	1.050115e+00	6.563673e-01	0
TCGA-3K-AAZ8-01A-12R-A39D-07	0	3.116304e-01	0	2.132520e+00	0	1.989755e-01	1.828872e+00	0	0	3.539209e-02	0	8.711244e-01	6.111602e-01	0
TCGA-4R-AA8I-01A-11R-A38B-07	2.897940e-01	2.751974e-01	2.490329e-02	1.972924e+00	2.364516e-01	2.691750e-01	2.082990e+00	2.563763e-01	0	1.263518e-01	1.635969e-01	1.038466e+00	9.515388e-01	1.718600e-02
TCGA-5C-A9VG-01A-11R-A37K-07	0	0	0	2.071893e+00	8.388815e-02	9.137750e-01	0	0	1.115296e+00	5.170421e-01	0	1.027691e+00	1.768393e+00	0
TCGA-5C-A9VH-01A-11R-A37K-07	0	3.378826e-02	3.524820e-01	6.333975e-01	0	1.107198e-01	1.042644e+00	0	5.428973e-01	9.042463e-01	7.866881e-02	7.674154e-01	8.329607e-01	1.514967e-02
TCGA-5C-AAPD-01A-21R-A39D-07	3.844167e-01	5.066181e-01	1.807322e-01	2.860939e-01	0	1.785828e-01	1.719973e+00	1.307531e-01	1.296520e-01	4.897186e-01	5.521206e-02	6.714191e-01	1.115197e+00	3.348800e-01
TCGA-5R-AA1C-01A-11R-A41C-07	0	2.038468e-01	0	5.160279e+00	0	0	9.319326e-01	0	0	0	0	7.317435e-01	1.180245e+00	0
TCGA-5R-AA1D-01A-11R-A38B-07	0	0	0	9.558995e-01	7.770714e-01	7.935667e-01	7.425881e-01	0	2.075347e-01	8.255609e-01	8.812143e-01	1.141978e+00	1.329209e+00	0
TCGA-5R-AAAM-01A-12R-A41C-07	0	2.252416e-01	0	9.363045e-01	1.042193e+00	2.264419e-02	2.686817e+00	2.909523e-01	0	5.725154e-01	1.417954e-01	1.167799e+00	6.181953e-01	0
TCGA-BC-4072-01B-11R-A155-07	1.051293e-01	2.712991e-01	6.570878e-01	0	5.011050e-01	4.765261e-01	4.331085e-01	0	3.760998e-01	3.118037e-01	2.480918e-01	1.428575e+00	6.402304e-01	1.299071e-01
TCGA-BC-4073-01B-02R-A131-07	1.907617e-01	3.794021e-01	1.495318e-01	1.864809e-02	5.146598e-01	1.242781e-01	0	1.351935e-01	5.175628e-02	0	3.609969e-01	1.909104e+00	3.873852e-01	8.183755e-02
TCGA-BC-A10Q-11A-11R-A131-07	0	3.739143e-02	7.106561e-02	5.947722e-01	2.500970e+00	2.411244e-02	3.125669e+00	3.132568e-01	0	0	7.125293e-02	1.458979e+00	3.324415e-01	0
TCGA-BC-A10Q-01A-11R-A131-07	0	0	1.698402e+00	5.226166e-02	0	1.409119e-01	0	0	0	1.253244e-01	0	1.279086e+00	3.716263e-01	0
TCGA-BC-A10R-11A-11R-A131-07	0	2.132448e-01	0	3.551869e-01	2.691864e+00	8.929399e-02	3.027318e+00	2.558750e-01	0	0	8.015780e-02	1.680174e+00	1.751565e-01	0
TCGA-BC-A10R-01A-11R-A131-07	0	0	2.804666e-01	2.806162e-01	0	5.668384e-01	8.083469e-01	6.417730e-02	0	7.273208e-01	1.058945e-02	1.157578e+00	2.823592e-01	6.196535e-02
TCGA-BC-A10S-01A-22R-A131-07	0	1.223689e-01	0	1.190192e+00	9.447107e-01	0	2.653774e+00	0	5.219049e-02	4.946606e-01	2.689881e-01	7.628299e-01	1.059118e+00	0
TCGA-BC-A10T-11A-11R-A131-07	0	6.822993e-02	7.171687e-02	4.920172e-01	2.730251e+00	0	3.131244e+00	4.250128e-02	0	0	1.134656e-01	1.426842e+00	6.100781e-01	0
TCGA-BC-A10T-01A-11R-A131-07	1.316677e-01	8.655686e-03	1.025799e-01	6.649839e-01	2.181973e-01	1.765613e-02	3.251055e+00	0	0	7.198555e-01	0	1.049997e+00	1.809911e+00	0
TCGA-BC-A10U-11A-11R-A131-07	0	0	3.225424e-01	1.149061e-01	2.648184e+00	5.095682e-02	2.884232e+00	9.540907e-02	0	5.963585e-02	2.497732e-01	1.491293e+00	4.420899e-01	0
TCGA-BC-A10U-01A-11R-A131-07	2.202613e-01	4.025828e-02	2.403282e-01	2.391854e+00	1.806432e-01	0	9.409688e-01	2.128305e-01	0	0	2.037003e-01	1.047967e+00	7.438353e-01	0
TCGA-BC-A10W-11A-11R-A131-07	0	1.584169e-01	1.465133e-01	7.652574e-01	2.419014e+00	1.060759e-01	2.870210e+00	1.230058e-01	0	0	1.213459e-01	1.190324e+00	5.238436e-01	0
TCGA-BC-A10W-01A-11R-A131-07	0	0	2.963257e-01	7.250587e-01	1.764843e-01	9.893646e-03	6.804573e-01	0	0	0	1.645743e-01	1.606316e+00	1.424976e+00	5.152855e-01
TCGA-BC-A10X-11A-11R-A131-07	0	9.306599e-02	8.978048e-02	4.043484e-01	2.703624e+00	1.905991e-02	3.156376e+00	2.814293e-01	0	0	4.061718e-02	1.636895e+00	2.217052e-01	0
TCGA-BC-A10X-01A-11R-A131-07	0	9.848872e-02	1.844163e-01	6.942137e-01	2.227251e+00	1.261183e-01	2.472558e+00	1.627822e-01	0	3.244363e-01	1.255545e-01	1.435348e+00	2.520970e-01	0
TCGA-BC-A10Y-11A-11R-A131-07	0	8.949350e-02	5.121388e-02	9.554620e-01	2.297520e+00	0	2.893926e+00	5.235519e-04	0	1.752955e-01	0	1.436758e+00	5.952682e-01	0
TCGA-BC-A10Y-01A-11R-A131-07	2.300143e-01	2.487494e-01	0	3.015522e-01	0	1.414724e-01	3.396568e+00	9.309602e-02	3.299618e-02	0	0	1.196924e+00	1.665354e+00	5.257636e-02
TCGA-BC-A10Z-11A-11R-A131-07	0	1.956081e-02	4.533971e-01	0	2.452402e+00	0	2.602769e+00	5.005757e-02	0	0	2.554270e-01	1.269075e+00	1.336546e-01	0
TCGA-BC-A10Z-01A-11R-A131-07	3.067888e-01	0	0	4.923100e-01	0	2.657066e-01	2.374375e+00	2.939241e-01	1.782145e-02	0	0	1.523714e+00	1.370520e+00	0
TCGA-BC-A110-11A-11R-A131-07	0	9.787569e-02	0	1.762631e-01	2.771839e+00	1.624295e-01	2.958580e+00	2.256433e-01	0	0	2.825227e-01	1.521956e+00	2.944744e-01	0
TCGA-BC-A110-01A-11R-A131-07	1.605091e-02	2.206302e-01	2.227074e-01	8.147841e-02	2.015274e+00	7.839798e-02	2.659839e+00	1.013698e-01	0	5.654101e-01	4.294252e-01	1.006147e+00	4.337692e-01	0
TCGA-BC-A112-01A-11R-A131-07	0	2.199268e-02	9.589028e-01	6.322751e-01	0	1.465570e-02	1.880093e-01	0	0	4.407900e-01	4.012446e-02	1.172301e+00	1.022976e+00	2.430654e-01
TCGA-BC-A216-11A-11R-A155-07	0	1.627074e-01	7.478628e-02	1.609529e-01	2.603216e+00	2.110707e-01	3.010418e+00	7.279826e-02	0	0	3.933453e-01	1.519602e+00	4.946477e-01	0
TCGA-BC-A216-01A-11R-A155-07	0	2.064877e-01	1.350472e-01	0	5.400167e-01	9.797701e-02	1.299398e+00	2.356894e-01	5.773246e-02	0	2.807274e-01	1.686407e+00	5.503926e-01	3.365977e-01
TCGA-BC-A217-01A-11R-A155-07	4.365782e-01	3.346255e-01	1.000834e-01	4.142357e-01	0	3.459604e-01	1.913866e+00	7.687567e-02	0	0	0	1.027644e+00	8.871845e-01	0
TCGA-BC-A3KF-01A-11R-A213-07	2.635153e-02	0	2.486670e-06	4.977405e-01	7.847724e-02	1.015232e-01	2.498306e+00	4.804296e-01	4.324280e-01	0	0	1.379767e+00	1.236162e+00	2.384057e-01
TCGA-BC-A3KG-01A-11R-A213-07	2.532732e-01	3.152290e-02	0	4.286580e-01	0	2.617076e-01	8.149536e-01	2.913915e-01	9.698101e-02	0	0	1.774626e+00	1.001176e+00	1.715569e-01
TCGA-BC-A5W4-01A-11R-A28V-07	0	0	1.967918e-01	1.573379e+00	0	0	2.632763e+00	1.328966e-01	2.641173e-03	0	0	6.239803e-01	1.621543e+00	2.165460e-01
TCGA-BC-A69H-01A-11R-A311-07	1.921427e-01	9.250188e-02	1.970077e-01	8.478911e-01	5.449917e-02	0	0	0	1.058816e+00	1.049404e-01	1.854821e-01	4.309901e-01	1.451083e+00	1.985908e-01
TCGA-BC-A69I-01A-11R-A311-07	0	8.876409e-02	0	3.695440e+00	6.803502e-01	0	2.289210e+00	0	0	3.634272e-01	3.564139e-01	3.423876e-01	1.339349e+00	0
TCGA-BC-A8YO-01A-11R-A37K-07	0	3.412664e-01	0	5.249938e-01	2.433854e-01	0	1.322022e+00	1.392306e-01	0	0	0	1.926428e+00	8.251316e-01	4.697848e-01
TCGA-BD-A2L6-11A-21R-A213-07	0	5.171387e-01	9.475327e-02	4.453314e-01	2.177772e+00	0	2.975061e+00	0	0	3.727994e-01	0	1.284469e+00	6.374687e-01	0
TCGA-BD-A2L6-01A-11R-A213-07	9.224813e-02	1.259393e-01	0	3.905850e-01	1.874027e-01	0	3.219492e+00	5.147445e-01	2.161142e-04	2.243057e-01	0	1.042148e+00	1.367418e+00	1.859723e-02
TCGA-BD-A3EP-11A-12R-A22L-07	0	9.543687e-02	1.471625e-01	4.657175e-01	2.467574e+00	0	2.648465e+00	2.818249e-01	0	0	0	1.536289e+00	2.798263e-02	0
TCGA-BD-A3EP-01A-11R-A22L-07	1.885247e-01	2.651426e-01	0	9.753162e-01	2.244580e-01	4.535167e-02	1.107167e+00	2.439177e-01	1.380645e-01	5.995319e-01	3.657016e-01	1.092175e+00	6.698421e-01	0
TCGA-BD-A3ER-01A-11R-A213-07	0	1.577674e-01	6.155482e-02	6.342262e-01	4.543156e-01	1.221584e-02	1.934701e+00	1.879070e-01	0	6.778795e-01	4.339790e-01	1.024317e+00	7.198609e-01	0
TCGA-BW-A5NO-01A-11R-A27V-07	4.139938e-01	2.837563e-01	0	4.106773e-01	0	1.089570e-01	2.838597e+00	1.474145e-01	1.042038e-01	0	6.198506e-02	1.038280e+00	1.376869e+00	0
TCGA-BW-A5NP-01A-11R-A27V-07	0	0	4.414107e-01	1.078080e+00	1.156690e-01	1.621804e-01	0	0	1.376227e+00	1.239491e-01	0	1.279387e+00	9.428541e-01	0
TCGA-BW-A5NQ-01A-11R-A27V-07	3.540887e-01	4.737017e-01	0	3.570579e+00	3.284661e-01	0	3.086171e-01	0	6.737073e-01	0	0	9.588876e-01	1.613767e+00	0
TCGA-CC-5258-01A-01R-A131-07	0	6.248960e-02	0	5.513260e-01	6.382588e-01	0	0	0	1.549022e+00	0	0	1.773031e+00	1.564155e+00	0
TCGA-CC-5259-01A-31R-A213-07	0	1.762050e-03	0	9.012804e-01	5.837020e-01	3.278227e-02	3.990876e-01	0	4.748111e-01	0	7.837778e-01	7.616244e-01	1.219207e+00	1.778224e-01
TCGA-CC-5260-01A-01R-A131-07	0	6.704999e-02	1.686325e+00	2.711831e-01	0	0	0	0	0	6.718125e-01	0	1.232921e+00	5.944672e-01	0
TCGA-CC-5261-01A-01R-A131-07	0	1.953844e-01	6.874203e-01	0	0	3.751690e-02	5.898817e-01	0	6.788359e-01	1.091587e+00	0	1.338550e+00	6.688618e-01	3.307527e-02
TCGA-CC-5262-01A-01R-A131-07	0	2.968912e-01	7.723305e-02	1.538210e+00	1.030173e-01	0	1.467654e+00	0	0	6.744901e-01	1.757532e-01	6.568205e-01	1.121605e+00	0
TCGA-CC-5263-01A-01R-A131-07	1.232053e-01	6.070280e-02	4.314005e-01	0	1.170495e-01	0	0	4.563925e-02	8.474898e-03	0	1.302639e-01	1.890860e+00	8.549458e-01	4.687426e-01
TCGA-CC-5264-01A-01R-A131-07	1.189195e-01	1.274185e-02	1.486977e-01	8.186617e-02	2.703808e-02	0	1.239160e+00	0	2.450755e-01	0	2.663900e-01	1.703364e+00	1.547445e+00	5.333632e-01
TCGA-CC-A123-01A-11R-A131-07	0	0	0	8.688071e-01	7.993190e-01	0	4.773075e-01	0	1.615669e+00	0	5.704085e-01	7.130573e-01	1.994618e+00	0
TCGA-CC-A1HT-01A-11R-A131-07	2.459210e-01	5.103085e-01	6.379355e-01	1.108072e+00	0	0	8.908982e-03	0	0	1.666529e-01	1.902558e-01	1.306992e+00	1.334628e+00	6.386332e-02
TCGA-CC-A3M9-01A-11R-A213-07	0	5.057000e-01	8.540892e-02	1.565996e+00	0	0	0	0	0	6.364744e-01	0	1.247674e+00	2.672998e+00	0
TCGA-CC-A3MA-01A-11R-A213-07	0	0	1.134338e+00	1.105587e+00	2.343208e-01	0	1.303743e+00	0	0	8.129194e-01	0	7.359535e-01	1.373925e+00	0
TCGA-CC-A3MB-01A-11R-A213-07	0	0	7.770721e-02	4.827156e-01	4.254268e-01	1.068189e-02	1.194371e+00	2.230327e-01	2.978416e-01	1.216552e-03	2.070729e-02	1.481018e+00	1.099980e+00	7.181931e-03
TCGA-CC-A3MC-01A-11R-A22L-07	0	0	1.706547e-01	5.446031e-01	0	3.962190e-01	1.034777e+00	1.277454e-02	0	5.591272e-01	2.367802e-01	9.272564e-01	1.095978e+00	3.422223e-01
TCGA-CC-A5UC-01A-11R-A28V-07	0	9.293718e-02	1.667879e-01	1.100205e+00	9.006197e-01	5.341401e-02	6.565856e-01	0	1.228698e+00	4.694434e-01	7.235153e-02	9.527817e-01	1.590840e+00	0
TCGA-CC-A5UD-01A-11R-A28V-07	0	0	4.475535e-01	4.064367e+00	0	0	0	0	0	1.508644e-01	0	5.237771e-01	1.669374e+00	2.350852e-01
TCGA-CC-A5UE-01A-11R-A28V-07	0	0	2.393477e-01	1.327743e+00	1.722272e-01	0	8.326489e-01	0	4.993587e-01	0	0	1.106849e+00	1.634447e+00	8.066429e-03
TCGA-CC-A7IE-01A-21R-A38B-07	0	2.239145e-01	3.037371e-01	1.211626e+00	5.787482e-01	1.066762e-01	0	0	1.601657e+00	2.027973e-01	0	1.077035e+00	1.420484e+00	0
TCGA-CC-A7IF-01A-11R-A33J-07	0	0	2.646584e-01	4.212735e-01	0	2.139242e-01	2.372142e+00	3.037585e-01	3.787511e-01	3.712195e-01	0	8.419663e-01	1.285961e+00	1.246006e-01
TCGA-CC-A7IG-01A-11R-A33J-07	0	0	3.335024e-01	2.810766e-01	0	1.126417e-01	0	2.744135e-02	5.207949e-01	4.271874e-01	9.263130e-02	5.520576e-01	1.160463e+00	3.176647e-01
TCGA-CC-A7IH-01A-11R-A33J-07	0	4.203230e-02	0	4.721860e+00	9.175348e-02	0	1.486724e+00	5.308312e-02	0	8.727152e-02	7.258263e-04	6.858832e-01	1.196600e+00	0
TCGA-CC-A7II-01A-11R-A33J-07	7.143287e-02	0	6.716839e-01	4.581860e-01	0	0	0	0	7.013346e-01	2.825113e-01	2.617669e-01	8.200113e-01	3.081320e+00	0
TCGA-CC-A7IJ-01A-11R-A33R-07	0	2.963497e-01	2.233098e-01	2.098843e+00	0	3.484418e-02	0	0	0	8.380924e-01	0	1.174000e+00	2.544647e+00	0
TCGA-CC-A7IK-01A-12R-A33R-07	2.027268e-01	0	0	5.399068e+00	0	0	3.469347e-01	0	0	0	0	7.461912e-01	1.921077e+00	0
TCGA-CC-A7IL-01A-11R-A33R-07	0	0	0	3.033300e+00	0	1.658830e-01	1.706634e+00	2.149898e-01	0	0	0	5.997952e-01	1.033081e+00	0
TCGA-CC-A8HS-01A-11R-A36F-07	0	0	2.192316e-01	1.875026e-01	0	3.684297e-03	4.729076e-01	4.848742e-02	1.292361e+00	3.238302e-01	0	1.536538e+00	1.432583e+00	1.814645e-01
TCGA-CC-A8HT-01A-11R-A36F-07	3.970742e-01	2.664157e-01	1.335244e-01	8.450218e-01	0	4.150387e-02	7.319444e-01	6.627953e-02	3.564662e-01	0	3.624507e-02	1.146591e+00	1.207524e+00	2.544737e-01
TCGA-CC-A8HU-01A-11R-A36F-07	2.098270e-01	0	2.434100e-02	2.860539e-01	0	3.882462e-01	7.619816e-01	2.807591e-01	9.478736e-01	7.856138e-02	0	1.177953e+00	1.450868e+00	2.988022e-01
TCGA-CC-A8HV-01A-11R-A36F-07	0	0	4.657137e-01	0	0	1.586859e-01	0	3.264590e-01	8.166457e-01	3.411476e-01	3.002170e-01	1.149532e+00	7.563010e-01	8.179176e-02
TCGA-CC-A9FS-01A-11R-A37K-07	0	8.046802e-02	5.143706e-02	1.493564e+00	2.985006e-01	0	2.681731e+00	1.161195e-02	5.803476e-01	0	9.740825e-02	1.071997e+00	1.723776e+00	0
TCGA-CC-A9FU-01A-11R-A37K-07	1.453620e-01	9.138480e-02	0	1.213530e+00	2.795448e-01	1.262658e-01	0	0	1.741053e+00	0	0	1.387120e+00	1.531064e+00	0
TCGA-CC-A9FV-01A-11R-A37K-07	0	0	0	2.819745e+00	0	0	0	3.485822e-02	0	8.050832e-01	0	1.104756e+00	2.422329e+00	0
TCGA-CC-A9FW-01A-11R-A37K-07	1.687875e-01	2.011150e-01	0	2.569337e+00	2.496890e-01	0	0	6.810176e-02	1.399845e+00	0	2.456570e-01	1.137823e+00	1.274835e+00	0
TCGA-DD-A113-11A-12R-A131-07	0	0	1.455948e-01	4.220440e-01	2.545013e+00	1.596829e-03	2.816709e+00	2.769385e-01	0	0	2.242745e-01	1.470544e+00	6.797665e-02	0
TCGA-DD-A113-01A-11R-A131-07	0	1.293116e-02	1.732431e-01	4.611810e-01	0	7.037903e-01	3.426927e-01	0	9.724551e-02	2.905446e-01	0	1.347717e+00	6.978770e-01	4.314186e-01
TCGA-DD-A114-11A-12R-A131-07	0	4.940681e-01	1.046097e-01	4.852958e-01	1.857658e+00	1.315433e-01	2.906440e+00	1.570470e-01	2.906015e-02	2.365748e-01	0	1.419320e+00	3.091190e-01	0
TCGA-DD-A114-01A-11R-A131-07	0	4.430226e-01	4.122294e-01	4.136820e-01	2.718449e-01	0	1.304948e+00	0	0	6.706608e-01	0	1.329961e+00	1.124060e+00	4.034993e-01
TCGA-DD-A115-01A-11R-A131-07	1.569580e-01	1.711200e-01	2.541204e-02	6.399768e-01	1.309588e-01	3.840747e-02	2.905493e+00	5.488262e-03	0	3.855445e-01	0	1.145823e+00	1.332476e+00	0
TCGA-DD-A116-11A-12R-A26B-07	0	1.702544e-01	7.403867e-02	8.889026e-01	2.121031e+00	1.299284e-01	3.230562e+00	1.736909e-01	0	7.986561e-02	0	1.254587e+00	5.283209e-01	0
TCGA-DD-A116-01A-11R-A131-07	0	1.357306e-01	1.258477e-01	3.946119e+00	0	0	1.336006e+00	3.045113e-02	3.556742e-01	4.567668e-01	1.531783e-01	0	1.409902e+00	0
TCGA-DD-A118-11A-11R-A131-07	0	1.307351e-01	0	8.326632e-01	2.793059e+00	1.315707e-01	3.113962e+00	1.104944e-01	0	0	0	1.354120e+00	4.516133e-01	0
TCGA-DD-A118-01A-11R-A131-07	0	0	5.470646e-02	2.105297e-01	0	7.599546e-01	4.098785e-02	2.683591e-01	3.757984e-01	2.289535e-01	0	1.570736e+00	3.897257e-01	2.028470e-01
TCGA-DD-A119-11A-11R-A131-07	0	2.106015e-01	0	6.635381e-01	2.695034e+00	1.693626e-01	3.081761e+00	7.394467e-02	0	0	1.665699e-01	1.598856e+00	4.729827e-01	0
TCGA-DD-A119-01A-11R-A131-07	0	1.352416e-01	7.552346e-02	1.754543e+00	0	3.317622e-01	1.492895e+00	0	3.777340e-01	6.410221e-01	2.297627e-01	1.008263e-01	1.294333e+00	0
TCGA-DD-A11A-11A-11R-A131-07	0	1.569016e-01	0	5.199255e-01	2.682949e+00	4.041471e-02	2.510652e+00	0	0	0	3.902929e-01	1.729295e+00	4.324813e-01	0
TCGA-DD-A11A-01A-11R-A131-07	0	0	0	9.044512e-01	3.232158e-01	3.001117e-01	2.659625e+00	5.819777e-02	1.385067e-01	0	0	1.392158e+00	1.857859e+00	1.455373e-02
TCGA-DD-A11B-11A-11R-A131-07	0	1.184102e-01	2.047118e-01	3.705329e-01	2.007643e+00	6.286970e-02	3.060631e+00	3.212333e-01	0	3.178203e-01	0	1.311723e+00	2.084426e-01	0
TCGA-DD-A11B-01A-11R-A131-07	0	0	0	9.775040e-01	5.296928e-01	1.920050e-01	2.725647e+00	0	4.400154e-01	3.016498e-02	0	1.518311e+00	1.395971e+00	0
TCGA-DD-A11C-11A-11R-A131-07	0	1.414643e-01	0	7.129774e-01	2.380415e+00	0	3.259126e+00	4.090602e-01	0	0	0	1.471166e+00	2.875171e-01	0
TCGA-DD-A11C-01A-11R-A131-07	1.292973e-01	1.961112e-01	0	9.048511e-01	0	1.434537e-01	3.306713e+00	6.648714e-02	0	2.108254e-01	4.934365e-02	1.417018e+00	1.626968e+00	0
TCGA-DD-A11D-11A-12R-A131-07	0	3.768510e-01	1.397667e-02	5.471954e-01	2.310936e+00	7.229439e-02	2.968620e+00	2.263185e-01	0	0	0	1.521077e+00	2.985261e-02	0
TCGA-DD-A11D-01A-11R-A131-07	0	5.150976e-02	0	1.068184e+00	1.707062e-01	2.112472e-01	2.289922e+00	4.688058e-01	0	1.075150e-01	0	1.406762e+00	4.986338e-01	0
TCGA-DD-A1EA-01A-11R-A131-07	0	4.550458e-01	0	4.245636e+00	2.071700e-01	1.142944e-01	1.142681e+00	0	0	0	0	1.181341e+00	9.270393e-01	0
TCGA-DD-A1EB-11A-11R-A131-07	0	1.561487e-01	0	5.414743e-01	2.522185e+00	5.169334e-02	2.978241e+00	3.281242e-01	0	0	0	1.619474e+00	6.017056e-02	0
TCGA-DD-A1EB-01A-11R-A131-07	0	1.417889e-02	0	1.162707e+00	0	2.061457e-01	2.493695e+00	1.122547e+00	0	0	0	1.757558e+00	4.882042e-01	0
TCGA-DD-A1EC-11A-11R-A131-07	0	1.100523e-01	0	4.723187e-01	2.625403e+00	0	2.903267e+00	1.744597e-01	0	0	2.451725e-01	1.781773e+00	2.141252e-01	0
TCGA-DD-A1EC-01A-21R-A131-07	0	4.039185e-01	3.208161e-01	1.399882e+00	7.449975e-01	7.855698e-01	0	0	0	0	6.017289e-01	1.697633e+00	7.332363e-01	0
TCGA-DD-A1ED-01A-11R-A155-07	0	1.601644e-01	0	2.655592e+00	1.755940e+00	8.606178e-02	1.844332e+00	0	0	5.891184e-02	7.439807e-01	1.101620e+00	6.746442e-01	0
TCGA-DD-A1EE-11A-11R-A131-07	0	3.424281e-01	8.843388e-02	5.497398e-01	2.268647e+00	1.029318e-01	2.951521e+00	6.524252e-02	0	7.168180e-02	3.814590e-02	1.431447e+00	2.938928e-01	0
TCGA-DD-A1EE-01A-11R-A131-07	0	1.057923e-01	2.729969e-02	3.921347e+00	4.753556e-02	1.411733e-01	4.032488e-01	0	0	0	4.053433e-02	1.028036e+00	8.026585e-01	0
TCGA-DD-A1EF-01A-11R-A131-07	0	1.236304e-01	0	1.287875e+00	2.638523e-01	1.121505e-01	0	7.420734e-03	1.637243e+00	2.463201e-01	0	1.542998e+00	1.075887e+00	0
TCGA-DD-A1EG-11A-11R-A213-07	0	2.745100e-01	1.860230e-01	5.062591e-01	2.471099e+00	1.115452e-02	3.143321e+00	1.060684e-01	0	1.018355e-01	0	1.173130e+00	3.346502e-01	0
TCGA-DD-A1EG-01A-11R-A213-07	3.955475e-02	3.828885e-01	4.323129e-03	1.037530e+00	0	0	1.407750e+00	0	1.237067e-02	5.164049e-01	0	8.056395e-01	1.032299e+00	0
TCGA-DD-A1EH-11A-11R-A131-07	0	9.358587e-02	2.944289e-03	8.813339e-01	2.407869e+00	4.416665e-04	3.342520e+00	2.102541e-01	0	0	0	1.230982e+00	6.101836e-01	0
TCGA-DD-A1EH-01A-11R-A131-07	0	0	4.242553e-01	4.350678e-01	0	0	2.344573e-01	0	1.111489e+00	5.783561e-01	0	1.620185e+00	6.062475e-01	0
TCGA-DD-A1EI-11A-11R-A131-07	0	1.177794e-01	8.860236e-02	7.842710e-01	2.219178e+00	4.796921e-02	3.175558e+00	1.900558e-01	6.591319e-02	1.462460e-01	0	1.408951e+00	5.619599e-01	0
TCGA-DD-A1EI-01A-11R-A131-07	0	7.086051e-03	2.108852e-01	4.122911e-01	8.492389e-01	0	1.446606e+00	3.390447e-02	5.904433e-01	6.937827e-01	1.377678e-01	1.285980e+00	1.150981e+00	0
TCGA-DD-A1EJ-11A-11R-A155-07	0	9.898889e-02	1.920119e-02	4.953325e-01	2.526798e+00	0	2.793686e+00	2.256574e-01	0	0	1.536189e-01	1.541910e+00	2.018861e-01	0
TCGA-DD-A1EJ-01A-11R-A155-07	2.283461e-01	3.530428e-02	0	1.542469e+00	5.581731e-01	0	0	1.639355e-01	1.408463e+00	0	0	1.403548e+00	1.094657e+00	0
TCGA-DD-A1EK-01A-11R-A213-07	3.527922e-01	2.364560e-01	0	3.269765e-01	1.741024e-01	0	2.077487e+00	8.768628e-01	0	0	1.042499e-01	1.456079e+00	9.408103e-02	0
TCGA-DD-A1EL-11A-11R-A155-07	0	2.080998e-01	1.445338e-01	9.075119e-01	2.059486e+00	6.719956e-02	3.023630e+00	2.362951e-01	0	1.606589e-01	0	1.303796e+00	4.089352e-01	0
TCGA-DD-A1EL-01A-11R-A155-07	4.071738e-01	1.061174e-01	8.954489e-02	4.144065e+00	0	7.494430e-02	0	0	2.893535e-01	0	9.564705e-02	7.030753e-01	1.618768e+00	0
TCGA-DD-A39V-11A-11R-A213-07	0	1.317041e-01	0	4.757356e-01	2.370906e+00	8.054533e-02	3.079582e+00	2.933456e-01	0	0	2.650955e-01	1.308760e+00	4.038972e-01	0
TCGA-DD-A39V-01A-11R-A213-07	2.857582e-03	3.879054e-01	0	4.366056e+00	0	0	8.636815e-01	0	2.639522e-01	0	4.704013e-01	3.343420e-03	1.706431e+00	0
TCGA-DD-A39W-11A-11R-A213-07	0	2.583934e-02	0	7.408328e-01	2.518835e+00	6.876017e-02	3.199676e+00	3.212796e-01	0	0	0	1.377641e+00	3.006357e-01	0
TCGA-DD-A39W-01A-11R-A213-07	0	5.289573e-02	0	4.470244e+00	3.970074e-01	1.875842e-02	0	2.723059e-01	9.395707e-01	0	0	1.150368e+00	9.095296e-01	0
TCGA-DD-A39X-11A-11R-A213-07	0	5.032828e-02	0	1.003588e+00	2.563683e+00	2.007809e-02	2.923185e+00	2.032228e-01	0	0	0	1.221999e+00	2.799742e-01	0
TCGA-DD-A39X-01A-11R-A213-07	0	0	3.014137e-01	1.201123e+00	0	3.952591e-01	1.101090e+00	0	9.345085e-02	6.824824e-01	1.035092e-01	1.235772e-01	9.612655e-01	1.958107e-01
TCGA-DD-A39Y-01A-11R-A213-07	0	0	2.504328e-01	1.205908e+00	0	0	4.493457e-01	0	2.423225e-01	0	7.499925e-02	6.976491e-01	1.490280e+00	9.221609e-02
TCGA-DD-A39Z-11A-21R-A213-07	0	0	0	6.346813e-01	2.228053e+00	4.479051e-02	2.978478e+00	2.034073e-01	0	0	1.820363e-01	1.223374e+00	3.957648e-01	0
TCGA-DD-A39Z-01A-11R-A213-07	0	0	0	1.506724e+00	0	3.071382e-02	6.782775e-01	0	1.929327e-01	0	1.608957e-02	7.392406e-01	6.265800e-01	0
TCGA-DD-A3A1-11A-11R-A213-07	0	2.236135e-01	4.420376e-02	9.654322e-01	2.210887e+00	4.578342e-02	2.871760e+00	7.439844e-03	0	1.240234e-01	2.936556e-01	5.505127e-01	5.673858e-01	0
TCGA-DD-A3A1-01A-11R-A213-07	0	2.415792e-01	1.350525e-02	9.537844e-01	1.713994e-01	4.496361e-03	1.725649e+00	1.744970e-01	0	0	2.308063e-01	7.618832e-01	9.033351e-01	5.692619e-02
TCGA-DD-A3A2-11A-11R-A213-07	0	5.915341e-02	0	7.476492e-01	2.596093e+00	9.282509e-02	3.118867e+00	7.950634e-02	0	0	0	1.278948e+00	3.869292e-01	0
TCGA-DD-A3A2-01A-11R-A213-07	0	5.923273e-02	0	1.620364e+00	6.369902e-01	1.455375e-01	2.583241e+00	1.147253e+00	0	0	0	1.310950e+00	4.053317e-01	0
TCGA-DD-A3A3-11A-11R-A22L-07	0	2.398877e-01	0	5.807571e-01	2.536465e+00	8.756331e-02	3.181220e+00	0	0	3.863145e-02	0	1.208067e+00	7.341139e-01	0
TCGA-DD-A3A3-01A-11R-A22L-07	0	3.765421e-02	1.791475e-01	2.616033e+00	0	2.568979e-01	3.409066e-01	0	5.888913e-01	0	5.533700e-01	1.560819e-01	1.110294e+00	0
TCGA-DD-A3A4-11A-11R-A22L-07	0	1.492164e-01	0	1.176322e+00	2.088155e+00	0	2.556625e+00	1.098512e-01	0	1.616496e-01	3.138043e-02	1.124327e+00	5.775160e-01	0
TCGA-DD-A3A4-01A-11R-A22L-07	0	0	0	2.315876e+00	8.911778e-01	9.844103e-01	7.718847e-01	0	0	0	0	1.293559e+00	1.211963e+00	0
TCGA-DD-A3A5-11A-11R-A22L-07	0	0	0	7.209492e-01	2.668695e+00	5.544631e-02	3.108680e+00	2.782898e-01	0	0	6.865375e-02	1.171323e+00	2.890914e-01	0
TCGA-DD-A3A5-01A-11R-A22L-07	1.760087e-01	3.408960e-02	0	5.970964e-01	0	2.733438e-01	3.267089e+00	1.581546e-01	0	2.424314e-01	0	8.250712e-01	1.199175e+00	0
TCGA-DD-A3A6-11A-11R-A22L-07	0	0	1.038796e-01	9.886724e-01	2.339611e+00	6.666514e-02	3.126450e+00	1.614304e-01	0	0	7.403978e-02	6.538530e-01	4.758366e-01	0
TCGA-DD-A3A6-01A-11R-A22L-07	0	0	0	2.577083e+00	0	5.707282e-02	0	6.400323e-02	0	1.015949e+00	8.164890e-02	3.517525e-01	2.111484e+00	0
TCGA-DD-A3A7-01A-11R-A22L-07	0	0	0	1.308670e+00	0	2.822927e-01	5.103480e-01	0	0	0	3.351064e-01	1.917312e-01	1.165302e+00	1.369942e-01
TCGA-DD-A3A8-11A-11R-A22L-07	0	6.600080e-02	5.668385e-02	7.736484e-01	2.028247e+00	4.256421e-02	3.069827e+00	5.051139e-01	0	7.708046e-02	0	1.040698e+00	2.475960e-01	0
TCGA-DD-A3A8-01A-11R-A22L-07	0	2.083158e-02	0	4.797990e+00	0	0	1.607503e+00	8.335143e-02	0	5.677376e-02	9.911069e-03	3.623987e-01	1.013859e+00	0
TCGA-DD-A3A9-01A-11R-A266-07	0	1.216244e-02	1.827416e-01	5.701872e-01	0	2.758537e-01	0	6.857409e-02	5.145824e-01	9.315521e-01	0	5.827397e-01	3.853855e-01	0
TCGA-DD-A4NA-01A-11R-A266-07	0	1.523726e-01	1.237892e+00	2.712991e-01	0	1.797407e-01	0	2.744089e-02	0	0	4.441816e-01	1.814520e+00	1.695538e-01	0
TCGA-DD-A4NB-01A-12R-A266-07	0	0	0	1.143194e+00	4.793584e-01	8.026922e-01	7.369285e-01	0	0	7.984881e-01	6.800382e-01	1.233117e+00	1.215623e+00	0
TCGA-DD-A4ND-01A-11R-A266-07	7.819326e-02	2.395987e-01	1.832399e-01	0	1.052586e+00	6.747763e-02	1.463520e+00	1.617399e-01	7.483083e-01	7.301380e-01	2.460166e-01	1.622641e+00	6.569323e-01	7.992048e-02
TCGA-DD-A4NE-01A-11R-A27V-07	0	0	6.886629e-02	0	0	1.326796e-01	2.035864e+00	6.037156e-01	0	2.434214e-01	6.312011e-02	1.596448e+00	7.897094e-01	4.360871e-01
TCGA-DD-A4NF-01A-11R-A27V-07	0	0	0	5.625713e+00	2.496693e-01	4.031482e-02	7.107331e-01	0	0	0	7.926519e-03	8.248026e-01	1.212788e+00	0
TCGA-DD-A4NG-01A-11R-A27V-07	0	8.529505e-02	0	2.727776e+00	4.080282e-02	0	9.435799e-01	2.138389e-01	0	0	4.041118e-01	1.220966e+00	8.399019e-01	0
TCGA-DD-A4NH-01A-11R-A27V-07	0	8.418487e-02	2.819047e-01	0	0	8.996928e-02	0	2.894568e-01	7.129609e-01	1.294740e-01	4.830381e-01	1.578637e+00	3.919243e-01	2.107970e-01
TCGA-DD-A4NI-01A-11R-A27V-07	0	2.683342e-01	0	1.596547e+00	8.536043e-01	1.188104e-01	3.001717e+00	1.326573e-01	0	3.421383e-01	0	1.230143e+00	9.130495e-01	0
TCGA-DD-A4NJ-01A-11R-A27V-07	0	2.772663e-01	1.790878e-01	2.649229e-02	0	7.999850e-02	2.188254e+00	1.539746e-01	1.438116e-01	2.706083e-01	0	1.481839e+00	9.670985e-01	1.867137e-03
TCGA-DD-A4NK-01A-11R-A28V-07	0	1.680491e-02	0	1.406945e+00	4.920679e-01	1.037106e-01	3.057601e+00	6.584022e-01	0	1.959502e-01	0	1.313127e+00	6.664322e-01	0
TCGA-DD-A4NL-01A-11R-A28V-07	0	2.278159e-02	0	1.003291e+00	1.421226e+00	5.870028e-02	2.562737e+00	2.085795e-01	0	2.815272e-01	7.084467e-01	1.244430e+00	7.062529e-01	0
TCGA-DD-A4NN-01A-11R-A28V-07	0	0	4.899831e-01	4.752997e-01	0	5.664885e-02	0	1.839497e-02	1.269873e+00	7.358909e-01	0	9.295459e-01	7.558089e-01	0
TCGA-DD-A4NO-01A-11R-A28V-07	0	2.526860e-02	0	1.473772e+00	0	1.724264e-01	2.064149e+00	0	0	3.443704e-01	1.336409e-01	9.927625e-01	1.294963e+00	0
TCGA-DD-A4NP-01A-11R-A28V-07	0	3.102510e-03	0	4.189789e+00	1.305073e+00	0	1.549054e+00	8.648841e-02	0	0	6.829766e-01	6.112322e-01	8.845024e-01	0
TCGA-DD-A4NQ-01A-21R-A28V-07	6.232128e-02	4.256404e-02	0	1.154347e+00	3.204594e-01	3.078034e-01	1.840852e-01	0	0	0	5.886605e-01	1.396983e+00	1.330372e+00	3.301823e-01
TCGA-DD-A4NR-01A-11R-A311-07	1.362564e-01	5.646653e-01	2.871451e-02	1.470102e-02	2.240580e-01	1.407133e-01	6.413339e-01	4.596489e-02	6.261421e-01	1.752562e-01	2.945313e-01	1.296661e+00	6.197736e-01	5.756423e-02
TCGA-DD-A4NS-01A-11R-A311-07	1.623997e-02	1.499438e-01	5.874382e-01	1.556547e+00	1.218231e+00	0	1.710246e+00	0	0	9.711007e-01	1.055614e-01	9.115208e-01	2.962357e-01	0
TCGA-DD-A4NV-01A-11R-A311-07	0	6.740165e-02	5.620377e-02	8.833673e-01	8.116763e-01	0	2.836430e+00	7.682418e-01	0	4.984537e-01	0	1.392701e+00	5.681964e-01	0
TCGA-DD-A73A-01A-12R-A32O-07	0	1.962924e-01	3.647014e-02	9.419359e-01	6.260979e-01	5.083220e-02	2.434633e+00	1.480386e-01	6.232996e-03	3.491252e-03	0	1.276828e+00	8.867488e-01	0
TCGA-DD-A73B-01A-12R-A32O-07	0	0	0	2.764692e-01	2.092806e-01	1.623495e-01	2.832283e+00	3.414774e-01	2.734073e-01	0	0	1.595013e+00	1.521048e+00	2.941812e-01
TCGA-DD-A73C-01A-12R-A33J-07	0	1.143514e-02	0	1.341799e+00	2.989854e-02	2.191478e-01	2.193085e+00	1.100658e+00	0	0	0	1.765915e+00	5.067466e-01	0
TCGA-DD-A73D-01A-12R-A32O-07	0	0	0	4.169710e+00	0	1.399608e-01	1.349487e+00	0	0	0	0	6.762781e-01	1.287814e+00	0
TCGA-DD-A73E-01A-12R-A32O-07	0	0	1.105555e-01	5.236985e+00	0	0	8.806111e-01	8.602626e-02	0	0	0	7.070964e-01	1.191316e+00	4.243913e-02
TCGA-DD-A73F-01A-11R-A32O-07	3.103168e-01	5.168894e-01	0	1.513132e-01	3.388240e-01	1.836880e-01	2.795456e+00	1.984909e-01	2.288151e-01	0	0	1.469586e+00	1.002135e+00	3.316955e-02
TCGA-DD-A73G-01A-22R-A32O-07	0	1.187426e-01	2.908151e-02	8.145293e-01	0	7.134478e-01	0	0	1.046197e+00	2.481006e-01	1.291729e-02	9.430165e-02	6.572755e-01	1.515241e-01
TCGA-DD-AA3A-01A-11R-A37K-07	0	0	1.304857e+00	6.305122e-01	5.572468e-02	9.704150e-02	7.340340e-02	0	0	2.782241e-01	1.699443e-01	8.883784e-01	7.435942e-01	0
TCGA-DD-AAC8-01A-11R-A41C-07	1.819673e-02	1.031524e-01	1.124557e-01	5.333221e+00	0	5.792083e-02	0	0	0	0	2.661424e-01	4.642278e-01	1.410741e+00	0
TCGA-DD-AAC9-01A-11R-A41C-07	0	2.427034e-01	0	1.177366e+00	7.678310e-01	2.359842e-01	2.304207e+00	0	0	6.267298e-01	3.767639e-01	4.778648e-01	1.228277e+00	0
TCGA-DD-AACA-01A-11R-A41C-07	0	0	0	4.926018e+00	4.159826e-02	0	1.005107e+00	0	2.687689e-01	9.254314e-04	0	7.361264e-01	1.818027e+00	0
TCGA-DD-AACA-02B-11R-A41C-07	0	0	0	4.654943e+00	1.936871e-02	0	4.836927e-01	0	4.013489e-01	0	0	2.686617e-01	2.008263e+00	0
TCGA-DD-AACB-01A-11R-A41C-07	4.172629e-01	5.423168e-01	0	4.236043e+00	0	0	0	0	6.747584e-01	1.689904e-02	0	3.040056e-01	1.068467e+00	0
TCGA-DD-AACC-01A-11R-A41C-07	0	7.128997e-01	0	4.022691e-01	1.095694e+00	5.467982e-02	1.848230e+00	0	7.325847e-01	3.769419e-01	4.515501e-02	9.979936e-01	9.102909e-01	0
TCGA-DD-AACD-01A-11R-A41C-07	0	2.520605e-01	0	2.920382e+00	3.691940e-01	1.750141e-01	1.405148e+00	0	3.255896e-01	1.880957e-02	1.006138e+00	1.184120e-01	1.468003e+00	0
TCGA-DD-AACE-01A-11R-A41C-07	0	0	0	1.525879e+00	0	6.065984e-03	2.520639e+00	7.553234e-01	0	4.738066e-02	0	1.314681e+00	8.479193e-01	0
TCGA-DD-AACF-01A-11R-A41C-07	0	3.603669e-01	0	6.197916e-01	0	3.110665e-01	2.983734e+00	3.143146e-02	0	0	1.142956e-01	1.096559e+00	1.559628e+00	3.106159e-02
TCGA-DD-AACG-01A-11R-A41C-07	1.311427e-01	1.483803e-01	0	1.474640e+00	5.491130e-01	0	9.258768e-01	0	1.032739e+00	0	4.336392e-01	6.645310e-01	1.921251e+00	0
TCGA-DD-AACH-01A-11R-A41C-07	0	0	1.958090e-01	9.235202e-01	0	2.669629e-01	2.296271e-01	0	0	1.330580e-01	4.746922e-02	1.313995e+00	1.192209e+00	5.347205e-01
TCGA-DD-AACI-01A-11R-A41C-07	0	3.094073e-01	0	6.092629e-01	0	3.599270e-01	1.024361e+00	0	0	1.482070e-01	6.134644e-01	4.556390e-01	1.002778e+00	1.969624e-01
TCGA-DD-AACJ-01A-11R-A41C-07	0	0	0	3.371072e+00	0	7.326135e-02	1.091430e+00	0	1.523093e-02	0	0	3.277568e-01	1.314999e+00	0
TCGA-DD-AACK-01A-11R-A41C-07	0	1.075196e-01	0	2.046523e+00	7.025981e-01	0	1.666725e+00	2.555034e-01	1.106587e-01	0	1.231289e-01	1.249068e+00	1.027439e+00	0
TCGA-DD-AACL-01A-11R-A41C-07	3.653726e-01	4.708739e-01	0	1.108600e+00	6.026218e-01	8.178699e-02	2.478154e-02	2.999928e-02	1.070731e+00	0	2.376936e-01	1.155309e+00	1.357075e+00	1.592303e-02
TCGA-DD-AACN-01A-11R-A41C-07	0	8.155622e-02	3.647674e-01	7.603270e-01	8.881081e-01	0	1.487299e+00	0	6.999718e-01	6.961272e-01	3.810342e-02	1.122228e+00	8.749772e-01	0
TCGA-DD-AACO-01A-11R-A41C-07	0	1.788122e-01	2.064685e-02	2.643962e-01	6.957914e-02	1.830384e-01	2.388284e+00	0	3.051818e-01	3.440415e-01	4.504328e-02	3.200206e-01	1.611077e+00	3.097737e-01
TCGA-DD-AACP-01A-11R-A41C-07	3.410206e-01	1.063626e-02	2.046651e-01	2.577479e+00	1.884097e-01	0	3.681718e-02	0	1.302583e+00	0	2.436603e-01	7.207915e-01	1.732012e+00	5.672057e-02
TCGA-DD-AACQ-01A-11R-A41C-07	0	0	0	4.475452e-01	0	0	2.132331e+00	5.709374e-01	0	0	0	1.172668e+00	9.014715e-01	1.686477e-01
TCGA-DD-AACS-01A-11R-A41C-07	0	0	8.121081e-02	3.819545e-01	0	1.382655e-01	2.189856e+00	1.070236e-01	0	2.856390e-02	0	1.464174e+00	1.365761e+00	1.907293e-01
TCGA-DD-AACT-01A-11R-A41C-07	0	2.639762e-01	0	1.027245e+00	6.651059e-02	1.206296e-01	1.484936e+00	4.392627e-01	0	3.834323e-01	3.522414e-01	9.565181e-01	3.579604e-01	0
TCGA-DD-AACU-01A-11R-A41C-07	5.450961e-02	1.137920e-01	2.671229e-01	1.135908e+00	1.716062e-02	3.511400e-02	1.746626e+00	0	3.126622e-01	5.830111e-01	0	8.749309e-01	9.243721e-01	0
TCGA-DD-AACV-01A-11R-A41C-07	1.911612e-01	0	0	5.311511e-01	0	8.119850e-02	3.599636e+00	2.699213e-01	0	0	0	1.188868e+00	2.021887e+00	3.700254e-02
TCGA-DD-AACW-01A-11R-A41C-07	0	4.737439e-02	0	1.393924e+00	7.006516e-01	0	8.799533e-01	0	1.703846e+00	0	0	1.368273e+00	1.758431e+00	0
TCGA-DD-AACX-01A-11R-A41C-07	0	9.879903e-02	0	3.698937e+00	7.480026e-02	1.859167e-01	3.569618e-01	1.240667e-01	0	0	0	9.362569e-01	8.379337e-01	0
TCGA-DD-AACY-01A-11R-A41C-07	0	4.632575e-02	0	1.806738e-01	0	4.458040e-01	1.567123e+00	1.082030e-01	0	1.843025e-01	4.250945e-01	1.148704e+00	6.769295e-01	0
TCGA-DD-AACZ-01A-11R-A41C-07	0	4.114042e-01	0	8.721386e-01	7.009579e-01	4.217467e-02	0	0	9.756504e-01	0	0	1.737785e+00	1.324704e+00	0
TCGA-DD-AAD0-01A-11R-A41C-07	0	2.149649e-01	0	3.986927e+00	0	0	1.058348e+00	4.669060e-01	1.278620e-01	0	0	8.884511e-01	7.074353e-01	0
TCGA-DD-AAD1-01A-11R-A41C-07	0	2.268477e-01	4.018658e-01	2.361894e-01	4.227479e-01	0	8.506697e-01	0	4.843991e-01	1.043854e+00	1.975238e-02	1.273264e+00	3.496406e-01	0
TCGA-DD-AAD2-01A-11R-A41C-07	0	2.286308e-01	1.610478e-01	7.964120e-01	2.948456e-01	1.482613e-01	1.666296e+00	0	2.675002e-01	8.682905e-01	3.424195e-01	7.737547e-01	1.043483e+00	0
TCGA-DD-AAD3-01A-11R-A41C-07	0	1.736853e-01	1.137919e-01	5.639904e-01	1.178884e-01	1.067806e-01	2.103527e+00	2.698700e-01	0	8.585120e-01	0	1.124934e+00	6.659082e-01	0
TCGA-DD-AAD5-01A-11R-A41C-07	6.561332e-02	9.147637e-02	3.597014e-01	1.191358e+00	0	1.959084e-01	0	0	0	0	5.703798e-01	8.353339e-01	1.213868e+00	3.061365e-01
TCGA-DD-AAD6-01A-11R-A41C-07	0	0	0	3.023065e+00	8.228099e-01	0	1.125989e+00	0	5.483754e-01	0	4.517015e-02	8.132130e-01	1.947883e+00	0
TCGA-DD-AAD8-01A-11R-A41C-07	2.359951e-01	1.046619e-01	0	2.242160e-01	0	8.199016e-02	2.435655e+00	4.951720e-01	0	0	9.252451e-02	1.199124e+00	6.962340e-01	0
TCGA-DD-AADA-01A-11R-A41C-07	0	1.518826e-01	0	2.258524e-01	0	2.404394e-01	5.721643e-01	1.262252e-01	5.888541e-01	5.986039e-01	0	1.279326e+00	1.521536e-01	0
TCGA-DD-AADB-01A-11R-A41C-07	0	3.174732e-01	0	1.077846e+00	8.518507e-01	0	2.236234e-02	0	1.574024e+00	0	8.661828e-03	1.619511e+00	1.502419e+00	0
TCGA-DD-AADC-01A-11R-A41C-07	5.658956e-03	0	3.449926e-01	2.341229e+00	3.314978e-01	0	6.351776e-01	0	7.489805e-01	3.303298e-01	1.182877e-01	7.970474e-01	1.653480e+00	0
TCGA-DD-AADD-01A-11R-A41C-07	2.505065e-01	4.031219e-02	0	3.149610e+00	0	3.782955e-02	2.844313e-01	3.260721e-02	1.151068e+00	0	0	1.093974e+00	1.588757e+00	0
TCGA-DD-AADF-01A-11R-A41C-07	2.902332e-02	3.409752e-01	0	8.550590e-01	0	5.048989e-01	2.602669e+00	1.573278e-01	0	0	0	7.818261e-01	1.272018e+00	0
TCGA-DD-AADG-01A-11R-A41C-07	0	0	0	4.310216e+00	0	0	2.123968e+00	4.785958e-01	0	1.336037e-02	0	6.986285e-01	1.093450e+00	0
TCGA-DD-AADI-01A-11R-A41C-07	0	3.766699e-01	3.705650e-01	7.370232e-01	0	3.425560e-02	6.179705e-01	0	7.550900e-01	7.402511e-01	9.555372e-02	5.352111e-01	4.699299e-01	0
TCGA-DD-AADJ-01A-11R-A41C-07	0	8.749587e-02	0	9.080697e-01	3.653157e-01	2.116930e-01	1.095911e+00	0	1.020325e+00	0	0	1.026615e+00	1.114002e+00	0
TCGA-DD-AADK-01A-11R-A41C-07	0	1.913698e-01	3.140799e-01	6.380614e-01	0	0	1.316965e+00	2.412922e-01	4.527252e-01	7.977643e-01	2.983491e-01	5.807849e-01	5.548975e-01	6.010012e-02
TCGA-DD-AADL-01A-11R-A41C-07	1.414593e-01	0	5.809737e-02	5.169186e-01	0	0	2.916490e+00	3.859775e-01	6.154308e-02	0	0	1.364773e+00	1.486940e+00	5.491147e-02
TCGA-DD-AADM-01A-11R-A41C-07	0	2.242747e-01	0	1.034962e+00	0	2.103630e-01	2.305558e+00	0	0	3.772882e-01	5.817865e-02	3.755415e-01	1.362059e+00	0
TCGA-DD-AADN-01A-11R-A41C-07	0	5.362840e-01	0	1.125792e+00	3.142366e-01	0	1.102402e-02	0	9.030797e-01	0	0	3.775278e-01	1.474758e+00	0
TCGA-DD-AADO-01A-11R-A41C-07	0	4.104603e-01	0	8.339938e-01	2.625612e-01	0	1.757158e-01	0	1.555421e+00	0	2.342249e-01	6.016361e-01	1.197400e+00	0
TCGA-DD-AADP-01A-11R-A39D-07	0	3.524299e-02	9.176678e-02	5.963646e-01	5.595430e-01	2.728526e-02	2.115269e+00	0	5.008288e-01	3.090645e-01	1.948804e-01	1.270210e+00	1.416736e+00	0
TCGA-DD-AADQ-01A-11R-A41C-07	0	7.872072e-02	0	1.730312e+00	5.558713e-01	5.391786e-02	1.645126e+00	0	0	0	1.252121e+00	8.978102e-01	1.350672e+00	0
TCGA-DD-AADR-01A-11R-A41C-07	0	1.628536e-01	0	1.194610e+00	3.446043e-01	0	3.096711e+00	0	1.221509e-01	0	4.789418e-02	1.007162e+00	2.114815e+00	0
TCGA-DD-AADS-01A-11R-A41C-07	0	4.269163e-01	0	1.405213e+00	7.043663e-01	1.402124e-01	3.527062e+00	0	3.112359e-02	0	0	1.029001e-01	1.629589e+00	0
TCGA-DD-AADU-01A-11R-A41C-07	0	0	4.058854e-02	5.273861e+00	0	5.522708e-04	1.142054e+00	9.117918e-02	0	0	0	1.273818e-01	1.238812e+00	0
TCGA-DD-AADV-01A-11R-A39D-07	2.144276e-01	3.488524e-02	4.032575e-02	7.530272e-01	1.269965e-01	1.825264e-01	2.783744e+00	6.483886e-02	3.363237e-02	4.862402e-01	0	1.089632e+00	1.571781e+00	0
TCGA-DD-AADW-01A-11R-A39D-07	0	0	5.394889e-01	3.247951e-01	0	2.542962e-02	4.982501e-01	1.676845e-02	9.535858e-01	7.318747e-01	0	1.451652e+00	9.316765e-01	0
TCGA-DD-AADY-01A-11R-A41C-07	0	0	1.824816e-01	4.190895e-01	0	1.718024e-01	9.614698e-01	0	1.220255e-01	1.511124e-01	0	1.669116e+00	5.818781e-01	0
TCGA-DD-AAE0-01A-11R-A41C-07	0	4.315518e-02	1.087430e+00	8.830882e-02	0	0	2.457014e-02	0	1.030907e+00	6.380047e-01	1.588070e-01	5.762452e-01	9.374499e-01	0
TCGA-DD-AAE1-01A-11R-A41C-07	0	1.478533e-01	0	1.141157e+00	4.696873e-01	0	8.926652e-01	0	1.364534e+00	0	0	1.457856e+00	1.373197e+00	0
TCGA-DD-AAE2-01A-11R-A41C-07	1.389843e-01	3.514366e-01	0	4.907764e-01	7.077053e-01	0	3.408085e+00	5.243913e-01	0	2.592677e-01	0	1.442470e+00	1.033523e+00	0
TCGA-DD-AAE3-01A-11R-A41C-07	0	5.112552e-02	0	2.675594e+00	3.124958e-01	6.605463e-02	3.038561e+00	1.661747e-01	0	3.255231e-01	0	3.044706e-01	1.700577e+00	0
TCGA-DD-AAE4-01A-11R-A41C-07	0	5.428136e-01	0	6.104856e-01	5.658186e-01	2.904737e-01	3.607411e+00	0	0	3.440343e-01	0	5.876905e-01	1.306663e+00	0
TCGA-DD-AAE6-01A-11R-A41C-07	0	0	0	1.257832e+00	0	2.785961e-01	4.935124e-01	2.475927e-01	8.176785e-01	0	0	9.728670e-01	1.329272e+00	1.512748e-01
TCGA-DD-AAE7-01A-11R-A41C-07	0	1.401287e-01	6.466573e-02	8.108926e-01	1.393203e+00	1.319684e-02	2.927240e+00	0	0	4.507641e-01	7.541677e-02	9.633794e-01	1.095138e+00	0
TCGA-DD-AAE9-01A-11R-A41C-07	9.326636e-02	1.144003e-01	0	5.054783e+00	0	0	9.435829e-01	9.655558e-02	0	0	6.746504e-02	2.724912e-01	1.340365e+00	0
TCGA-DD-AAEA-01A-11R-A41C-07	0	2.827916e-01	0	1.343457e+00	0	6.205683e-02	2.486307e+00	4.182322e-01	4.765022e-01	0	0	9.888240e-01	1.456917e+00	0
TCGA-DD-AAEB-01A-11R-A41C-07	0	1.095758e-01	0	3.983728e+00	2.238222e-01	0	2.492489e+00	2.169955e-01	0	1.537635e-01	7.707816e-02	4.528986e-02	1.309554e+00	0
TCGA-DD-AAED-01A-12R-A41C-07	0	0	3.369176e-01	6.278522e-01	4.459473e-01	0	7.593334e-01	1.621708e-02	7.145530e-01	0	0	1.066126e+00	1.141859e+00	0
TCGA-DD-AAEE-01A-11R-A41C-07	1.363999e-01	0	3.014028e-02	3.597234e+00	0	1.028905e-01	1.660324e+00	0	2.428837e-01	6.382552e-02	0	4.801613e-01	1.698497e+00	0
TCGA-DD-AAEG-01A-11R-A39D-07	0	0	5.862131e-02	9.260997e-01	0	5.659015e-01	9.457802e-01	1.406174e-01	0	4.518949e-01	3.446194e-01	8.484903e-01	7.180923e-01	2.638123e-01
TCGA-DD-AAEH-01A-11R-A41C-07	0	2.985058e-01	0	2.109789e+00	4.303969e-01	1.523822e-01	2.640344e+00	0	0	3.574772e-01	0	6.308494e-01	1.243592e+00	0
TCGA-DD-AAEI-01A-11R-A41C-07	0	2.248562e-01	0	1.286688e+00	0	0	2.723169e+00	2.817193e-01	0	0	0	1.126460e+00	1.288499e+00	0
TCGA-DD-AAEK-01A-11R-A41C-07	0	2.999247e-01	0	2.608692e+00	3.996641e-01	0	1.876078e+00	2.387535e-01	2.230806e-01	5.162850e-01	0	9.953869e-01	9.393210e-01	0
TCGA-DD-AAVP-01A-11R-A41C-07	0	1.856771e-01	5.794153e-02	4.634483e+00	0	2.385007e-01	8.591982e-01	1.707659e-01	1.732745e-01	2.567314e-01	6.064523e-02	7.260859e-02	1.160543e+00	9.327634e-02
TCGA-DD-AAVQ-01A-11R-A41C-07	0	5.463143e-01	3.507008e-01	9.450226e-01	0	0	6.881906e-01	3.572713e-02	9.753235e-01	8.884822e-01	0	6.991572e-01	5.890388e-01	0
TCGA-DD-AAVR-01A-11R-A41C-07	0	2.674283e-01	2.741493e-02	1.174864e+00	1.160029e-02	4.393252e-01	1.233795e+00	0	1.008477e-01	8.348066e-01	1.786887e-01	5.496390e-01	8.446077e-01	0
TCGA-DD-AAVS-01A-11R-A41C-07	0	0	4.391932e-01	8.840352e-01	0	7.624433e-02	1.174039e+00	0	1.065268e+00	5.718522e-01	0	9.662305e-01	1.259195e+00	0
TCGA-DD-AAVU-01A-11R-A41C-07	0	0	0	2.019623e+00	0	0	1.861787e+00	0	3.519662e-01	0	7.862538e-03	3.634973e-01	1.903247e+00	0
TCGA-DD-AAVV-01A-11R-A41C-07	0	2.353259e-01	0	1.103327e+00	1.451180e-03	2.123282e-01	6.622823e-01	0	0	5.914390e-01	5.450032e-01	9.075826e-01	1.032896e+00	1.437565e-01
TCGA-DD-AAVW-01A-11R-A41C-07	0	4.536659e-02	3.696280e-01	6.306518e-01	0	8.209354e-02	1.561875e+00	4.775580e-02	7.110677e-01	1.017755e+00	0	9.264386e-01	1.012334e+00	0
TCGA-DD-AAVX-01A-11R-A41C-07	0	2.931092e-01	0	2.933745e+00	9.735955e-01	0	2.223480e+00	0	0	0	6.404442e-01	9.049170e-01	1.509788e+00	0
TCGA-DD-AAVY-01A-11R-A41C-07	0	0	0	4.224307e+00	0	2.362344e-02	1.593422e+00	4.125651e-02	0	0	0	7.081496e-01	1.052875e+00	0
TCGA-DD-AAVZ-01A-11R-A41C-07	0	1.019470e-01	1.489651e-01	8.072834e-01	2.070655e-01	1.643391e-01	1.168578e+00	0	1.055395e+00	3.718781e-01	4.535147e-02	1.186687e+00	1.022508e+00	0
TCGA-DD-AAW0-01A-11R-A41C-07	0	1.810972e-01	2.306492e-01	6.497435e-01	2.600087e-01	5.262571e-02	2.233897e+00	3.075410e-01	2.686136e-01	8.550979e-01	0	9.538639e-01	6.576830e-01	0
TCGA-DD-AAW1-01A-11R-A41C-07	0	1.616527e-01	0	5.103932e+00	2.231392e-01	0	1.763121e+00	0	0	0	1.684545e-02	7.108588e-01	1.214253e+00	0
TCGA-DD-AAW2-01A-11R-A41C-07	0	0	2.233945e-02	3.959475e+00	0	0	2.134420e+00	0	0	6.132561e-02	0	7.044764e-01	1.402719e+00	0
TCGA-DD-AAW3-01A-11R-A41C-07	0	0	0	3.590308e+00	3.663444e-02	0	1.676745e+00	0	0	1.111465e-01	0	7.478400e-01	1.182988e+00	0
TCGA-ED-A459-01A-11R-A266-07	0	8.425915e-02	0	5.320615e-01	1.610385e-01	1.758687e-01	1.496063e+00	2.868332e-01	0	0	8.127616e-01	1.384610e+00	1.288660e+00	3.364896e-01
TCGA-ED-A4XI-01A-11R-A266-07	0	1.977383e-01	2.371121e-01	7.160101e-01	9.165215e-01	3.228757e-01	1.887481e+00	1.375214e-01	1.693233e-01	8.505296e-01	0	1.012027e+00	3.338662e-01	0
TCGA-ED-A5KG-01A-11R-A27V-07	0	6.084695e-01	4.298463e-01	5.672751e-01	3.791681e-01	0	0	0	1.007087e+00	6.592263e-01	0	1.508175e+00	5.293678e-01	0
TCGA-ED-A627-01A-12R-A311-07	0	2.986001e-01	4.267479e-01	6.678778e-01	1.837735e+00	2.325612e-03	2.478061e+00	0	0	7.436163e-01	1.773173e-01	1.071035e+00	6.202923e-01	0
TCGA-ED-A66X-01A-11R-A311-07	0	1.750476e-01	3.973748e-01	3.890253e-01	0	9.254860e-02	1.838949e-01	4.981810e-02	1.203447e+00	9.998396e-01	0	1.072617e+00	8.515562e-01	0
TCGA-ED-A66Y-01A-11R-A311-07	0	0	2.813347e-01	0	0	0	0	3.297021e-02	1.289193e+00	3.004682e-01	0	1.688357e+00	8.377251e-01	0
TCGA-ED-A7PX-01A-51R-A352-07	0	7.138358e-02	1.201790e+00	2.506448e-01	0	8.520049e-02	0	1.198003e-01	0	6.626740e-01	1.182178e-01	1.081326e+00	4.477117e-01	0
TCGA-ED-A7PY-01A-11R-A33R-07	0	0	3.096568e-01	5.515037e-01	0	3.147995e-01	9.743665e-01	0	1.097331e+00	3.484536e-01	0	8.708949e-01	7.855973e-01	0
TCGA-ED-A7PZ-01A-11R-A33R-07	3.912948e-01	0	2.992301e-01	3.106329e+00	0	5.362027e-01	0	0	7.945759e-01	0	0	2.472898e-01	1.443621e+00	0
TCGA-ED-A7XO-01A-11R-A352-07	1.150496e-01	2.493855e-01	1.242671e-01	4.053870e-01	9.337316e-01	1.129773e-01	3.362361e+00	1.530421e-01	5.587067e-02	5.234176e-01	0	8.603702e-01	1.294936e+00	0
TCGA-ED-A7XP-01A-11R-A352-07	0	1.552747e-02	1.520896e-01	2.673414e+00	1.619225e-01	2.876820e-01	8.169907e-01	0	0	4.545895e-01	1.725019e-01	8.383725e-01	1.221488e+00	0
TCGA-ED-A82E-01A-11R-A352-07	0	0	1.612525e+00	6.183106e-01	0	8.812734e-02	0	0	0	3.326931e-01	3.349716e-02	1.016250e+00	5.178797e-01	0
TCGA-ED-A8O5-01A-11R-A36F-07	0	0	3.848509e-02	1.183757e+00	2.118757e-01	4.028533e-02	0	0	1.488730e+00	1.116025e-01	0	1.594330e+00	9.416226e-01	0
TCGA-ED-A8O6-01A-11R-A36F-07	0	3.288829e-02	4.350464e-01	6.985082e-01	2.329249e-01	6.656212e-02	0	5.802334e-02	1.537843e+00	2.908440e-01	2.179944e-01	1.065143e+00	1.000808e+00	1.056947e-01
TCGA-ED-A97K-01A-21R-A38B-07	0	1.457404e-01	9.135694e-01	3.712315e-01	1.074548e+00	0	1.261771e+00	5.885389e-02	1.320887e-02	7.231607e-01	5.363234e-01	1.143675e+00	5.790197e-01	4.826920e-02
TCGA-EP-A12J-11A-11R-A131-07	0	3.431455e-01	1.500681e-01	6.350359e-01	1.782252e+00	7.373777e-02	3.034904e+00	3.045530e-01	0	2.842639e-01	0	1.307384e+00	1.807044e-01	0
TCGA-EP-A12J-01A-11R-A131-07	0	1.809637e-01	0	4.538102e+00	1.011377e-01	0	1.789683e+00	0	0	0	0	8.804837e-01	8.506115e-01	0
TCGA-EP-A26S-11A-12R-A16W-07	0	7.053289e-02	0	8.784610e-01	2.298316e+00	1.881457e-02	3.205827e+00	1.649651e-01	0	0	0	1.266407e+00	4.905703e-01	0
TCGA-EP-A26S-01A-11R-A16W-07	0	2.053802e-02	0	4.396052e+00	1.189294e-01	0	1.566419e+00	0	0	7.947060e-02	0	7.907932e-01	1.075459e+00	0
TCGA-EP-A2KA-01A-11R-A180-07	0	5.001881e-01	1.243225e-01	3.186758e-01	8.511450e-02	0	3.183084e-01	0	2.179729e-02	0	1.852228e-01	1.312267e+00	1.825500e-01	8.566050e-02
TCGA-EP-A2KB-01A-11R-A180-07	0	0	0	1.305588e+00	9.162055e-01	0	1.134372e+00	0	1.395874e+00	0	0	1.373382e+00	1.807189e+00	0
TCGA-EP-A2KC-01A-11R-A213-07	0	2.401007e-01	0	3.449294e+00	0	0	1.360665e+00	8.835470e-02	0	2.773020e-01	9.122340e-02	6.808118e-01	1.011678e+00	0
TCGA-EP-A3JL-01A-11R-A213-07	0	4.046379e-01	0	1.333003e+00	0	1.231519e-01	1.725019e+00	2.446806e-02	1.614831e-01	5.394025e-01	3.364151e-01	5.277053e-01	1.160097e+00	1.591617e-02
TCGA-EP-A3RK-11A-11R-A22L-07	0	3.037652e-02	3.003703e-02	7.517121e-01	2.298132e+00	0	3.190937e+00	3.269374e-01	1.562015e-02	0	0	1.300984e+00	5.113980e-01	0
TCGA-EP-A3RK-01A-11R-A22L-07	1.923301e-01	5.682637e-01	0	3.451953e+00	0	0	9.816224e-01	2.311853e-02	7.756085e-03	1.020398e-01	3.101532e-01	5.119372e-01	9.330402e-01	0
TCGA-ES-A2HS-01A-11R-A180-07	0	0	0	9.995713e-01	2.793939e-01	0	3.071808e+00	0	2.954516e-01	3.681374e-01	2.734656e-03	2.761168e-01	1.556946e+00	0
TCGA-ES-A2HT-11A-11R-A180-07	0	5.005955e-01	3.326843e-01	5.750731e-01	1.538576e+00	4.448409e-02	2.653921e+00	1.418969e-01	0	3.447576e-01	0	1.071689e+00	9.669196e-02	0
TCGA-ES-A2HT-01A-12R-A180-07	0	3.090874e-01	0	9.510292e-01	0	5.321698e-01	1.953642e+00	0	0	5.194278e-01	3.741803e-01	2.343564e-01	7.756229e-01	0
TCGA-FV-A23B-11A-11R-A16W-07	0	2.932470e-01	1.517420e-01	8.927425e-01	2.054764e+00	1.198380e-02	2.597908e+00	1.405359e-01	0	3.583217e-01	0	1.288316e+00	1.319064e-01	0
TCGA-FV-A23B-01A-11R-A16W-07	0	1.793937e-01	0	5.851326e-01	6.162357e-01	0	9.198294e-01	0	1.219641e+00	0	1.683380e-01	1.927640e+00	1.062047e+00	0
TCGA-FV-A2QQ-01A-11R-A22L-07	1.536724e-02	2.738420e-01	2.252525e-02	1.316075e+00	4.151599e-02	1.850843e-01	2.027906e+00	0	1.557078e-01	4.678552e-01	1.026661e-01	5.498419e-01	1.089994e+00	0
TCGA-FV-A2QR-11A-11R-A213-07	0	2.384946e-01	3.674384e-01	4.979239e-01	2.076392e+00	0	2.720448e+00	0	0	5.512326e-01	7.924560e-02	1.131699e+00	4.510112e-01	0
TCGA-FV-A2QR-01A-11R-A213-07	0	1.130943e-01	0	3.268848e-01	0	0	2.003682e+00	8.861004e-01	0	4.098278e-01	0	1.389896e+00	3.568912e-01	0
TCGA-FV-A3I0-11A-11R-A22L-07	0	0	6.417097e-02	4.342032e-01	2.704602e+00	1.405337e-01	3.010957e+00	2.396741e-01	0	0	6.796100e-02	1.418312e+00	2.170816e-01	0
TCGA-FV-A3I0-01A-11R-A22L-07	0	0	1.788369e+00	8.482481e-02	0	0	0	0	0	5.185236e-01	7.214254e-02	8.078066e-01	4.884013e-01	0
TCGA-FV-A3I1-11A-11R-A22L-07	0	5.952683e-02	0	7.988084e-01	2.364553e+00	0	2.901592e+00	2.750664e-01	0	0	0	1.504404e+00	1.586841e-01	0
TCGA-FV-A3I1-01A-11R-A22L-07	2.185802e-01	2.051705e-01	1.148202e-01	5.478047e-01	0	1.921687e-02	1.090386e+00	3.110748e-01	1.891814e-01	4.956011e-01	0	1.201838e+00	3.819536e-01	0
TCGA-FV-A3R2-11A-11R-A22L-07	0	2.133368e-01	1.948608e-01	6.837804e-01	2.215773e+00	8.525756e-02	3.014995e+00	1.380709e-02	0	1.430210e-01	0	1.053065e+00	4.822630e-01	0
TCGA-FV-A3R2-01A-11R-A22L-07	0	7.185915e-03	0	1.369364e+00	3.003231e-01	0	2.419957e+00	2.723519e-02	2.835905e-02	0	0	1.322379e+00	1.526401e+00	1.436191e-02
TCGA-FV-A3R3-01A-11R-A22L-07	0	2.910658e-02	2.162568e-01	5.609282e-01	2.571407e-01	8.917324e-01	3.111466e-01	0	3.914912e-01	8.754156e-01	0	1.183484e+00	4.919831e-01	1.297622e-01
TCGA-FV-A495-01A-11R-A266-07	2.128184e-01	4.080218e-01	2.829582e-01	6.003581e-01	2.963071e-01	1.846128e-01	2.278928e+00	0	1.115206e-01	7.700648e-01	0	1.089267e-01	7.840357e-01	0
TCGA-FV-A496-01A-11R-A266-07	0	0	0	4.553294e-01	4.714691e-02	7.297101e-02	1.690385e+00	7.367695e-01	1.014219e-01	0	1.155467e-01	1.459930e+00	6.292034e-01	0
TCGA-FV-A4ZP-01A-12R-A266-07	0	1.460871e-01	3.472146e-01	1.644642e-01	0	0	0	0	3.184287e-01	0	1.999808e-01	0	1.077579e+00	3.879777e-01
TCGA-FV-A4ZQ-01A-11R-A266-07	0	5.771847e-01	0	3.195835e+00	8.138131e-01	0	8.081640e-03	2.165795e-02	1.154443e+00	0	0	1.247137e+00	1.389496e+00	0
TCGA-G3-A25S-01A-11R-A16W-07	2.317800e-01	1.753622e-01	0	1.943498e+00	0	1.409293e-01	1.004744e+00	0	6.061328e-03	0	6.774752e-04	4.482587e-01	1.147004e+00	0
TCGA-G3-A25T-01A-11R-A16W-07	0	4.760002e-02	1.302418e+00	4.874073e-01	5.294764e-01	1.950146e-02	1.309930e+00	0	0	4.735722e-01	2.138193e-01	4.623731e-01	6.870348e-01	0
TCGA-G3-A25U-01A-11R-A16W-07	0	0	0	7.661079e-01	3.815323e-01	2.270139e-01	3.343082e+00	5.622394e-01	0	0	0	1.534383e+00	1.611989e+00	0
TCGA-G3-A25V-01A-11R-A16W-07	0	3.004579e-01	1.168611e-01	9.890078e-01	1.120081e+00	5.424306e-02	2.216755e+00	1.137717e-01	0	5.748118e-01	3.002280e-01	8.892419e-01	6.248085e-01	0
TCGA-G3-A25X-01A-11R-A16W-07	0	1.621690e-01	5.902446e-01	1.752589e-01	0	4.584768e-02	1.615399e-01	0	0	4.163305e-01	5.043222e-01	5.469947e-01	1.144723e+00	4.046091e-01
TCGA-G3-A25Y-01A-11R-A16W-07	0	2.082499e-01	5.258467e-01	1.129360e-01	2.799542e-02	2.071749e-01	6.844945e-01	0	6.653599e-01	8.425109e-01	3.928432e-02	1.162772e+00	5.552769e-01	0
TCGA-G3-A25Z-01A-11R-A16W-07	0	1.178234e-01	0	9.527367e-01	3.157872e-01	2.425113e-01	2.665629e+00	1.468386e-01	0	1.438566e-01	2.484783e-01	8.892228e-01	1.496363e+00	0
TCGA-G3-A3CG-01A-11R-A213-07	0	1.981355e-01	0	7.333513e-01	1.271352e-01	2.355749e-01	1.805958e+00	8.305739e-02	0	1.279999e-01	2.820125e-01	1.387279e+00	5.472749e-01	0
TCGA-G3-A3CH-11A-11R-A22L-07	0	2.738414e-01	3.384820e-02	8.446322e-01	2.267950e+00	5.995092e-02	3.265367e+00	2.493868e-01	0	3.463426e-02	0	1.326876e+00	4.404491e-01	0
TCGA-G3-A3CH-01A-11R-A22L-07	0	1.146334e-01	4.559153e-02	4.254121e-01	1.849715e-01	2.269401e-01	2.775134e+00	6.729923e-02	1.577479e-01	5.219421e-01	0	1.124873e+00	1.319040e+00	9.062244e-02
TCGA-G3-A3CI-01A-11R-A213-07	0	1.514354e-01	0	7.392347e-01	1.153274e+00	1.450364e-01	2.719247e+00	4.438805e-01	6.477397e-02	9.172439e-02	1.349664e-01	1.375537e+00	8.014907e-01	0
TCGA-G3-A3CJ-01A-11R-A213-07	0	1.319494e-01	0	4.293428e+00	5.840931e-01	7.330745e-02	1.929028e+00	0	0	0	2.546423e-01	1.082658e-01	1.354399e+00	0
TCGA-G3-A3CK-01A-11R-A213-07	0	3.595616e-01	0	4.277497e+00	6.128273e-01	1.380137e-01	1.365183e+00	0	0	0	1.959109e-01	8.973915e-01	1.043722e+00	0
TCGA-G3-A5SI-01A-31R-A27V-07	0	0	0	5.991046e-02	0	4.135838e-01	2.746208e+00	0	1.367238e-01	0	0	1.244638e+00	1.954882e+00	1.749282e-01
TCGA-G3-A5SJ-01A-11R-A27V-07	1.257768e-01	3.515395e-01	5.833932e-01	4.547443e-01	4.985291e-01	0	1.214150e+00	0	0	1.232557e-01	1.719713e-01	1.156294e+00	7.643123e-01	1.219185e-01
TCGA-G3-A5SK-01A-11R-A27V-07	0	4.112318e-01	0	1.237434e+00	1.468617e+00	2.669997e-01	3.127655e+00	1.088934e-01	0	0	1.394411e-01	1.376858e+00	7.754846e-01	0
TCGA-G3-A5SL-01A-11R-A27V-07	0	0	0	4.269326e+00	9.508988e-02	0	1.751604e+00	0	0	1.446117e-01	3.258087e-02	6.925599e-01	1.264206e+00	0
TCGA-G3-A5SM-01A-12R-A28V-07	0	3.279116e-01	0	9.126874e-01	1.763836e-01	3.010520e-01	2.032481e+00	3.033010e-01	0	5.640625e-01	3.177536e-01	9.548760e-01	8.441218e-01	0
TCGA-G3-A6UC-01A-21R-A33J-07	0	0	0	3.268616e+00	3.373688e-01	4.792841e-02	2.508142e+00	1.639270e-01	0	0	0	9.697460e-01	1.038771e+00	0
TCGA-G3-A7M5-01A-11R-A33R-07	6.302792e-02	2.030913e-01	0	9.265918e-01	2.106326e-01	2.269066e-01	3.480214e+00	6.421857e-01	4.357624e-03	0	0	7.674215e-01	1.184858e+00	0
TCGA-G3-A7M6-01A-11R-A33R-07	2.128287e-01	9.036323e-02	8.276816e-01	2.241419e-01	4.924940e-01	0	1.043409e+00	0	3.298645e-01	6.454720e-01	3.570952e-03	1.143886e+00	8.539760e-01	0
TCGA-G3-A7M7-01A-12R-A352-07	0	0	0	1.281822e+00	8.396022e-02	5.037936e-01	1.703496e+00	4.758833e-02	0	1.814425e-01	6.043667e-01	6.899324e-01	1.361635e+00	0
TCGA-G3-A7M8-01A-11R-A33R-07	0	7.967542e-02	2.660444e-02	6.568533e-01	9.059908e-01	1.415837e-01	3.016145e+00	3.822927e-01	2.458973e-02	2.542358e-01	3.630954e-02	1.245350e+00	8.893164e-01	0
TCGA-G3-A7M9-01A-23R-A352-07	4.760452e-01	0	3.667181e-01	4.908884e-01	3.709586e-01	2.037470e-01	0	6.226978e-02	9.839172e-01	1.405060e-01	2.775842e-01	1.292199e+00	1.492592e+00	1.979795e-01
TCGA-G3-AAUZ-01A-11R-A38B-07	0	3.396084e-01	0	6.928464e-01	5.312018e-01	2.458396e-01	3.357103e+00	0	0	4.855901e-01	0	4.203611e-01	1.547310e+00	0
TCGA-G3-AAV0-01A-11R-A37K-07	0	2.246718e-01	0	3.793684e-01	1.865298e-01	2.324465e-02	3.005674e+00	7.789155e-01	0	2.374293e-01	0	8.824478e-01	6.138902e-01	0
TCGA-G3-AAV1-01A-11R-A38B-07	0	0	0	3.883421e+00	2.988978e-01	1.627028e-01	1.194435e+00	0	2.166686e-01	0	0	9.299915e-01	1.709922e+00	0
TCGA-G3-AAV2-01A-11R-A37K-07	0	9.913734e-02	0	5.131791e+00	0	0	1.516497e+00	0	0	0	0	3.431734e-01	1.238852e+00	0
TCGA-G3-AAV3-01A-11R-A37K-07	3.348645e-02	4.832632e-01	0	4.634453e+00	0	0	9.065238e-01	1.046338e-01	7.197679e-02	1.529619e-01	1.815437e-01	6.078107e-01	8.526158e-01	0
TCGA-G3-AAV4-01A-11R-A38B-07	0	2.823242e-02	0	5.475088e+00	1.495214e-01	0	3.007542e-01	1.442639e-01	0	0	0	7.879163e-01	9.283645e-01	0
TCGA-G3-AAV5-01A-11R-A37K-07	0	0	0	4.159409e+00	0	0	5.474093e-01	0	0	0	0	3.749823e-01	1.363596e+00	0
TCGA-G3-AAV6-01A-21R-A37K-07	2.131495e-01	0	6.056693e-02	2.071662e+00	2.161292e-02	2.073063e-03	0	0	1.762413e+00	1.850496e-01	2.584441e-01	7.149859e-01	1.704996e+00	7.560237e-02
TCGA-G3-AAV7-01A-11R-A38B-07	0	6.080708e-02	2.138063e-01	7.250534e-01	0	0	0	6.400947e-02	0	9.309783e-02	5.174443e-01	1.497281e+00	1.232736e+00	5.419607e-01
TCGA-GJ-A3OU-01A-31R-A38B-07	0	4.764850e-01	1.011254e-01	9.313635e-01	2.435199e-01	0	1.261172e+00	1.305827e-01	2.777821e-01	8.802298e-01	3.199080e-01	9.058855e-01	1.082002e+00	6.454240e-02
TCGA-GJ-A6C0-01A-12R-A311-07	3.291685e-01	4.002934e-01	0	1.495294e-01	1.364648e-01	0	1.698861e+00	6.494193e-01	2.168911e-02	0	2.529854e-01	1.504157e+00	5.129611e-01	8.312225e-02
TCGA-GJ-A9DB-01A-11R-A37K-07	2.098198e-01	2.023336e-01	1.454873e-01	6.093631e-01	0	1.495258e-02	2.638088e+00	2.883548e-01	0	5.118489e-01	0	1.143992e+00	9.821540e-01	0
TCGA-HP-A5MZ-01A-21R-A27V-07	0	3.675307e-01	0	1.212447e+00	1.732971e-01	1.101185e-01	1.858040e+00	1.001242e-01	0	8.121776e-01	3.864054e-01	7.538711e-01	9.332045e-01	4.177418e-03
TCGA-HP-A5N0-01A-11R-A28V-07	0	1.507945e-01	0	4.968470e-01	2.106416e-01	0	3.011332e+00	6.285172e-01	0	6.331719e-01	0	1.221416e+00	6.136040e-01	0
TCGA-K7-A5RF-01A-11R-A28V-07	0	3.505054e-01	2.580498e-01	5.565066e-01	1.942104e+00	6.980815e-02	2.967102e+00	1.862681e-01	0	4.304814e-01	0	1.134270e+00	2.345252e-01	0
TCGA-K7-A5RG-01A-11R-A28V-07	2.849437e-01	6.230497e-01	0	6.132060e-01	2.412167e-01	3.641714e-02	2.245439e+00	1.896873e-01	2.243278e-01	3.021407e-01	0	1.343739e+00	1.133091e+00	4.258899e-02
TCGA-K7-A6G5-01A-11R-A311-07	0	3.524303e-01	2.438019e-02	1.334992e+00	5.093391e-01	2.620452e-02	2.303831e+00	2.468992e-01	0	4.400649e-01	2.312997e-01	6.553675e-01	6.099295e-01	0
TCGA-K7-AAU7-01A-11R-A38B-07	1.415687e-01	1.172772e-01	8.339149e-01	2.676946e-01	7.028210e-01	0	8.054465e-01	0	1.083970e-01	5.743643e-01	4.959565e-01	1.127451e+00	8.266045e-01	8.685584e-02
TCGA-KR-A7K0-01A-12R-A33R-07	0	1.819895e-01	4.868505e-02	3.562195e+00	5.209308e-01	1.164856e-01	1.275594e+00	0	0	3.963973e-01	3.434002e-01	5.598241e-01	1.026942e+00	0
TCGA-KR-A7K2-01A-12R-A33R-07	0	2.019351e-01	4.828688e-02	5.856038e-01	0	3.410018e-01	1.815098e+00	0	7.705731e-02	6.863025e-01	1.950953e-01	6.623489e-01	9.558994e-01	7.877675e-02
TCGA-KR-A7K7-01A-11R-A33J-07	2.357636e-01	4.355395e-01	0	2.572216e+00	6.748621e-02	4.400117e-02	0	0	9.908929e-01	0	5.816892e-01	4.540883e-01	1.151318e+00	1.677510e-02
TCGA-KR-A7K8-01A-11R-A33J-07	3.097168e-02	4.499170e-01	0	7.828718e-01	0	0	2.678126e+00	5.864637e-01	0	2.660739e-01	4.022854e-02	9.968267e-01	9.675172e-01	0
TCGA-LG-A6GG-01A-11R-A311-07	0	0	0	4.710836e-01	2.955198e-01	9.715424e-02	1.996236e+00	0	5.592641e-02	0	1.272729e-01	1.680690e+00	9.712468e-01	0
TCGA-LG-A9QC-01A-11R-A37K-07	0	0	1.177530e-02	4.188795e+00	4.153584e-03	0	2.974814e-01	1.126128e-01	0	0	0	9.098993e-01	5.672212e-01	0
TCGA-LG-A9QD-01A-11R-A38B-07	0	1.876772e-01	0	1.278716e+00	1.155647e+00	1.067700e-01	2.530636e+00	1.241601e-01	0	1.777045e-02	7.050392e-01	1.036802e+00	8.694835e-01	0
TCGA-MI-A75C-01A-11R-A32O-07	0	2.611735e-01	1.100372e-01	2.414264e+00	1.214887e-01	1.018373e-01	6.573944e-01	0	9.756179e-02	0	1.068421e-02	5.284865e-01	5.323058e-01	0
TCGA-MI-A75E-01A-11R-A32O-07	0	2.621326e-01	2.662030e-01	1.267478e+00	7.836176e-01	8.979331e-02	2.170275e+00	1.115774e-01	0	5.674580e-01	1.220480e-01	7.027305e-01	5.719561e-01	0
TCGA-MI-A75G-01A-11R-A32O-07	0	0	0	2.162970e+00	4.147223e-01	1.562145e-01	2.364855e+00	1.305255e-01	0	0	0	8.627958e-01	1.379658e+00	0
TCGA-MI-A75H-01A-11R-A32O-07	0	3.664821e-01	0	4.714710e+00	2.250401e-01	2.636102e-02	1.669431e+00	0	0	1.165641e-01	0	2.965805e-01	1.243986e+00	0
TCGA-MI-A75I-01A-11R-A32O-07	2.302762e-01	1.445394e-01	9.663781e-02	1.543387e+00	0	0	1.775951e+00	3.283921e-01	1.041774e-02	0	2.295214e-03	9.751923e-01	1.002299e+00	5.580463e-02
TCGA-MR-A520-01A-11R-A266-07	0	3.714790e-02	0	8.302712e-01	1.003685e+00	2.180098e-01	2.897929e+00	5.648196e-01	2.812873e-02	0	1.489770e-02	1.483325e+00	8.251768e-01	0
TCGA-MR-A8JO-01A-12R-A36F-07	0	3.832068e-02	1.124606e-01	1.326927e+00	3.526108e-01	7.964962e-01	1.481313e-01	0	1.527083e-01	7.574335e-01	8.468869e-01	9.701608e-01	1.478466e+00	0
TCGA-NI-A4U2-01A-11R-A28V-07	0	3.047004e-02	0	1.473402e+00	0	2.567013e-01	2.704232e+00	1.149426e+00	0	0	1.174312e-01	1.320797e+00	1.017655e+00	0
TCGA-NI-A8LF-01A-11R-A36F-07	0	0	6.564637e-02	3.036140e+00	4.691978e-01	5.475876e-02	1.963943e+00	1.969246e-01	1.281384e-01	4.555598e-01	0	7.603351e-01	1.216346e+00	0
TCGA-O8-A75V-01A-11R-A32O-07	0	2.911705e-01	6.426235e-02	1.723228e+00	0	0	1.564401e+00	0	2.058342e-01	5.272858e-01	2.255953e-01	4.681265e-01	1.044719e+00	0
TCGA-PD-A5DF-01A-11R-A27V-07	1.527194e-01	2.676125e-01	0	2.791020e-01	3.824518e-03	2.659033e-02	2.085569e+00	4.004830e-01	0	5.190138e-01	4.223469e-01	1.214157e+00	7.619384e-01	7.519189e-03
TCGA-QA-A7B7-01A-11R-A32O-07	1.596326e-01	2.476153e-01	0	3.666466e-01	0	9.905245e-02	2.069314e+00	7.464191e-01	1.272319e-01	0	0	1.647628e+00	1.050870e+00	2.690197e-01
TCGA-RC-A6M3-01A-11R-A32O-07	0	0	4.662765e-01	4.782027e-01	4.694568e-01	6.756864e-01	0	0	0	0	9.015557e-01	1.180847e+00	1.544572e+00	2.180755e-01
TCGA-RC-A6M4-01A-11R-A32O-07	0	0	4.700185e-02	4.271977e+00	1.008244e-01	0	1.549788e+00	6.524520e-02	0	0	0	4.694309e-01	9.908698e-01	0
TCGA-RC-A6M5-01A-11R-A32O-07	0	0	0	7.827538e-01	5.889503e-01	1.000440e+00	5.568826e-01	0	5.039240e-02	6.930984e-01	7.269448e-01	1.141328e+00	9.906845e-01	0
TCGA-RC-A6M6-01A-11R-A32O-07	2.032906e-01	0	4.886472e-01	8.776182e-01	2.395915e-01	5.875092e-02	0	1.442226e-03	7.954382e-01	0	1.160980e-01	1.093794e+00	1.165109e+00	0
TCGA-RC-A7S9-01A-11R-A33R-07	0	2.689282e-01	0	0	2.057558e-01	6.818205e-01	2.219802e-01	0	5.199026e-01	0	6.133540e-02	1.415308e+00	6.175969e-01	3.524256e-01
TCGA-RC-A7SB-01A-21R-A352-07	2.753008e-01	8.961531e-02	1.675681e-01	1.254435e+00	1.301439e-01	1.101605e-02	3.013963e+00	5.160704e-01	1.345841e-02	6.612396e-02	0	9.486970e-01	1.353185e+00	0
TCGA-RC-A7SF-01A-11R-A352-07	0	1.189951e-01	0	4.261054e-01	4.250052e-02	0	2.257582e+00	2.530210e-01	4.260757e-03	7.678024e-02	0	1.106032e+00	1.058115e+00	0
TCGA-RC-A7SH-01A-11R-A38B-07	0	0	5.869644e-01	0	0	1.143729e-01	2.016108e-01	2.806285e-01	7.297011e-01	5.130126e-01	0	8.477528e-01	5.006833e-01	0
TCGA-RC-A7SK-01A-11R-A352-07	0	0	2.824339e-01	9.737363e-01	0	1.102920e-01	2.278672e+00	9.363439e-02	0	3.714864e-01	0	7.363748e-01	1.265818e+00	0
TCGA-RG-A7D4-01A-12R-A33R-07	3.074331e-01	5.304463e-01	0	2.895777e+00	2.385159e-01	8.355079e-02	1.076967e-01	0	1.134481e+00	0	0	9.595874e-01	1.401117e+00	6.443013e-03
TCGA-T1-A6J8-01A-11R-A32O-07	2.419237e-02	0	2.193595e-01	5.781481e-01	0	2.296208e-03	2.164754e+00	2.529181e-01	1.305086e-02	4.688445e-01	0	8.110271e-01	8.840189e-01	0
TCGA-UB-A7MA-01A-11R-A33R-07	0	0	7.295414e-01	0	0	3.336122e-02	5.231841e-02	0	4.274688e-01	2.815429e-01	2.446919e-01	1.178069e+00	9.579881e-01	2.287650e-01
TCGA-UB-A7MB-01A-11R-A33R-07	0	0	0	5.302397e-01	0	1.281180e-01	2.757935e+00	6.280280e-01	0	0	0	1.583015e+00	1.601386e+00	2.835749e-01
TCGA-UB-A7MC-01A-11R-A33R-07	0	0	1.574507e-02	4.119474e+00	1.772918e-01	1.910978e-01	9.830956e-01	0	0	0	0	9.610983e-01	1.974613e+00	8.702893e-02
TCGA-UB-A7MD-01A-12R-A352-07	2.181193e-01	3.249620e-01	1.025356e-02	2.969419e+00	1.213871e-01	1.267441e-01	1.292381e+00	1.752790e-02	0	4.238217e-01	2.141151e-01	5.900379e-01	9.806648e-01	0
TCGA-UB-A7ME-01A-11R-A33J-07	0	2.641045e-01	4.001241e-01	2.259471e-01	0	3.046011e-02	1.375111e+00	1.499898e-01	8.396729e-01	8.506381e-01	0	8.843420e-01	8.325595e-01	0
TCGA-UB-A7MF-01A-11R-A33J-07	0	6.344005e-01	0	6.428451e-02	0	5.708823e-01	6.999794e-01	0	2.183394e-01	0	0	1.352566e+00	7.170756e-01	4.078325e-01
TCGA-UB-AA0U-01A-11R-A38B-07	0	2.419111e-01	2.083124e-01	2.774125e-01	6.269702e-01	0	2.157590e+00	2.348490e-01	1.764324e-01	7.468455e-01	0	1.320046e+00	7.587877e-01	4.748410e-02
TCGA-UB-AA0V-01A-11R-A38B-07	0	4.203630e-02	3.109949e-01	7.860783e-01	1.954223e+00	0	2.618505e+00	2.107164e-01	4.719990e-02	4.289472e-01	0	1.367702e+00	2.551330e-01	0
TCGA-WJ-A86L-01A-12R-A39D-07	2.357049e-01	1.400889e-01	0	0	0	0	1.739289e+00	8.369436e-01	3.919685e-02	0	0	1.565528e+00	2.028515e-01	2.074715e-02
TCGA-WQ-A9G7-01A-11R-A37K-07	0	0	8.853023e-01	1.300574e-01	3.479071e-01	4.654209e-02	6.506254e-01	2.709748e-01	4.710934e-01	3.575511e-01	1.216369e-01	6.409289e-01	5.783902e-01	0
TCGA-WQ-AB4B-01A-11R-A41C-07	0	1.362414e-01	1.231261e-02	9.482585e-01	2.256762e-01	1.063752e-01	2.501430e+00	0	0	5.256584e-01	5.724672e-01	3.950489e-01	1.367350e+00	0
TCGA-WX-AA44-01A-11R-A39D-07	0	6.673655e-02	4.021385e-01	2.572063e-01	0	5.414848e-02	8.953644e-01	1.452897e-01	1.322889e-01	6.093525e-01	0	9.941512e-01	4.757770e-01	2.901395e-01
TCGA-WX-AA46-01A-11R-A39D-07	0	0	0	1.795927e+00	2.034740e+00	0	2.959651e+00	1.469902e-01	0	0	0	1.210063e+00	8.258917e-01	0
TCGA-WX-AA47-01A-11R-A39D-07	0	0	8.526004e-02	2.512640e+00	1.979298e-01	1.109932e+00	0	3.761832e-02	0	0	1.182254e+00	6.874186e-01	1.216363e+00	0
TCGA-XR-A8TC-01A-11R-A36F-07	0	0	2.120951e-01	7.748666e-01	8.756301e-02	4.051028e-01	9.981223e-01	1.792303e-01	1.215534e+00	4.028509e-01	0	1.349799e+00	1.031430e+00	0
TCGA-XR-A8TD-01A-12R-A39D-07	3.554167e-01	4.932248e-01	7.431534e-02	3.570529e-01	3.745832e-01	6.116312e-02	2.293291e+00	4.883643e-01	0	4.920177e-01	1.226180e-02	1.215387e+00	6.978799e-01	0
TCGA-XR-A8TE-01A-11R-A36F-07	0	0	0	4.276165e+00	4.823030e-01	0	0	2.114887e-01	7.682303e-01	2.961424e-01	1.343861e-01	1.054351e+00	9.680316e-01	0
TCGA-XR-A8TF-01A-11R-A36F-07	0	3.369313e-02	0	3.069742e+00	3.608446e-01	2.068189e-01	2.108119e+00	0	3.374594e-01	0	7.057316e-03	9.142207e-01	2.109372e+00	0
TCGA-XR-A8TG-01A-11R-A36F-07	8.757992e-02	1.334799e-01	1.124937e-01	2.235688e-01	4.273011e-01	1.208223e-01	2.517407e+00	0	0	3.705350e-01	1.969006e-01	1.371822e+00	1.199088e+00	0
TCGA-YA-A8S7-01A-11R-A37K-07	0	3.225821e-01	9.131758e-02	1.489469e+00	3.050155e-01	0	4.590514e-01	8.718200e-02	0	4.610984e-01	4.206691e-01	1.065686e+00	1.251357e+00	1.053837e-01
TCGA-ZP-A9CV-01A-11R-A38B-07	0	3.944148e-01	0	1.566909e+00	1.673917e-01	2.249328e-01	1.558160e+00	0	0	3.795063e-01	1.261587e-01	1.068517e+00	4.747531e-01	0
TCGA-ZP-A9CY-01A-11R-A38B-07	0	2.536375e-01	0	6.526319e-01	1.087572e+00	1.725403e-01	2.488921e+00	3.155596e-01	0	3.540221e-01	1.728495e-01	1.352813e+00	3.184696e-01	0
TCGA-ZP-A9CZ-01A-11R-A38B-07	0	2.645155e-01	0	1.672346e-01	0	3.740775e-01	1.799837e+00	0	2.723377e-01	3.985391e-01	0	1.208411e+00	1.331547e+00	3.535558e-01
TCGA-ZP-A9D0-01A-11R-A37K-07	0	0	0	9.950434e-01	1.177024e-01	7.597800e-01	1.352877e+00	9.889028e-02	2.356937e-01	3.020891e-01	0	1.230767e+00	5.516269e-01	3.539569e-02
TCGA-ZP-A9D1-01A-11R-A38B-07	0	1.385381e-01	0	3.663724e-01	0	2.280738e-01	1.515935e+00	8.151149e-02	0	3.369773e-01	4.614197e-01	1.508349e+00	6.256937e-01	0
TCGA-ZP-A9D2-01A-11R-A38B-07	0	1.420978e-01	7.330099e-01	5.283403e-01	1.470920e-01	0	9.500619e-01	0	2.505424e-02	5.874116e-01	0	1.290062e+00	9.556363e-01	9.233064e-02
TCGA-ZP-A9D4-01A-11R-A37K-07	0	8.898869e-02	0	3.716765e+00	1.994286e-01	6.439395e-03	1.898443e+00	1.862456e-01	0	0	0	9.669784e-01	8.140567e-01	0
TCGA-ZS-A9CD-01A-11R-A37K-07	0	1.189073e-01	0	1.377113e+00	1.618760e-01	6.508565e-02	1.876838e+00	8.913243e-02	0	4.656184e-01	5.160081e-01	7.219618e-01	1.026467e+00	0
TCGA-ZS-A9CE-01A-11R-A37K-07	0	5.590101e-02	6.540536e-02	8.447261e-01	0	0	3.053799e+00	1.007170e+00	0	0	0	1.119586e+00	4.202814e-01	0
TCGA-ZS-A9CF-01A-11R-A38B-07	3.829929e-02	2.409300e-01	6.075611e-02	2.327449e-01	3.244660e-01	4.020146e-01	3.095381e+00	8.877479e-02	0	3.272477e-02	0	1.497439e+00	1.045735e+00	1.042042e-01
TCGA-ZS-A9CF-02A-11R-A38B-07	1.027261e-01	1.338901e-01	0	5.622600e-01	3.125300e-01	3.689357e-01	3.087273e+00	0	0	2.262410e-03	0	1.537839e+00	1.517403e+00	6.551337e-03
TCGA-ZS-A9CG-01A-11R-A37K-07	0	6.524260e-02	8.714701e-03	4.457509e+00	4.438490e-01	0	1.712976e+00	7.747993e-02	0	1.650468e-01	1.114585e-01	5.842955e-01	1.043745e+00	0
