sampleID	D16.12_SENGUPTA-NASOPHARYNGEAL-CARCINOMA-DN	D6.1_INAMURA-LUNG-CANCER-SCC-DN	D13.3_FARMER-BREAST-CANCER-CLUSTER-5	D13.4_REACTOME-TRANSLOCATION-OF-ZAP-70-TO-IMMUNOLOGICAL-SYNAPSE	D8.7_GNF2-SPRR1B	D6.4_MIPS-UTX-MLL2-3-COMPLEX	D7.1_chr11q25	D11.8_chr11q11	D16.8_REACTOME-BETA-DEFENSINS	D16.15_SASSON-FSH-RESPONSE	D16.14_SINGH-NFE2L2-TARGETS
TCGA-05-4244-01A-01R-1107-07	1.719112e-01	1.612893e+00	9.538540e-01	9.033951e-01	0	1.642317e-01	4.964759e+00	0	1.084273e+00	0	0
TCGA-05-4249-01A-01R-1107-07	0	1.977966e+00	5.213948e-01	1.415006e+00	2.035177e-01	1.406928e+00	4.790622e+00	3.062480e-01	1.536267e+00	0	0
TCGA-05-4250-01A-01R-1107-07	0	1.368538e+00	2.254263e+00	6.019545e-01	4.210407e-01	0	2.878157e+00	4.300943e-04	0	0	0
TCGA-05-4382-01A-01R-1206-07	0	1.359785e+00	1.877357e+00	1.700011e+00	1.714833e-01	1.526840e+00	2.995456e+00	9.680860e-02	1.904906e-01	0	0
TCGA-05-4384-01A-01R-1755-07	0	3.888601e+00	6.299259e-01	9.317914e-01	1.344791e-01	1.471878e+00	2.230753e+00	3.099021e-01	0	7.727008e-02	3.205651e-01
TCGA-05-4389-01A-01R-1206-07	0	1.888836e+00	6.745484e-01	2.235342e+00	4.203036e-01	1.590195e+00	2.230953e+00	1.947983e-01	3.885229e-01	0	4.626690e-01
TCGA-05-4390-01A-02R-1755-07	0	1.118523e+00	1.204570e+00	1.251156e+00	0	4.303773e+00	2.209483e+00	2.716120e+00	2.292760e-02	0	0
TCGA-05-4395-01A-01R-1206-07	0	6.451671e-01	2.449937e+00	0	5.496244e-01	0	8.062832e-01	0	0	4.784285e-01	2.363789e-01
TCGA-05-4396-01A-21R-1858-07	0	2.459572e+00	6.454895e-01	8.015129e-01	5.259397e-01	2.536167e+00	1.985058e+00	8.906408e-01	0	1.928330e-01	3.933418e-02
TCGA-05-4397-01A-01R-1206-07	0	1.393284e+00	1.205515e+00	1.913053e+00	1.956982e-01	1.471513e+00	1.325635e+00	0	2.293714e-01	2.202961e-02	2.509172e-01
TCGA-05-4398-01A-01R-1206-07	0	8.208154e-01	2.006882e+00	1.427184e+00	0	4.352982e-01	3.834721e+00	5.804738e-02	1.146240e-01	0	0
TCGA-05-4402-01A-01R-1206-07	3.787627e-01	1.706806e+00	1.114249e+00	1.205492e+00	6.528911e-01	9.145247e-01	3.782976e+00	0	7.765472e-01	0	4.295661e-02
TCGA-05-4403-01A-01R-1206-07	1.341116e-01	3.192278e+00	9.778132e-01	8.268633e-01	1.721100e+00	0	1.928730e+00	0	2.816318e-02	0	0
TCGA-05-4405-01A-21R-1858-07	2.197497e-02	1.892418e+00	1.229974e+00	1.029382e+00	1.688998e-02	1.139603e+00	4.837091e+00	3.725057e-02	1.152320e+00	0	0
TCGA-05-4410-01A-21R-1858-07	3.952175e-01	1.761686e+00	7.719094e-01	1.798747e+00	3.565687e-01	8.659389e-01	4.401643e+00	0	4.642993e-01	0	0
TCGA-05-4415-01A-22R-1858-07	0	1.756640e+00	1.751324e+00	0	0	1.398834e+00	0	0	0	6.110685e-01	3.533535e-03
TCGA-05-4417-01A-22R-1858-07	0	2.593292e+00	1.266622e+00	1.769829e+00	0	3.296374e+00	2.080846e+00	1.917731e+00	1.319523e-01	0	0
TCGA-05-4418-01A-01R-1206-07	0	1.568855e+00	1.865890e+00	1.097367e+00	8.327947e-01	5.979424e-01	2.451159e-01	2.369816e-01	0	5.506410e-01	2.328790e-01
TCGA-05-4420-01A-01R-1206-07	0	9.447462e-01	1.093177e+00	1.118324e+00	0	3.060464e+00	2.284799e+00	1.746533e+00	0	2.363993e-02	0
TCGA-05-4422-01A-01R-1206-07	0	2.551433e+00	0	2.760409e+00	3.248486e-01	2.059592e+00	2.060348e+00	5.138005e-01	0	0	3.371759e-01
TCGA-05-4424-01A-22R-1858-07	1.114832e-01	3.228142e+00	8.604178e-01	1.498399e+00	2.423676e-01	2.214152e+00	2.049564e+00	3.619871e-01	2.218599e-02	0	2.943660e-02
TCGA-05-4425-01A-01R-1755-07	0	2.049654e+00	1.085507e+00	1.244482e+00	5.325337e-01	1.802565e-01	4.081994e+00	0	1.242262e+00	0	0
TCGA-05-4426-01A-01R-1206-07	0	1.716866e+00	1.497895e+00	3.448408e-01	0	0	4.213353e+00	0	8.380917e-01	0	0
TCGA-05-4427-01A-21R-1858-07	0	1.494991e+00	1.459591e+00	8.663755e-01	0	1.026107e+00	3.785000e+00	2.018444e-02	3.346265e-01	0	0
TCGA-05-4430-01A-02R-1206-07	3.238264e-01	2.478748e+00	1.250844e+00	1.077605e+00	2.828972e-01	8.276571e-01	3.484887e+00	4.045441e-01	5.626585e-01	0	0
TCGA-05-4432-01A-01R-1206-07	0	2.514669e+00	7.143712e-01	2.229940e+00	0	3.756395e+00	1.644998e+00	1.630531e+00	0	0	5.781952e-02
TCGA-05-4433-01A-22R-1858-07	0	3.585711e+00	7.111923e-01	1.275214e+00	1.446069e+00	2.142165e-01	1.759577e+00	0	0	0	0
TCGA-05-4434-01A-01R-1206-07	5.160735e-01	2.049672e+00	1.631717e+00	1.494971e+00	1.163592e+00	6.018673e-01	2.298556e+00	0	4.334343e-01	1.278562e-01	2.100678e-01
TCGA-05-5420-01A-01R-1628-07	0	2.797878e+00	7.401407e-01	2.487972e+00	1.862837e-01	5.450366e-01	4.948985e-01	5.376092e-01	0	3.711346e-01	2.393221e-02
TCGA-05-5423-01A-01R-1628-07	0	2.761245e+00	6.930251e-02	1.368679e+00	0	0	4.475251e+00	0	1.440450e+00	0	2.747596e-02
TCGA-05-5425-01A-02R-1628-07	0	2.771908e+00	7.284875e-01	2.174978e+00	5.437268e-01	9.634671e-01	1.437643e+00	4.317745e-01	0	2.625075e-01	0
TCGA-05-5428-01A-01R-1628-07	0	1.089761e+00	1.237139e+00	6.412392e-01	0	0	3.032692e+00	0	4.974200e-01	0	3.280172e-01
TCGA-05-5429-01A-01R-1628-07	1.194148e-01	1.331528e+00	1.626922e+00	1.052184e-01	1.931396e+00	0	1.476192e+00	0	0	0	0
TCGA-05-5715-01A-01R-1628-07	0	1.699959e+00	8.376227e-01	1.170614e+00	8.954149e-01	8.961526e-01	3.926006e+00	2.233961e-01	1.117772e+00	0	0
TCGA-35-3615-01A-01R-0946-07	0	3.039859e+00	4.406748e-01	9.568800e-01	0	7.333675e-01	2.396266e+00	1.154541e-01	3.659583e-01	1.129476e-01	4.082929e-01
TCGA-35-4122-01A-01R-1107-07	0	1.706923e+00	1.687973e+00	1.319001e+00	9.752866e-02	0	2.214652e+00	0	1.905421e-01	0	9.885196e-02
TCGA-35-4123-01A-01R-1107-07	0	5.995069e-01	2.243611e+00	1.216800e+00	0	0	3.050002e+00	0	0	0	0
TCGA-35-5375-01A-01R-1628-07	3.493198e-01	1.497831e+00	1.387101e+00	1.121545e+00	1.104375e-01	8.124875e-01	5.223221e-01	0	1.781041e-01	0	4.798720e-01
TCGA-38-4625-11A-01R-1758-07	3.744978e-01	6.557174e+00	0	9.038677e-01	1.204139e-01	0	1.042810e+00	0	1.131729e-01	0	2.267811e-02
TCGA-38-4625-01A-01R-1206-07	0	2.062234e+00	1.588000e+00	1.326026e+00	0	0	1.934776e+00	0	0	5.073612e-02	2.221143e-02
TCGA-38-4626-11A-01R-1758-07	5.690579e-01	6.001814e+00	2.420193e-02	1.096907e+00	3.581842e-01	0	1.071691e+00	0	0	0	4.416571e-02
TCGA-38-4626-01A-01R-1206-07	0	4.664827e+00	7.315652e-01	1.350105e+00	3.458349e-02	7.107584e-01	2.403582e+00	2.534558e-01	4.455690e-01	3.248796e-02	0
TCGA-38-4627-11A-01R-1758-07	0	6.190450e+00	4.918277e-01	1.011611e+00	0	0	8.145014e-01	5.256600e-03	1.186941e-01	0	7.945317e-03
TCGA-38-4627-01A-01R-1206-07	3.939126e-01	2.459965e+00	2.265390e+00	3.999862e-01	5.558759e-01	8.127284e-01	2.278120e+00	2.744047e-01	7.805329e-01	0	1.138544e-01
TCGA-38-4628-01A-01R-1206-07	0	1.329465e+00	7.788329e-01	1.023070e+00	0	5.116083e-01	4.317343e+00	0	1.311607e+00	0	0
TCGA-38-4629-01A-02R-1206-07	0	1.004837e+00	2.677753e+00	7.918968e-01	0	0	2.721759e+00	0	0	0	0
TCGA-38-4630-01A-01R-1206-07	0	8.083770e-01	1.792582e+00	1.381869e+00	0	2.384459e+00	1.494644e+00	0	1.192517e-01	0	0
TCGA-38-4631-01A-01R-1755-07	0	7.950985e-01	1.571418e+00	1.188250e+00	5.440114e-01	1.364701e+00	2.015588e-01	3.510370e-01	0	2.043460e-01	2.390647e-01
TCGA-38-4632-11A-01R-1755-07	1.418195e-02	6.003608e+00	0	1.686230e+00	0	0	9.746914e-01	0	4.397363e-02	0	6.325126e-02
TCGA-38-4632-01A-01R-1755-07	0	1.016935e+00	1.429928e+00	1.141050e+00	0	0	3.750663e+00	3.359773e-01	3.874155e-01	0	0
TCGA-38-6178-01A-11R-1755-07	1.923104e-01	1.661138e+00	1.418569e+00	9.824469e-01	3.450249e-01	1.179568e+00	4.223964e+00	0	1.035692e+00	0	0
TCGA-38-7271-01A-11R-2039-07	7.227533e-02	3.580603e+00	8.361022e-01	1.942071e+00	6.184075e-02	8.354185e-01	3.126244e+00	1.259898e-01	6.862864e-01	2.120394e-02	0
TCGA-38-A44F-01A-11R-A24H-07	7.117633e-01	3.452511e+00	9.834410e-01	1.359720e+00	1.635055e+00	1.598294e-01	2.068506e+00	8.916957e-02	0	0	0
TCGA-44-2655-11A-01R-1758-07	2.527699e-01	6.580522e+00	4.543402e-01	4.713575e-01	5.546824e-02	7.318816e-01	1.125886e+00	0	1.321863e-01	0	0
TCGA-44-2655-01A-01R-0946-07	1.017691e-01	3.510838e+00	4.807845e-01	1.235680e+00	2.851079e-01	6.297333e-01	2.508094e+00	5.105759e-02	5.073349e-01	1.256425e-02	4.033622e-01
TCGA-44-2656-01A-02R-0946-07	0	2.424026e+00	9.652071e-01	1.699662e+00	0	1.269341e-01	3.890058e+00	0	2.633193e-01	0	2.233036e-02
TCGA-44-2657-11A-01R-1758-07	2.779480e-01	5.820250e+00	1.595268e-02	1.927433e+00	1.878624e-01	3.982483e-01	1.642355e+00	0	1.944169e-01	0	0
TCGA-44-2657-01A-01R-1107-07	4.108504e-01	3.036475e+00	4.242943e-01	2.431453e+00	4.396108e-01	6.988587e-01	3.447070e+00	0	9.101454e-01	0	1.347926e-02
TCGA-44-2659-01A-01R-0946-07	0	2.693407e+00	7.020999e-01	1.392871e+00	0	8.042512e-01	4.215362e+00	0	1.453549e+00	0	0
TCGA-44-2661-11A-01R-1758-07	0	6.031110e+00	6.552357e-01	1.176292e+00	0	5.355606e-01	1.704680e+00	0	4.379397e-01	0	0
TCGA-44-2661-01A-01R-1107-07	2.104355e-01	3.305806e+00	2.557088e-01	2.146907e+00	2.389358e-01	1.523460e-02	3.531891e+00	0	1.311463e+00	0	0
TCGA-44-2662-11A-01R-1758-07	0	7.064026e+00	5.679146e-01	8.488357e-01	0	3.600520e-01	8.755204e-01	0	0	0	0
TCGA-44-2662-01A-01R-0946-07	0	5.759292e-01	2.512184e+00	8.442944e-01	0	4.136105e-01	3.292492e+00	0	1.606585e-01	0	0
TCGA-44-2665-11A-01R-1758-07	0	6.314449e+00	4.728141e-01	9.930297e-01	0	5.607505e-01	1.534657e+00	0	3.043854e-01	0	0
TCGA-44-2665-01A-01R-0946-07	0	1.173664e+00	2.515148e+00	4.424083e-01	1.659865e-01	4.720760e-01	3.846721e+00	1.996385e-01	1.147411e+00	3.645268e-02	0
TCGA-44-2666-01A-01R-0946-07	1.361712e-01	2.997865e+00	6.438974e-01	2.518103e-01	4.251498e-01	6.295382e-01	3.500861e+00	5.540147e-02	9.595471e-01	9.923804e-02	0
TCGA-44-2668-11A-01R-1758-07	0	5.969192e+00	6.092067e-01	1.173874e+00	0	2.085930e-01	1.511588e+00	0	0	0	0
TCGA-44-2668-01A-01R-0946-07	0	1.045714e+00	3.024333e+00	7.878453e-01	1.772489e-01	2.038717e-01	2.454458e+00	0	0	2.717180e-02	0
TCGA-44-3396-11A-01R-1758-07	4.837692e-01	6.523196e+00	6.270249e-01	8.352924e-01	2.830503e-01	6.308141e-01	1.004589e+00	6.529761e-02	0	0	0
TCGA-44-3396-01A-01R-1206-07	0	1.272837e+00	2.115012e+00	1.493833e+00	0	7.820336e-01	3.481848e+00	2.359960e-01	1.744477e-01	0	0
TCGA-44-3398-11B-01R-1758-07	3.896830e-01	6.317732e+00	5.593495e-01	8.065263e-01	1.927533e-01	5.115191e-01	1.253373e+00	0	6.936968e-02	0	0
TCGA-44-3398-01A-01R-1107-07	2.435492e-01	2.739900e+00	1.596747e+00	6.057618e-01	3.990786e-01	0	2.813785e+00	1.886502e-01	8.917551e-01	4.798622e-02	4.240479e-02
TCGA-44-3918-01A-01R-1107-07	0	1.616637e+00	1.424537e+00	1.887239e+00	0	6.320238e-01	3.581640e+00	4.953032e-01	4.546419e-01	0	0
TCGA-44-3919-01A-02R-1107-07	1.954602e-01	1.939550e+00	8.976720e-01	1.682848e+00	2.868651e-01	9.201144e-01	4.471600e+00	1.497565e-01	1.076183e+00	0	0
TCGA-44-4112-01A-01R-1107-07	0	1.345669e+00	1.678507e+00	5.080381e-01	0	7.192499e-01	4.087847e+00	3.699491e-01	1.055137e+00	0	0
TCGA-44-5643-01A-01R-1628-07	5.748140e-01	1.879589e+00	1.392142e+00	9.301740e-01	6.240142e-01	1.256585e+00	6.981304e-01	0	0	8.195966e-02	7.437198e-02
TCGA-44-5644-01A-21R-2039-07	0	1.063045e+00	1.107602e+00	9.010153e-01	1.211000e-01	4.802356e+00	1.176354e+00	2.434197e+00	0	2.760400e-03	2.365762e-02
TCGA-44-5645-11A-01R-1628-07	2.405033e-03	6.696977e+00	7.485008e-02	1.036707e+00	0	4.819767e-01	1.228249e+00	0	2.844742e-01	0	0
TCGA-44-5645-01A-01R-1628-07	3.146247e-01	3.426137e+00	1.309087e-01	1.693038e+00	1.844936e-01	1.059968e+00	4.056679e+00	0	1.516721e+00	0	0
TCGA-44-6144-11A-01R-1755-07	0	6.709406e+00	1.477407e-01	1.107637e+00	0	1.965351e-01	1.006200e+00	0	4.173964e-03	0	6.653444e-03
TCGA-44-6145-11A-01R-1858-07	2.383272e-01	6.531125e+00	2.905837e-01	6.863522e-01	5.322757e-04	2.544736e-01	1.418874e+00	0	7.171366e-02	0	0
TCGA-44-6145-01A-11R-1755-07	0	2.434879e+00	1.875936e+00	1.387295e+00	9.435472e-01	6.704578e-01	1.452128e+00	0	0	2.988711e-01	2.477844e-01
TCGA-44-6146-11A-01R-1858-07	0	6.891311e+00	4.555367e-01	7.287649e-01	0	6.182887e-01	9.101897e-01	0	1.012776e-02	0	0
TCGA-44-6146-01A-11R-1755-07	0	3.499519e+00	6.820330e-01	9.234102e-02	1.606882e+00	7.125850e-01	1.920434e+00	0	4.937506e-02	0	0
TCGA-44-6147-11A-01R-1858-07	0	6.587084e+00	8.849242e-01	1.895081e-01	0	4.378559e-01	8.721161e-01	1.609964e-02	0	0	0
TCGA-44-6147-01A-11R-1755-07	9.143896e-01	2.903502e+00	8.061921e-01	1.182473e+00	7.374878e-01	1.519473e+00	3.253778e+00	2.816246e-01	5.795285e-01	0	0
TCGA-44-6148-11A-01R-1858-07	8.287701e-01	6.404244e+00	3.979156e-01	4.348530e-01	4.020992e-01	1.073092e+00	1.058215e+00	1.511524e-02	0	0	0
TCGA-44-6148-01A-11R-1755-07	9.417229e-01	4.661464e+00	3.747931e-01	8.204329e-01	9.108423e-01	1.340219e+00	1.916664e+00	1.612120e-02	3.454929e-01	0	0
TCGA-44-6774-01A-21R-1858-07	0	2.073110e+00	2.246815e+00	1.051122e+00	0	2.787445e+00	2.426426e+00	1.153603e+00	3.162439e-01	0	0
TCGA-44-6775-01A-11R-1858-07	2.324541e-01	1.680549e+00	1.777739e+00	1.174878e+00	6.027247e-01	1.047782e+00	3.752970e+00	0	1.078942e+00	0	0
TCGA-44-6776-11A-01R-1858-07	5.870013e-01	6.913971e+00	0	2.452880e-01	1.248951e-01	6.906701e-01	1.046917e+00	0	6.297912e-02	0	0
TCGA-44-6776-01A-11R-1858-07	6.487025e-02	3.613497e+00	1.117347e-02	7.029159e-01	2.201532e-01	1.439166e+00	2.862040e+00	1.761068e-01	4.024704e-01	0	2.518063e-01
TCGA-44-6777-11A-01R-1858-07	2.366080e-01	6.193428e+00	2.965582e-01	1.198226e+00	7.065390e-02	3.698287e-01	1.757308e+00	0	3.428377e-01	0	0
TCGA-44-6777-01A-11R-1858-07	0	2.389942e+00	1.800135e+00	1.399597e+00	0	5.749753e-01	3.852928e+00	0	1.018672e+00	0	0
TCGA-44-6778-11A-01R-1858-07	7.168546e-02	6.927126e+00	4.838620e-01	8.723325e-01	0	7.450417e-01	3.924156e-01	1.518924e-01	0	0	0
TCGA-44-6778-01A-11R-1858-07	0	4.804477e+00	6.636600e-01	2.245833e+00	0	2.389897e+00	4.884635e-01	5.700843e-01	0	0	8.648425e-02
TCGA-44-6779-01A-11R-1858-07	0	9.887691e-01	3.062764e+00	2.959760e-01	6.025681e-01	0	1.293284e+00	0	0	2.224828e-01	1.092447e-01
TCGA-44-7659-01A-11R-2066-07	6.682795e-01	2.876190e+00	3.752811e-02	9.623607e-01	1.815704e-01	7.880337e-01	4.521619e+00	1.581254e-01	1.154269e+00	2.552600e-02	0
TCGA-44-7660-01A-11R-2066-07	4.488866e-01	1.085465e+00	1.591608e+00	1.228391e+00	8.754545e-01	2.097696e+00	1.263975e+00	0	8.309879e-02	0	3.576186e-01
TCGA-44-7661-01A-11R-2066-07	0	2.479674e+00	2.405165e+00	5.042975e-01	2.005505e-01	3.720142e-02	2.790102e+00	0	2.722997e-02	2.582531e-02	0
TCGA-44-7662-01A-11R-2066-07	0	5.852498e-01	2.758090e+00	6.679030e-01	0	8.743716e-01	3.462596e+00	0	0	0	0
TCGA-44-7667-01A-31R-2066-07	0	8.390790e-01	1.351117e+00	9.857942e-01	0	4.133429e+00	9.052458e-01	1.666973e+00	0	0	5.069697e-02
TCGA-44-7669-01A-21R-2066-07	5.342443e-02	3.313988e+00	8.925340e-01	1.688042e+00	0	3.779108e+00	4.004219e-01	1.210835e+00	0	0	1.779283e-01
TCGA-44-7670-01A-11R-2066-07	5.659008e-01	2.113646e+00	1.161949e+00	1.004107e+00	9.243498e-01	2.318831e+00	1.321708e+00	4.262273e-01	0	0	2.415440e-01
TCGA-44-7671-01A-11R-2066-07	3.315607e-01	3.068508e+00	1.216648e+00	2.250446e-01	4.915226e-01	1.973346e+00	1.675138e+00	5.322045e-01	0	1.262265e-01	4.255734e-01
TCGA-44-7672-01A-11R-2066-07	1.456583e-01	1.674470e+00	1.662781e+00	1.756036e+00	4.379581e-01	1.121890e+00	3.481660e+00	6.562384e-01	3.550063e-01	0	0
TCGA-44-8117-01A-11R-2241-07	0	1.527740e+00	1.316054e+00	5.259032e-01	0	8.204965e-01	4.178214e+00	0	2.901155e-01	0	0
TCGA-44-8119-01A-11R-2241-07	0	1.825061e+00	1.890422e+00	1.153896e+00	0	4.397683e+00	1.463894e+00	2.252772e+00	0	0	0
TCGA-44-8120-01A-11R-2241-07	0	2.635588e+00	1.285367e+00	7.973485e-01	0	1.172728e+00	3.398854e+00	0	4.057483e-02	0	0
TCGA-44-A479-01A-31R-A24H-07	0	1.888208e+00	9.770615e-01	2.652073e+00	1.381568e-01	4.093778e+00	1.945900e+00	1.893208e+00	2.867070e-01	0	0
TCGA-44-A47A-01A-21R-A24H-07	0	1.650441e+00	5.462915e-01	2.045462e+00	1.705066e-01	8.982216e-01	4.659993e+00	1.509269e-01	1.546100e+00	0	0
TCGA-44-A47B-01A-11R-A24H-07	0	1.928294e+00	8.348063e-01	1.095708e+00	0	2.069014e+00	4.050755e+00	9.590078e-01	7.215691e-01	0	0
TCGA-44-A47G-01A-21R-A24H-07	4.019782e-01	2.276202e+00	1.419182e+00	1.655991e+00	5.050136e-01	3.861028e-02	3.763117e+00	0	4.204312e-01	0	9.893132e-02
TCGA-44-A4SS-01A-11R-A24X-07	0	1.605847e+00	2.231691e+00	1.380023e+00	1.067233e+00	5.254557e-01	1.473835e+00	0	0	0	3.621324e-01
TCGA-44-A4SU-01A-11R-A24X-07	3.808205e-01	1.095364e+00	1.003896e+00	1.198565e+00	5.150817e-01	1.745932e+00	4.810787e+00	3.036306e-01	1.374303e+00	0	0
TCGA-49-4486-01A-01R-1206-07	0	3.554202e+00	0	6.197921e-01	0	5.209323e-01	2.213621e+00	1.889355e-02	4.875199e-02	0	4.676769e-01
TCGA-49-4487-01A-21R-1858-07	0	2.329965e+00	1.143433e+00	2.218539e+00	0	2.017271e+00	2.229959e+00	5.821119e-01	1.026864e-01	1.405934e-01	0
TCGA-49-4488-01A-01R-1755-07	5.656647e-02	9.071379e-01	1.069327e+00	1.010954e+00	0	0	4.517489e+00	0	7.036938e-01	0	1.795676e-01
TCGA-49-4490-11A-01R-1858-07	2.161148e-01	6.333621e+00	4.229287e-01	5.064867e-01	0	0	3.470125e-01	0	7.829396e-02	0	3.223642e-02
TCGA-49-4490-01A-21R-1858-07	2.706044e-01	1.117429e+00	1.243688e+00	8.604484e-01	8.627809e-01	5.769087e-01	4.356676e+00	0	1.162689e+00	0	1.313628e-02
TCGA-49-4494-01A-01R-1206-07	0	1.166605e+00	1.195741e+00	7.289971e-01	3.751270e-01	1.095428e-01	3.492604e+00	4.977225e-01	5.481781e-01	5.849433e-02	4.226697e-02
TCGA-49-4501-01A-01R-1206-07	0	2.518578e+00	4.829472e-01	1.652208e+00	1.307356e-01	6.285269e-01	4.128211e+00	0	1.404197e+00	0	0
TCGA-49-4505-01A-01R-1206-07	8.776242e-02	1.819632e+00	1.066554e+00	1.206737e+00	0	3.273370e-02	4.714097e+00	2.065030e-02	8.659866e-01	0	0
TCGA-49-4506-01A-01R-1206-07	0	1.277164e+00	1.842033e+00	8.995283e-01	4.800261e-01	1.866737e-01	0	2.081628e-01	0	6.515489e-01	3.385561e-01
TCGA-49-4507-01A-01R-1206-07	0	6.650103e-01	2.107484e+00	1.483180e+00	7.865607e-01	0	6.877444e-01	0	0	4.563873e-01	4.023591e-01
TCGA-49-4510-01A-01R-1206-07	1.589870e-01	3.143850e+00	1.438266e-01	1.542231e+00	0	2.015032e+00	2.736739e+00	1.206491e+00	1.486496e-01	0	5.805509e-02
TCGA-49-4512-11A-01R-1858-07	3.509716e-01	5.657093e+00	0	1.049358e+00	0	0	1.574823e+00	0	4.365388e-01	0	0
TCGA-49-4512-01A-21R-1858-07	0	1.606248e+00	9.649911e-01	1.493318e+00	0	6.632559e-01	4.976850e+00	1.542202e-02	1.513719e+00	0	0
TCGA-49-4514-01A-21R-1858-07	1.023722e-01	1.423300e+00	6.621197e-01	1.975418e+00	1.067810e+00	1.447120e+00	1.780329e+00	5.163455e-01	4.559175e-02	1.216382e-01	3.695378e-01
TCGA-49-6742-11A-01R-1858-07	5.455896e-01	5.868681e+00	1.312640e-01	6.039198e-01	1.850837e-01	4.965622e-01	1.929996e+00	1.616878e-02	3.771979e-01	0	0
TCGA-49-6742-01A-11R-1858-07	0	2.898758e+00	6.445358e-01	8.136435e-01	1.145417e+00	1.340553e+00	9.007766e-01	2.887124e-01	8.548991e-02	3.567096e-01	1.819058e-01
TCGA-49-6743-11A-01R-1858-07	0	6.634055e+00	4.069878e-01	5.757467e-01	0	3.117239e-01	9.734666e-01	0	3.368498e-01	0	0
TCGA-49-6743-01A-11R-1858-07	0	1.847205e+00	1.855710e+00	9.290025e-01	4.178718e-01	1.630217e+00	1.732759e+00	1.248136e-01	0	2.830988e-01	1.494444e-01
TCGA-49-6744-11A-01R-1858-07	1.728368e-01	6.821587e+00	3.343927e-01	5.309230e-01	0	8.412165e-01	1.118541e+00	0	3.441227e-01	0	0
TCGA-49-6744-01A-11R-1858-07	1.185419e-02	2.900973e+00	1.129536e+00	1.682126e+00	3.418381e-01	8.875960e-01	3.238792e+00	1.397755e-01	7.667781e-01	7.863380e-03	0
TCGA-49-6745-11A-01R-1858-07	5.099549e-01	6.527031e+00	0	4.925770e-01	0	0	8.421273e-01	0	4.105634e-02	0	0
TCGA-49-6745-01A-11R-1858-07	3.461358e-01	2.409631e+00	1.990220e+00	3.421892e-01	3.109928e-01	0	3.118501e+00	0	4.659330e-02	0	0
TCGA-49-6761-11A-01R-1949-07	0	6.633056e+00	0	8.507625e-01	0	3.030374e-01	1.363066e+00	0	2.438132e-01	0	0
TCGA-49-6761-01A-31R-1949-07	0	8.511109e-01	1.873198e+00	9.307292e-01	0	2.977481e-01	4.250177e+00	1.433153e-01	1.854552e-01	0	0
TCGA-49-6767-01A-11R-1858-07	0	0	2.449987e+00	8.734560e-01	0	1.700783e-01	2.981508e+00	0	0	0	0
TCGA-49-AAQV-01A-11R-A39D-07	2.812114e-01	7.140064e-01	8.233501e-01	1.707246e+00	5.119364e-01	1.474623e+00	4.287520e+00	5.876879e-01	9.016941e-01	2.055368e-02	4.496323e-02
TCGA-49-AAR0-01A-21R-A39D-07	1.118392e-01	3.413989e+00	2.690830e-01	2.434250e+00	2.952925e-01	2.255246e+00	1.749782e+00	7.646912e-01	3.388115e-02	0	3.726283e-01
TCGA-49-AAR2-01A-11R-A39D-07	0	1.779347e+00	1.079635e-01	3.430820e+00	3.329161e-01	2.347770e+00	2.083794e+00	8.256655e-01	0	0	3.587783e-01
TCGA-49-AAR3-01A-11R-A41B-07	0	7.073701e-01	2.633656e+00	1.634040e+00	2.429729e-01	4.556566e-01	2.456170e+00	0	0	0	2.230766e-01
TCGA-49-AAR4-01A-12R-A41B-07	4.944060e-01	8.839203e-01	1.584119e+00	1.520885e+00	6.684407e-01	8.681359e-01	3.963873e+00	9.620978e-02	1.341994e-01	0	0
TCGA-49-AAR9-01A-21R-A41B-07	0	0	2.563847e+00	0	6.969780e-01	8.123259e-01	8.316129e-01	0	0	0	2.578731e-01
TCGA-49-AARE-01A-11R-A41B-07	2.195144e-01	9.151244e-01	1.367272e+00	1.532396e+00	8.510035e-01	1.397581e+00	2.290778e+00	2.287711e-02	0	4.151280e-03	1.969985e-01
TCGA-49-AARN-01A-21R-A41B-07	3.982710e-01	1.370334e+00	1.086183e+00	1.063607e+00	1.102287e+00	6.589479e-01	4.281161e+00	1.642148e-01	1.095857e+00	0	0
TCGA-49-AARO-01A-12R-A41B-07	6.072703e-01	1.437196e+00	1.710727e+00	1.314496e+00	6.681467e-01	4.812131e-01	3.881377e+00	6.378343e-02	2.805266e-01	0	0
TCGA-49-AARQ-01A-11R-A41B-07	0	7.108331e-01	2.947078e-01	2.652952e+00	2.794369e-01	1.723364e+00	3.716842e+00	1.837926e-01	1.211293e+00	0	1.524954e-01
TCGA-49-AARR-01A-11R-A41B-07	1.223874e+00	4.599448e+00	6.894051e-01	9.714044e-01	1.085727e+00	1.279138e+00	1.453742e+00	4.121823e-01	0	2.909969e-02	0
TCGA-4B-A93V-01A-11R-A39D-07	0	1.242657e+00	6.792534e-01	1.875545e+00	0	4.160292e+00	1.430285e+00	2.047621e+00	0	0	1.921567e-01
TCGA-50-5044-01A-21R-1858-07	1.854723e-01	2.185415e+00	2.049959e+00	6.496137e-01	3.424812e-01	0	2.137364e+00	1.242473e-01	0	0	2.186012e-02
TCGA-50-5045-01A-01R-1628-07	1.610619e-01	2.313087e+00	1.411785e+00	1.717448e+00	2.206070e-01	0	3.141283e+00	2.379486e-01	6.169852e-01	0	0
TCGA-50-5049-01A-01R-1628-07	3.143054e-02	2.602911e+00	1.348877e+00	2.146288e+00	0	7.919696e-01	2.629707e+00	1.018218e-03	1.915365e-01	0	0
TCGA-50-5051-01A-21R-1858-07	2.143728e-03	2.162388e+00	5.738608e-01	1.566895e+00	6.097124e-02	3.836872e+00	2.082806e+00	2.027379e+00	3.441699e-01	0	3.515858e-01
TCGA-50-5055-01A-01R-1628-07	4.960335e-01	2.522502e+00	1.073013e+00	2.088346e+00	5.638819e-01	5.017745e-01	2.814528e+00	1.933029e-01	5.609007e-01	0	0
TCGA-50-5066-01A-01R-1628-07	0	2.034566e+00	1.678064e+00	1.440469e+00	0	0	1.655918e+00	0	8.877404e-02	0	2.204141e-01
TCGA-50-5066-02A-11R-2090-07	3.814410e-01	2.108058e+00	1.491671e+00	8.170620e-01	2.925376e-01	1.867732e+00	2.260780e+00	0	0	0	3.046232e-01
TCGA-50-5068-01A-01R-1628-07	2.696767e-01	2.253031e+00	6.134670e-01	1.277854e+00	0	0	3.286797e+00	7.730063e-02	9.621664e-01	0	0
TCGA-50-5072-01A-21R-1858-07	0	2.467146e+00	1.657022e+00	6.709700e-01	8.817534e-01	1.792768e+00	4.670970e-01	5.559400e-01	0	4.305521e-01	2.617573e-01
TCGA-50-5930-11A-01R-1755-07	0	6.889660e+00	1.130692e-01	7.303309e-01	0	2.029381e-01	9.539587e-01	0	6.008785e-02	0	0
TCGA-50-5930-01A-11R-1755-07	0	2.480168e+00	1.540412e+00	1.214706e+00	5.922019e-01	1.755952e+00	1.076300e+00	6.819369e-01	0	4.599961e-01	1.681343e-02
TCGA-50-5931-11A-01R-1858-07	0	7.188256e+00	1.776131e-01	6.368552e-01	0	1.326244e-01	7.035444e-01	0	0	0	0
TCGA-50-5931-01A-11R-1755-07	5.442457e-01	1.147761e+00	2.135711e+00	1.611339e-01	4.707534e-01	2.598089e+00	1.098188e+00	1.847826e-01	1.751680e-01	0	1.562871e-01
TCGA-50-5932-11A-01R-1755-07	0	7.020841e+00	4.300039e-01	4.448352e-01	0	6.023591e-01	8.394472e-01	0	4.173463e-02	0	0
TCGA-50-5932-01A-11R-1755-07	0	2.536496e+00	4.679768e-01	4.333042e-01	0	1.621650e+00	3.432511e+00	2.028478e-01	9.862915e-02	0	2.965241e-02
TCGA-50-5933-11A-01R-1755-07	3.795643e-01	6.866889e+00	4.936122e-01	2.297305e-01	4.598491e-02	4.000947e-01	8.498322e-01	1.771862e-02	0	3.111020e-02	0
TCGA-50-5933-01A-11R-1755-07	0	8.841083e-01	3.028984e+00	2.194185e-01	0	1.328822e-01	3.067518e+00	0	0	0	0
TCGA-50-5935-11A-01R-1858-07	4.582892e-01	6.502321e+00	4.217379e-01	4.109423e-01	1.660702e-01	7.450273e-01	1.300881e+00	0	2.394386e-01	0	0
TCGA-50-5935-01A-11R-1755-07	0	2.275629e+00	2.526619e-01	1.629165e+00	0	1.867680e+00	4.726304e+00	6.704499e-01	1.548350e+00	0	0
TCGA-50-5936-11A-01R-1628-07	1.068939e-01	7.115602e+00	1.834326e-01	5.560447e-01	0	6.727158e-01	8.096095e-01	2.620400e-02	0	0	0
TCGA-50-5936-01A-11R-1628-07	0	1.824498e+00	1.913591e+00	4.207624e-01	6.286219e-01	1.531654e+00	1.513128e+00	4.043041e-01	3.598212e-01	4.209875e-01	1.196341e-01
TCGA-50-5939-11A-01R-1628-07	0	7.181238e+00	5.884029e-01	4.687557e-01	0	5.612091e-01	6.417442e-01	0	0	0	0
TCGA-50-5939-01A-11R-1628-07	0	2.870468e+00	2.317585e+00	5.674840e-01	6.103038e-01	3.589152e-01	7.186773e-01	0	0	3.661861e-01	2.338968e-01
TCGA-50-5941-01A-11R-1755-07	1.161404e-01	2.266914e+00	1.161889e+00	1.948277e+00	3.226905e-01	3.673939e-01	3.586790e+00	0	4.174190e-01	0	0
TCGA-50-5942-01A-21R-1755-07	5.845195e-01	3.841970e+00	1.078885e-01	5.708558e-01	4.361642e-01	1.144973e+00	3.874380e+00	9.089127e-02	1.666176e+00	4.084150e-02	0
TCGA-50-5944-01A-11R-1755-07	6.718269e-02	3.598148e+00	6.460077e-01	7.694394e-01	0	7.792532e-01	3.640073e+00	0	1.270786e+00	0	8.022480e-02
TCGA-50-5946-01A-11R-1755-07	1.533610e-01	5.598094e-01	1.253435e+00	4.090903e-01	1.228869e-02	2.103386e+00	3.756698e+00	1.608971e-02	3.784873e-01	0	0
TCGA-50-5946-02A-11R-2090-07	1.507700e-01	1.588925e+00	1.893497e+00	7.870212e-01	1.469824e-01	2.090381e+00	3.044167e+00	3.788523e-01	2.777997e-01	0	0
TCGA-50-6590-01A-12R-1858-07	0	1.026127e+00	2.888753e+00	1.332108e+00	1.098709e-01	5.269714e-01	9.833823e-01	0	0	4.205525e-02	9.485226e-02
TCGA-50-6591-01A-11R-1755-07	0	6.091169e-01	1.805439e+00	0	0	3.440563e+00	1.681688e+00	1.508490e-01	5.223029e-01	0	0
TCGA-50-6592-01A-11R-1755-07	0	1.547575e+00	2.279995e+00	1.275343e+00	1.046158e+00	1.171032e+00	4.700139e-01	0	0	2.160655e-01	3.213191e-01
TCGA-50-6593-01A-11R-1755-07	4.185693e-01	1.816852e+00	1.448595e+00	1.029101e+00	4.630714e-01	4.999810e-01	4.191142e+00	0	6.127851e-01	0	4.081801e-02
TCGA-50-6594-01A-11R-1755-07	0	0	2.174928e+00	5.056106e-01	0	3.335749e-01	3.685559e+00	0	3.742186e-01	0	7.881275e-02
TCGA-50-6595-11A-01R-1858-07	1.032180e-01	6.934733e+00	2.673693e-01	7.619135e-01	0	5.409928e-01	9.816042e-01	0	3.862792e-02	0	0
TCGA-50-6595-01A-12R-1858-07	2.518116e-01	1.227210e+00	3.205774e+00	0	6.460239e-01	1.532906e-01	1.828574e+00	0	0	4.283938e-02	0
TCGA-50-6597-01A-11R-1858-07	0	1.759443e+00	0	2.659287e+00	1.946377e-01	5.082439e-01	4.185726e+00	0	1.255767e+00	0	9.454700e-02
TCGA-50-6673-01A-11R-1949-07	2.843644e-01	2.332899e+00	1.232027e+00	8.282918e-01	1.016649e+00	1.234114e+00	3.067287e+00	2.109561e-01	8.528619e-01	1.625482e-02	0
TCGA-50-7109-01A-11R-2039-07	0	2.545798e+00	8.074536e-01	1.657008e+00	0	3.672167e+00	1.810731e+00	1.705473e+00	0	0	0
TCGA-50-8457-01A-11R-2326-07	2.008125e-01	3.022379e+00	5.554181e-01	1.645288e+00	0	1.278446e+00	4.515610e+00	1.248716e-01	1.357547e+00	0	0
TCGA-50-8459-01A-11R-2326-07	3.579167e-01	2.542574e+00	2.515969e+00	9.618667e-01	1.408276e+00	3.817743e-01	1.676794e+00	1.034497e-01	0	0	0
TCGA-50-8460-01A-11R-2326-07	1.895374e-01	3.118395e+00	4.511434e-01	1.538964e+00	1.957219e-01	1.209637e-02	4.328418e+00	0	1.277116e+00	0	4.813523e-02
TCGA-53-7624-01A-11R-2066-07	0	1.049524e+00	1.990132e+00	9.545485e-01	1.868349e-01	1.247910e+00	2.979774e-01	0	0	2.144279e-01	2.428441e-01
TCGA-53-7626-01A-12R-2066-07	8.517179e-02	3.821421e+00	7.826106e-01	1.304413e+00	0	7.539083e-01	3.573655e+00	0	6.724732e-01	0	0
TCGA-53-7813-01A-11R-2170-07	0	1.521532e+00	2.162245e-01	1.908299e+00	0	4.233051e+00	2.644165e+00	2.263420e+00	6.038538e-01	5.540335e-03	0
TCGA-53-A4EZ-01A-12R-A24X-07	0	1.196213e+00	3.007576e-01	2.175340e+00	0	3.493200e+00	2.158761e+00	9.582692e-01	4.719610e-01	0	4.855946e-01
TCGA-55-1592-01A-01R-0946-07	3.236615e-02	3.039284e+00	3.937746e-01	1.585791e+00	3.947615e-01	1.765445e+00	2.573733e+00	1.777578e-01	2.481694e-01	0	8.691876e-03
TCGA-55-1594-01A-01R-0946-07	0	1.944056e+00	6.684133e-01	1.845807e+00	0	4.010748e+00	1.506887e+00	1.579323e+00	1.150131e-01	0	1.354938e-01
TCGA-55-1595-01A-01R-0946-07	0	1.797193e+00	1.170449e+00	1.170179e+00	0	2.135871e+00	3.866219e+00	8.977624e-01	8.221343e-01	0	0
TCGA-55-1596-01A-01R-0946-07	0	8.892984e-01	9.767705e-01	1.716287e+00	8.377332e-01	2.129742e+00	1.160349e+00	5.258162e-01	0	9.348559e-02	1.476009e-01
TCGA-55-5899-01A-11R-1628-07	0	1.847229e+00	1.539536e+00	1.667143e+00	0	3.932922e+00	1.149503e-01	1.053571e+00	0	0	4.521244e-01
TCGA-55-6543-01A-11R-1755-07	3.170778e-01	2.575446e+00	1.068663e+00	2.922061e-01	3.710821e-01	6.484677e-01	3.887431e+00	1.205210e-01	1.114835e+00	1.737106e-02	0
TCGA-55-6642-01A-11R-1858-07	0	1.883691e+00	1.858549e+00	1.103737e+00	0	3.438280e+00	2.435793e+00	1.603027e+00	3.823740e-02	0	0
TCGA-55-6712-01A-11R-1858-07	3.449039e-01	1.578644e+00	2.041100e+00	6.762197e-01	2.744732e-01	0	3.552506e+00	0	0	0	0
TCGA-55-6968-11A-01R-1949-07	5.150896e-02	5.816950e+00	0	1.765568e+00	0	3.940181e-01	1.890061e+00	0	3.654656e-01	0	0
TCGA-55-6968-01A-11R-1949-07	0	1.493677e+00	1.660057e+00	1.939635e+00	0	3.490895e+00	6.188546e-01	6.067380e-01	0	0	2.583223e-01
TCGA-55-6969-11A-01R-1949-07	0	6.176267e+00	1.980107e-01	1.339918e+00	0	5.234067e-01	1.775228e+00	0	1.438432e-01	0	0
TCGA-55-6969-01A-11R-1949-07	0	1.676949e+00	1.496311e+00	2.254325e+00	0	3.744187e+00	1.533055e+00	1.402280e+00	1.191220e-03	0	0
TCGA-55-6970-11A-01R-1949-07	9.332382e-02	6.656472e+00	2.713042e-01	1.278670e+00	0	4.525924e-01	1.074998e+00	0	3.465570e-02	0	0
TCGA-55-6970-01A-11R-1949-07	0	3.250529e+00	1.032378e+00	9.317392e-01	3.079716e-01	1.456156e+00	1.323446e+00	3.922794e-01	8.126578e-02	4.302101e-01	1.748269e-01
TCGA-55-6971-11A-01R-1949-07	0	6.456792e+00	1.071187e-01	9.982896e-01	0	5.392787e-01	1.630702e+00	0	4.061512e-01	0	0
TCGA-55-6971-01A-11R-1949-07	1.113523e-02	3.125207e+00	1.013569e+00	2.142966e+00	2.471905e-01	2.555392e+00	2.109198e+00	1.354039e+00	6.973036e-02	4.961620e-02	0
TCGA-55-6972-11A-01R-1949-07	5.906426e-02	6.858125e+00	1.975575e-01	9.040023e-01	0	5.543652e-01	1.025210e+00	0	0	0	0
TCGA-55-6972-01A-11R-1949-07	0	2.817529e+00	0	2.391299e-01	0	1.262648e+00	2.182912e+00	0	0	0	4.449127e-01
TCGA-55-6975-11A-01R-1949-07	0	6.519861e+00	2.205375e-01	8.267802e-01	0	4.543805e-01	1.336615e+00	0	2.240054e-01	4.841637e-03	0
TCGA-55-6975-01A-11R-1949-07	0	1.412579e+00	2.969372e+00	0	4.922553e-01	1.653927e+00	9.959077e-02	0	0	3.543834e-01	2.343191e-01
TCGA-55-6978-11A-01R-1949-07	7.086888e-01	6.488988e+00	1.799466e-01	5.385032e-01	2.575145e-01	4.430600e-01	9.905627e-01	0	0	0	0
TCGA-55-6978-01A-11R-1949-07	1.070850e-01	1.688934e+00	2.734002e+00	9.000982e-01	1.264827e-01	6.420933e-01	2.355430e+00	0	0	0	0
TCGA-55-6979-11A-01R-1949-07	5.613886e-02	6.065424e+00	1.350846e-01	1.581826e+00	0	1.799047e-01	1.814718e+00	0	1.329193e-01	0	0
TCGA-55-6979-01A-11R-1949-07	5.696454e-02	1.754080e+00	1.422246e+00	1.945339e+00	3.461699e-01	8.621882e-01	3.726879e+00	1.141461e-01	6.826901e-01	0	0
TCGA-55-6980-11A-01R-1949-07	2.784184e-01	6.696891e+00	0	1.027386e+00	0	6.033513e-01	1.361111e+00	0	0	0	0
TCGA-55-6980-01A-11R-1949-07	1.353156e-01	2.008025e+00	1.601740e+00	9.988384e-01	5.319214e-01	3.457204e-01	4.024120e+00	0	1.016584e+00	0	6.127325e-02
TCGA-55-6981-11A-01R-1949-07	1.763857e-01	6.499376e+00	3.706053e-01	9.089901e-01	0	1.220963e+00	1.022866e+00	1.976747e-01	3.023797e-02	0	0
TCGA-55-6981-01A-11R-1949-07	0	1.021768e+00	1.503293e+00	5.948726e-01	2.653871e-01	9.959322e-01	4.737499e+00	0	1.063131e+00	0	0
TCGA-55-6982-11A-01R-1949-07	3.837473e-01	6.181645e+00	3.775306e-01	9.745246e-01	1.134862e-01	3.805285e-01	1.575563e+00	0	5.981166e-02	0	0
TCGA-55-6982-01A-11R-1949-07	1.769987e-01	1.333816e+00	1.678650e+00	1.321109e+00	5.584005e-01	6.772686e-01	3.951541e+00	0	7.463039e-01	0	5.766498e-02
TCGA-55-6983-11A-01R-1949-07	5.410166e-01	6.002375e+00	2.134727e-02	9.432488e-01	2.201666e-01	2.826532e-01	1.657326e+00	0	9.705902e-02	9.435113e-03	0
TCGA-55-6983-01A-11R-1949-07	5.324981e-01	2.815009e+00	8.438412e-01	1.422160e+00	6.845355e-01	2.809016e+00	2.155707e+00	1.655575e+00	1.355944e-01	0	0
TCGA-55-6984-11A-01R-1949-07	3.915578e-01	6.522725e+00	0	5.689828e-01	0	2.538842e-01	1.539300e+00	0	1.928558e-01	0	0
TCGA-55-6984-01A-11R-1949-07	2.707109e-01	1.801094e+00	1.532918e+00	2.896270e-01	1.886934e+00	3.281014e-01	2.103481e+00	7.486800e-02	0	0	0
TCGA-55-6985-11A-01R-1949-07	6.871327e-01	6.026590e+00	2.173204e-01	1.001650e+00	3.897206e-01	6.425047e-01	1.391096e+00	9.186249e-02	6.444107e-02	0	2.260531e-02
TCGA-55-6985-01A-11R-1949-07	9.051223e-01	2.170604e+00	1.394891e+00	8.270978e-01	7.300621e-01	1.091262e+00	3.548047e+00	2.094666e-01	4.520834e-01	0	0
TCGA-55-6986-11A-01R-1949-07	9.061727e-01	6.281284e+00	2.507548e-01	3.940160e-01	4.913692e-01	8.266272e-01	1.069859e+00	0	0	0	0
TCGA-55-6986-01A-11R-1949-07	2.571530e-02	2.584731e+00	9.510379e-01	5.056806e-01	2.534583e-01	4.963866e-01	3.743554e+00	2.987596e-02	1.065193e+00	5.678977e-02	0
TCGA-55-6987-01A-11R-1949-07	3.422963e-02	2.976378e+00	1.149673e+00	2.218566e+00	2.070023e-01	1.556559e+00	1.470250e+00	7.102138e-01	0	2.507257e-01	7.066963e-02
TCGA-55-7227-01A-11R-2039-07	1.656057e-01	2.347731e+00	1.323471e+00	9.000484e-01	1.112860e-01	4.249884e-01	4.335410e+00	0	1.019936e+00	0	0
TCGA-55-7281-01A-11R-2039-07	2.481068e-02	1.713996e+00	1.233851e+00	1.119627e+00	1.700772e-01	5.413937e-02	5.071208e+00	0	1.209859e+00	0	0
TCGA-55-7283-01A-11R-2039-07	2.298610e-01	2.824718e+00	2.130846e-01	9.399249e-01	0	8.523607e-01	4.438128e+00	2.879602e-01	8.347098e-01	0	0
TCGA-55-7284-01B-11R-2241-07	9.673255e-02	3.849516e+00	9.912390e-01	9.057596e-01	1.675312e+00	3.996628e-01	1.802910e+00	1.208482e-02	1.241849e-02	0	0
TCGA-55-7570-01A-11R-2039-07	0	1.553682e+00	1.663313e+00	6.082214e-01	2.112740e-01	3.049213e+00	2.533414e-01	4.464880e-01	3.016071e-02	1.971108e-02	4.605037e-01
TCGA-55-7573-01A-11R-2039-07	5.951813e-01	3.406286e+00	3.098812e-01	1.402180e+00	4.254135e-01	1.282003e+00	3.874728e+00	0	1.384962e+00	0	0
TCGA-55-7574-01A-11R-2039-07	0	3.095540e+00	1.320445e+00	1.761926e+00	0	1.672818e+00	2.860070e+00	7.227580e-01	2.300464e-01	6.743717e-02	0
TCGA-55-7576-01A-11R-2066-07	0	1.712203e+00	1.348685e+00	8.559192e-01	0	7.015540e-01	4.175164e+00	0	4.993351e-01	0	0
TCGA-55-7724-01A-11R-2170-07	9.832252e-01	4.160758e+00	1.343546e+00	2.094917e-01	8.212942e-01	7.073186e-01	8.910016e-01	0	2.195537e-01	1.451880e-01	4.267555e-02
TCGA-55-7725-01A-11R-2170-07	2.091451e-01	3.567786e+00	0	9.679478e-01	0	1.084589e-01	3.795661e+00	0	1.703625e+00	1.020074e-01	0
TCGA-55-7726-01A-11R-2170-07	4.037468e-01	1.189620e+00	3.254784e+00	0	7.652016e-01	3.493964e-01	1.722349e+00	0	1.262961e-03	5.581767e-02	0
TCGA-55-7727-01A-11R-2170-07	1.233004e-01	2.278408e+00	4.297242e-01	8.781214e-01	0	1.030949e+00	4.131230e+00	2.879073e-02	1.022154e+00	5.141567e-02	0
TCGA-55-7728-01A-11R-2187-07	6.942018e-03	2.573209e+00	5.881259e-01	2.502990e+00	1.721330e+00	0	2.759700e+00	0	1.479690e-01	0	0
TCGA-55-7815-01A-11R-2170-07	0	2.528412e+00	1.215745e+00	4.367358e-01	0	3.630592e+00	1.251255e+00	1.362321e+00	7.524913e-01	1.371287e-01	2.271548e-02
TCGA-55-7816-01A-11R-2170-07	0	3.693735e+00	1.636712e+00	1.279527e+00	0	9.875147e-01	2.102505e+00	0	4.496129e-01	1.436769e-02	0
TCGA-55-7903-01A-11R-2170-07	0	1.095313e+00	9.903497e-01	8.632528e-01	0	3.491491e-01	4.968621e+00	4.846006e-03	1.049184e+00	0	0
TCGA-55-7907-01A-11R-2170-07	2.530629e-01	1.235153e+00	1.378782e+00	1.190817e+00	4.026394e-01	1.198219e+00	3.856031e+00	0	2.393528e-01	0	0
TCGA-55-7910-01A-11R-2170-07	0	1.739233e+00	9.659334e-01	1.323711e+00	0	4.466214e+00	1.952082e+00	2.333299e+00	9.000922e-02	1.759370e-02	0
TCGA-55-7911-01A-11R-2170-07	0	1.599354e+00	8.886902e-01	1.468983e+00	0	3.285301e-01	4.518413e+00	6.533786e-02	6.671622e-01	6.282219e-03	0
TCGA-55-7913-01B-11R-2241-07	0	3.276843e-01	1.109021e+00	8.732789e-01	2.874436e-01	3.203665e+00	2.602866e+00	1.622224e+00	1.738027e-01	1.500586e-01	0
TCGA-55-7914-01A-11R-2170-07	0	1.982215e+00	6.064978e-01	1.542008e+00	0	1.184187e+00	4.266660e+00	0	1.368570e+00	0	0
TCGA-55-7994-01A-11R-2187-07	0	1.058427e+00	1.555225e+00	1.206573e+00	0	3.045891e-02	4.123181e+00	0	0	0	0
TCGA-55-7995-01A-11R-2187-07	3.441098e-02	1.987589e+00	9.539312e-01	2.510981e+00	8.154564e-01	1.957702e+00	1.901984e+00	0	2.807900e-01	0	3.294817e-01
TCGA-55-8085-01A-11R-2241-07	0	2.207055e+00	6.639945e-01	2.639335e+00	0	1.920381e+00	2.108476e+00	2.071618e-01	0	0	4.069159e-01
TCGA-55-8087-01A-11R-2241-07	0	2.740363e+00	0	1.191622e+00	4.399078e-02	1.736724e+00	4.599290e+00	1.278811e-01	1.921516e+00	0	0
TCGA-55-8089-01A-11R-2241-07	0	2.712106e+00	2.064868e+00	1.305995e+00	6.942675e-01	0	1.191763e+00	0	0	1.921807e-01	9.199577e-02
TCGA-55-8090-01A-11R-2241-07	2.741041e-01	1.958034e+00	1.584457e+00	1.969766e-01	5.984160e-01	4.905603e-01	4.023735e+00	2.143081e-01	6.021737e-01	0	0
TCGA-55-8091-01A-11R-2241-07	5.153994e-01	2.086249e+00	1.895640e+00	6.235513e-01	4.372125e-01	7.308125e-01	3.401468e+00	1.077360e-01	8.086360e-01	0	9.008752e-02
TCGA-55-8092-01A-11R-2241-07	0	1.726429e+00	1.562671e+00	1.915306e+00	6.500815e-01	1.375861e+00	1.542574e+00	1.316313e-01	0	1.928576e-01	0
TCGA-55-8094-01A-11R-2241-07	0	1.584912e+00	1.977995e-01	7.635988e-01	2.583266e-01	3.432693e+00	1.273109e+00	1.864305e+00	0	1.854187e-01	4.659581e-02
TCGA-55-8096-01A-11R-2241-07	0	1.345668e+00	1.560408e+00	1.473656e+00	6.623887e-01	1.649719e+00	3.875801e+00	3.604661e-01	1.333147e+00	0	0
TCGA-55-8097-01A-11R-2241-07	8.855548e-02	3.222643e+00	1.167810e-01	1.361890e+00	8.748636e-02	1.370082e+00	4.303957e+00	1.110794e-01	1.436102e+00	0	0
TCGA-55-8203-01A-11R-2241-07	0	1.763276e+00	7.997320e-01	1.859962e+00	2.941233e-01	3.417776e+00	2.793006e+00	2.130985e+00	3.815880e-01	2.827476e-02	0
TCGA-55-8204-01A-11R-2241-07	1.333913e+00	1.789156e+00	2.177323e+00	0	1.372716e+00	9.800296e-01	1.460638e+00	5.041533e-02	0	1.182818e-01	4.653995e-02
TCGA-55-8205-01A-11R-2241-07	0	2.325027e+00	1.822857e+00	1.672769e+00	5.417661e-03	3.657141e-02	2.417540e+00	0	0	0	0
TCGA-55-8206-01A-11R-2241-07	0	4.194003e+00	2.938562e-02	1.654552e+00	0	1.220207e+00	3.417201e+00	0	1.385348e+00	0	3.652565e-02
TCGA-55-8207-01A-11R-2241-07	8.651885e-02	2.879240e+00	1.084852e+00	7.012123e-01	0	7.069667e-01	4.648717e+00	0	1.352929e+00	0	0
TCGA-55-8208-01A-11R-2241-07	3.396726e-01	2.560463e+00	1.355314e+00	2.271211e+00	7.800129e-01	1.153717e+00	2.076455e+00	9.534581e-02	9.684846e-02	0	1.572094e-01
TCGA-55-8299-01A-11R-2287-07	0	2.945819e+00	1.769022e+00	1.440795e+00	2.992803e-01	7.998186e-01	2.102153e+00	2.531096e-01	3.738893e-01	3.245578e-01	0
TCGA-55-8301-01A-11R-2287-07	0	1.690170e+00	1.218430e+00	2.365499e+00	0	9.389012e-01	3.800759e+00	0	5.488750e-01	0	0
TCGA-55-8302-01A-11R-2326-07	4.994805e-03	9.655028e-01	1.698644e+00	9.800597e-01	4.097994e-01	0	3.794651e+00	0	4.970659e-02	0	1.441347e-01
TCGA-55-8505-01A-11R-2403-07	0	1.575694e+00	2.346899e+00	3.238559e-01	1.487698e+00	1.765388e+00	5.476685e-01	2.086116e-01	0	3.079292e-01	3.473305e-01
TCGA-55-8506-01A-11R-2403-07	0	7.725238e-01	1.309650e+00	1.010887e+00	0	9.096244e-01	5.185789e+00	3.078914e-01	8.402387e-01	0	0
TCGA-55-8507-01A-11R-2403-07	0	2.748319e+00	4.679503e-01	1.741437e+00	0	3.243104e+00	2.526286e+00	1.654253e+00	1.101325e-01	0	0
TCGA-55-8508-01A-11R-2403-07	1.160431e-01	1.420865e+00	1.353443e+00	1.607575e+00	3.645645e-01	3.673352e+00	2.211057e+00	2.025047e+00	1.466513e-02	6.294149e-02	0
TCGA-55-8510-01A-11R-2403-07	0	2.494221e+00	1.047044e+00	1.999875e+00	3.800212e-01	3.253775e-01	3.659473e+00	0	4.570975e-01	0	2.108174e-01
TCGA-55-8511-01A-11R-2403-07	3.627031e-02	1.052844e+00	1.783690e+00	1.336689e+00	2.486564e-01	6.872166e-01	3.749039e+00	3.876353e-02	2.911006e-02	4.151935e-02	0
TCGA-55-8512-01A-11R-2403-07	1.207331e+00	4.328957e+00	3.465828e-01	4.563173e-01	1.074782e+00	1.449275e+00	1.787646e+00	3.364882e-01	0	4.359400e-03	1.311015e-01
TCGA-55-8513-01A-11R-2403-07	6.774590e-01	4.267505e+00	4.733108e-01	1.612640e+00	1.451055e+00	4.912805e-01	2.203782e+00	0	3.900637e-02	0	0
TCGA-55-8514-01A-11R-2403-07	0	1.807395e+00	1.646240e-01	1.694284e+00	0	9.069684e-01	5.116137e+00	1.004895e-01	1.211059e+00	0	0
TCGA-55-8614-01A-11R-2403-07	8.261359e-01	2.340813e+00	1.782646e+00	3.663168e-01	7.156801e-01	1.448487e+00	2.315622e+00	1.268458e-01	2.178425e-01	0	2.384617e-03
TCGA-55-8615-01A-11R-2403-07	0	1.515123e+00	7.753048e-01	1.146162e+00	0	4.240181e+00	2.417717e+00	2.500871e+00	0	0	0
TCGA-55-8616-01A-11R-2403-07	5.253699e-01	1.605642e+00	7.542397e-01	7.136969e-01	3.152547e-01	9.422957e-01	4.676840e+00	0	6.688086e-01	0	0
TCGA-55-8619-01A-11R-2403-07	1.423887e-01	4.264784e+00	6.900252e-01	1.773924e+00	1.237255e+00	3.659896e-01	2.224517e+00	0	1.353896e-01	0	0
TCGA-55-8620-01A-11R-2403-07	0	2.241044e+00	7.377169e-01	2.336297e+00	9.512222e-02	3.660075e+00	4.086643e-01	8.550765e-01	0	0	3.745292e-01
TCGA-55-8621-01A-11R-2403-07	4.919921e-01	4.310365e+00	7.818462e-01	1.611374e+00	4.387840e-01	9.511459e-01	2.295106e+00	2.002907e-01	1.524526e-01	0	2.597651e-02
TCGA-55-A48X-01A-11R-A24H-07	6.612673e-01	2.386243e+00	7.609343e-01	1.563879e+00	5.869202e-01	1.078396e+00	4.081800e+00	0	6.028991e-01	0	0
TCGA-55-A48Y-01A-11R-A24H-07	0	1.797865e+00	1.745166e+00	1.048349e+00	2.491155e-01	2.137266e+00	1.530183e+00	4.988954e-01	0	1.248041e-01	2.545549e-01
TCGA-55-A48Z-01A-12R-A24X-07	0	6.313361e-01	1.508782e+00	1.685678e+00	1.334600e-01	1.921158e+00	4.468540e+00	3.588871e-01	1.408303e+00	0	0
TCGA-55-A490-01A-11R-A466-07	0	4.452460e-01	1.758193e+00	8.289123e-01	0	2.174684e+00	3.994969e+00	6.717347e-01	3.613640e-01	0	0
TCGA-55-A491-01A-11R-A24H-07	0	5.655037e-01	1.143703e+00	2.152625e+00	6.994183e-01	1.535767e+00	3.902907e+00	7.121360e-02	1.100447e+00	0	0
TCGA-55-A492-01A-11R-A24H-07	0	3.331030e+00	0	1.606823e+00	1.281654e-02	1.484686e+00	2.192360e+00	5.936085e-01	1.487111e-01	0	5.603299e-01
TCGA-55-A493-01A-11R-A24H-07	0	2.245716e-01	2.578433e+00	1.266706e+00	7.235257e-02	8.163712e-01	3.424055e+00	0	0	0	0
TCGA-55-A494-01A-11R-A24X-07	0	0	7.471246e-01	3.874495e-01	2.897492e-03	3.700285e+00	4.466119e+00	1.688463e+00	7.740572e-01	0	0
TCGA-55-A4DF-01A-11R-A24H-07	2.725046e-01	2.143104e+00	8.657302e-01	2.220011e+00	4.291865e-01	2.716609e+00	1.522586e+00	4.983590e-01	4.088871e-02	0	1.991791e-01
TCGA-55-A4DG-01A-11R-A24H-07	1.041354e-01	2.695555e+00	2.242250e-01	1.432230e+00	0	1.063948e+00	4.548194e+00	0	8.140456e-01	0	0
TCGA-55-A57B-01A-12R-A39D-07	4.182317e-02	2.975487e+00	1.133433e+00	6.416852e-01	2.103402e-01	5.000446e-01	3.929840e+00	0	1.126777e+00	0	4.881654e-02
TCGA-62-8394-01A-11R-2326-07	9.493097e-02	1.475269e+00	9.184624e-01	1.499040e+00	7.840474e-01	1.198064e+00	3.641490e+00	0	9.468812e-01	0	2.314920e-02
TCGA-62-8395-01A-11R-2326-07	0	3.162348e+00	6.300711e-01	1.343707e+00	1.081646e-01	2.016470e+00	3.057840e+00	2.259431e-01	5.104495e-01	0	2.540648e-01
TCGA-62-8397-01A-11R-2326-07	0	2.262706e+00	4.195146e-01	1.312506e+00	0	1.374507e-01	4.771652e+00	0	1.721635e+00	0	1.413443e-01
TCGA-62-8398-01A-11R-2326-07	0	1.690635e+00	1.872217e+00	7.389501e-01	1.244249e+00	1.586467e+00	1.105659e+00	4.741944e-01	0	2.849015e-01	2.583687e-01
TCGA-62-8399-01A-21R-2326-07	0	2.992195e+00	1.259583e+00	7.512355e-01	0	1.809453e+00	2.151004e+00	2.018131e-01	0	1.181440e-01	0
TCGA-62-8402-01A-11R-2326-07	0	7.038356e-01	8.806385e-01	2.283277e+00	3.223177e-01	3.228118e+00	2.488914e+00	1.310733e+00	1.599960e-01	0	0
TCGA-62-A46O-01A-11R-A24H-07	0	1.046642e+00	1.336078e+00	0	5.104962e-01	2.212468e+00	1.983496e-01	1.277978e-02	0	6.771749e-01	1.517002e-01
TCGA-62-A46P-01A-11R-A24H-07	0	2.519195e+00	0	2.018826e+00	0	2.918345e+00	2.686444e+00	1.781199e+00	1.749038e-01	0	0
TCGA-62-A46R-01A-11R-A24H-07	1.745075e-01	1.272079e+00	9.550362e-01	1.217295e+00	0	3.865549e-01	4.889090e+00	0	9.827570e-01	0	3.979499e-03
TCGA-62-A46S-01A-11R-A24H-07	0	3.035842e+00	1.377928e-01	1.709198e+00	2.644604e-01	2.546749e+00	2.500023e+00	1.335640e+00	2.154536e-02	0	0
TCGA-62-A46U-01A-11R-A24H-07	0	1.117992e+00	9.357096e-01	2.243796e+00	7.732998e-02	6.718084e-01	4.480512e+00	0	1.035897e+00	0	1.051354e-01
TCGA-62-A46V-01A-11R-A24H-07	0	1.100653e+00	1.115890e+00	7.412692e-01	0	1.226894e-01	5.392192e+00	0	1.980584e+00	0	1.178819e-01
TCGA-62-A46Y-01A-11R-A24H-07	6.131226e-01	2.285938e+00	5.560600e-01	1.059284e+00	3.857157e-01	0	4.500145e+00	0	1.015567e+00	0	0
TCGA-62-A470-01A-11R-A24H-07	0	3.397451e+00	0	1.917500e+00	2.086210e-01	2.920652e+00	1.590639e+00	1.137479e+00	1.395824e-01	0	3.483465e-01
TCGA-62-A471-01A-12R-A24H-07	0	8.709336e-01	1.842734e+00	2.418227e-01	1.289482e+00	1.399892e+00	2.032456e-01	2.077804e-01	0	6.223725e-01	3.906718e-01
TCGA-62-A472-01A-11R-A24H-07	0	1.450195e+00	9.558125e-01	1.070354e+00	0	1.403106e-01	4.541052e+00	0	8.514014e-01	0	7.585720e-02
TCGA-64-1676-01A-01R-0946-07	0	7.820337e-01	1.676064e+00	9.234993e-01	0	0	3.891335e+00	0	7.724379e-01	0	4.450979e-02
TCGA-64-1677-01A-01R-0946-07	6.037012e-02	9.432501e-01	6.602041e-01	1.537259e+00	0	1.249632e+00	3.413735e+00	9.555105e-01	6.819268e-01	6.003220e-02	0
TCGA-64-1678-01A-01R-0946-07	0	7.575883e-01	8.009514e-01	7.501270e-01	0	3.754189e+00	8.259877e-01	2.313504e+00	1.755350e-01	0	3.543261e-01
TCGA-64-1679-01A-21R-2066-07	1.425195e-01	1.032158e+00	2.454426e+00	3.126392e-01	4.817207e-01	1.015129e+00	3.736429e+00	0	6.660642e-01	0	0
TCGA-64-1680-01A-02R-0946-07	6.688445e-01	2.116323e+00	2.165448e-01	2.869736e-01	2.739647e-01	0	4.800353e+00	8.835227e-02	1.241059e+00	0	0
TCGA-64-1681-01A-11R-2066-07	4.830901e-01	2.946105e+00	2.242646e-01	1.587739e+00	4.990058e-01	8.267092e-01	3.892121e+00	0	1.132536e+00	0	3.708818e-03
TCGA-64-5774-01A-01R-1628-07	0	7.408210e-01	1.396998e+00	9.017997e-01	0	4.907235e+00	2.033070e+00	2.691724e+00	0	0	0
TCGA-64-5775-01A-01R-1628-07	0	1.330474e+00	2.915734e+00	0	0	3.697521e-01	0	0	0	0	0
TCGA-64-5778-01A-01R-1628-07	2.677819e-01	1.460068e+00	3.025485e-01	2.114373e+00	2.286535e-02	0	4.433690e+00	0	6.113705e-01	0	0
TCGA-64-5779-01A-01R-1628-07	0	1.986569e+00	1.323480e+00	1.550465e+00	0	4.643136e+00	1.631816e+00	1.937655e+00	6.764924e-02	0	0
TCGA-64-5781-01A-01R-1628-07	0	8.391837e-01	2.672776e+00	5.317861e-01	5.711146e-01	0	8.739273e-01	0	0	4.212879e-01	2.618942e-01
TCGA-64-5815-01A-01R-1628-07	0	1.830759e+00	2.507443e+00	5.240718e-01	3.938691e-01	2.348156e-01	3.226111e+00	1.773076e-01	4.682998e-01	5.378149e-03	0
TCGA-67-3770-01A-01R-0946-07	0	3.036114e+00	0	1.401665e+00	0	0	3.981112e+00	0	1.483947e+00	0	1.787071e-01
TCGA-67-3771-01A-01R-0946-07	9.050732e-03	2.140380e+00	1.196215e+00	1.987789e+00	5.345045e-01	2.446974e+00	1.261866e+00	3.052707e-01	3.671066e-02	0	3.583394e-01
TCGA-67-3772-01A-01R-0946-07	2.411549e-01	2.402635e+00	7.018737e-01	1.208925e+00	4.786546e-01	3.398732e-01	3.771325e+00	2.928255e-02	1.489794e+00	0	0
TCGA-67-3773-01A-01R-0946-07	0	3.282270e+00	1.690972e-01	1.349982e+00	0	0	4.137947e+00	0	1.608683e+00	0	0
TCGA-67-3774-01A-01R-0946-07	2.872549e-01	3.755012e+00	4.348068e-01	1.677878e+00	3.753370e-01	1.612759e+00	2.315790e+00	5.678995e-01	1.346270e-01	1.914953e-02	1.223773e-01
TCGA-67-4679-01B-01R-1755-07	2.201961e-01	4.039673e+00	0	1.081955e+00	0	6.769387e-01	4.045082e+00	0	1.219386e+00	0	0
TCGA-67-6215-01A-11R-1755-07	0	2.031808e+00	4.804374e-01	6.334027e-01	6.539334e-02	2.868349e-01	4.829834e+00	0	1.437628e+00	0	0
TCGA-67-6216-01A-11R-1755-07	1.566589e-01	1.510723e+00	9.481947e-01	9.344326e-01	3.729918e-01	0	5.262083e+00	0	1.419165e+00	0	0
TCGA-67-6217-01A-11R-1755-07	6.288548e-02	2.884061e+00	7.806839e-02	1.815927e+00	0	1.023824e+00	4.795994e+00	0	1.291622e+00	0	0
TCGA-69-7760-01A-11R-2170-07	0	5.403510e-01	1.271140e+00	0	0	1.645774e+00	4.546784e+00	3.768970e-01	1.431444e+00	0	0
TCGA-69-7761-01A-11R-2170-07	0	1.840361e+00	1.966667e+00	1.466188e+00	1.644920e+00	5.805201e-01	1.771174e+00	0	0	0	0
TCGA-69-7763-01A-11R-2170-07	2.324923e-01	3.626880e+00	1.214537e+00	4.982881e-01	3.385894e-01	1.381609e+00	2.258267e+00	5.038282e-01	0	1.258928e-01	0
TCGA-69-7764-01A-11R-2170-07	0	3.439245e+00	0	1.261774e+00	0	2.399941e+00	2.892830e+00	6.302238e-01	2.623072e-01	5.200953e-02	0
TCGA-69-7765-01A-11R-2170-07	0	1.990895e+00	1.657235e+00	8.480780e-01	0	1.280450e+00	4.122259e+00	3.728387e-01	8.035369e-01	0	0
TCGA-69-7973-01A-11R-2187-07	0	2.142038e+00	7.873081e-01	1.441717e+00	0	4.429227e+00	2.258713e+00	2.427023e+00	3.499205e-01	0	0
TCGA-69-7974-01A-11R-2187-07	2.712390e-01	2.471741e+00	1.235367e+00	1.034636e+00	2.690227e-01	5.510105e-01	3.579129e+00	1.006346e-01	2.327092e-01	8.187243e-03	0
TCGA-69-7978-01A-11R-2187-07	7.553295e-03	1.590177e+00	2.356243e+00	1.355691e+00	2.073126e-01	6.462204e-01	2.965925e+00	3.869068e-02	0	0	6.630626e-02
TCGA-69-7979-01A-11R-2187-07	1.667758e-01	1.028520e+00	1.677929e+00	6.890931e-01	1.614373e-01	1.797575e+00	3.125607e+00	0	1.899326e-01	0	1.347877e-01
TCGA-69-7980-01A-11R-2187-07	1.188448e-01	1.921620e+00	1.024798e+00	1.650565e+00	5.508115e-01	1.404257e+00	3.531231e+00	4.375073e-02	4.617209e-01	0	0
TCGA-69-8253-01A-11R-2287-07	3.791248e-03	2.884360e+00	7.827328e-01	7.586430e-01	3.054647e-01	9.864136e-01	2.904090e+00	3.635762e-01	4.322380e-01	1.433335e-01	2.525978e-01
TCGA-69-8254-01A-11R-2287-07	5.340505e-01	3.239525e+00	4.442465e-01	9.099441e-01	1.348759e+00	6.786067e-01	3.193297e+00	1.771882e-01	6.367726e-01	0	0
TCGA-69-8255-01A-11R-2287-07	0	2.572973e+00	1.144238e-01	2.610993e+00	0	1.800237e+00	4.736820e-01	4.043067e-01	0	3.163745e-01	1.829423e-01
TCGA-69-8453-01A-12R-2326-07	4.167484e-01	4.086489e+00	7.743698e-01	1.500681e+00	1.427678e+00	0	1.831695e+00	0	0	0	0
TCGA-69-A59K-01A-11R-A262-07	2.258502e-02	2.054852e+00	1.313503e+00	1.317278e+00	0	1.206981e+00	2.925421e+00	0	1.647502e-01	0	2.234445e-01
TCGA-71-6725-01A-11R-1858-07	0	1.376898e+00	3.572880e-01	5.121412e-01	0	5.374988e-01	5.318868e+00	0	8.542790e-01	0	0
TCGA-71-8520-01A-11R-2403-07	0	8.463836e-01	1.524223e+00	8.423161e-01	2.477236e-01	1.181619e+00	5.326459e+00	0	1.915159e+00	0	0
TCGA-73-4658-01A-01R-1755-07	0	2.314902e+00	1.822206e+00	8.693697e-01	0	3.367320e-01	3.757592e+00	2.554022e-01	5.304850e-01	0	0
TCGA-73-4659-01A-01R-1206-07	3.255179e-03	3.052108e+00	9.079494e-01	1.351967e+00	1.067031e-01	2.938534e+00	1.743157e+00	1.740533e+00	4.679758e-02	4.293130e-02	1.771340e-01
TCGA-73-4662-01A-01R-1206-07	0	2.252666e+00	5.961558e-01	1.463829e+00	0	9.971230e-01	4.780699e+00	1.285681e-01	1.049597e+00	0	0
TCGA-73-4666-01A-01R-1206-07	0	1.285554e+00	1.835580e+00	1.257183e+00	0	0	2.611846e+00	0	0	0	3.024296e-01
TCGA-73-4668-01A-01R-1206-07	0	1.046618e+00	2.055315e+00	1.934774e-01	0	1.044551e+00	4.178164e+00	4.302471e-02	3.898734e-01	0	0
TCGA-73-4670-01A-01R-1206-07	0	9.633548e-01	2.385676e+00	9.969561e-02	6.675531e-01	1.037602e+00	7.839833e-01	4.781311e-01	0	5.868803e-01	2.234393e-01
TCGA-73-4675-01A-01R-1206-07	1.359117e-01	2.054239e+00	1.515926e+00	7.349478e-01	4.270975e-01	1.296622e+00	2.626182e+00	2.731051e-01	1.016486e-01	0	3.266139e-01
TCGA-73-4676-11A-01R-1755-07	9.267271e-02	6.774256e+00	4.717797e-02	9.491778e-01	0	0	6.939359e-01	0	0	0	9.001093e-03
TCGA-73-4676-01A-01R-1755-07	0	2.208158e+00	1.613568e+00	5.891405e-02	0	0	2.695540e+00	0	1.663618e-01	0	3.288163e-01
TCGA-73-4677-01A-01R-1206-07	1.368383e-01	3.888672e+00	4.447202e-01	7.946078e-01	2.027833e-01	1.091085e+00	1.930705e+00	2.526538e-01	0	8.951397e-02	3.161839e-01
TCGA-73-7498-01A-12R-2187-07	0	3.706673e+00	1.981599e-01	1.583890e+00	0	1.969342e+00	3.362213e+00	3.796173e-01	4.479361e-01	0	1.670946e-01
TCGA-73-7499-01A-11R-2187-07	3.674580e-01	1.100715e+00	5.892338e-01	2.351034e+00	3.293186e-01	9.235528e-01	3.408942e+00	1.854338e-01	8.709621e-01	0	8.763129e-02
TCGA-73-A9RS-01A-11R-A41B-07	0	1.329294e+00	8.545336e-01	1.000255e+00	6.326781e-02	2.206494e+00	1.209291e+00	7.389798e-01	0	4.517297e-01	0
TCGA-75-5122-01A-01R-1755-07	0	2.182150e+00	1.661743e+00	1.808757e+00	0	0	2.490506e+00	0	0	0	0
TCGA-75-5125-01A-01R-1755-07	0	1.213932e+00	1.798075e+00	1.297536e+00	0	3.167851e-01	3.649008e+00	0	1.568664e-02	0	0
TCGA-75-5126-01A-01R-1755-07	4.179267e-01	2.884890e+00	1.505686e+00	1.062653e+00	5.623188e-01	0	2.349658e+00	6.628441e-02	0	2.242200e-02	0
TCGA-75-5146-01A-01R-1628-07	2.559360e-01	3.639720e+00	0	1.427921e+00	0	1.152549e+00	2.951048e+00	4.173481e-01	5.129556e-01	0	0
TCGA-75-5147-01A-01R-1628-07	2.884010e-01	1.436561e+00	8.096647e-01	1.980280e+00	6.343771e-01	1.441502e+00	2.883248e+00	3.724665e-01	9.024411e-01	0	5.295439e-02
TCGA-75-6203-01A-11R-1755-07	0	5.104428e+00	2.344986e-01	1.378034e+00	1.143372e-01	5.265927e-01	2.615209e+00	9.681348e-02	9.415061e-01	0	0
TCGA-75-6205-01A-11R-1755-07	0	1.644895e+00	2.481515e+00	1.249815e+00	1.584055e-01	0	2.860287e+00	0	4.679390e-02	0	8.040194e-02
TCGA-75-6206-01A-11R-1755-07	0	3.505680e+00	5.543044e-01	1.173437e+00	0	1.758871e+00	2.833014e+00	5.149009e-02	1.038452e-01	0	1.972616e-01
TCGA-75-6207-01A-11R-1755-07	0	1.148993e+00	1.442657e+00	2.030052e-01	0	4.319132e-01	3.842406e+00	0	5.407814e-01	0	3.542279e-02
TCGA-75-6211-01A-11R-1755-07	0	1.393439e+00	1.324942e+00	1.380574e+00	2.619711e-01	4.166675e+00	1.253155e+00	1.607627e+00	7.261360e-02	0	3.856852e-01
TCGA-75-6212-01A-11R-1755-07	0	3.136724e+00	4.663087e-01	1.513603e+00	0	2.729745e-01	4.204590e+00	0	1.544875e+00	0	7.165166e-02
TCGA-75-6214-01A-41R-1949-07	6.624633e-01	4.940968e-01	2.097108e+00	0	1.189002e+00	3.254962e-01	2.404512e+00	0	0	4.513063e-02	3.155558e-02
TCGA-75-7025-01A-12R-1949-07	7.903798e-01	3.069428e+00	7.379486e-01	1.146161e+00	7.626893e-01	8.531641e-01	3.756643e+00	0	1.123207e+00	0	8.560957e-04
TCGA-75-7027-01A-11R-1949-07	0	1.525793e+00	2.376299e+00	2.761710e-01	8.455115e-01	2.513118e+00	2.913146e-01	7.918236e-01	0	2.495335e-01	3.362820e-01
TCGA-75-7030-01A-11R-1949-07	7.356035e-01	3.421012e+00	1.845478e+00	3.769970e-01	1.547363e+00	5.605373e-01	1.949270e+00	2.110068e-01	0	0	0
TCGA-75-7031-01A-11R-1949-07	0	2.718957e+00	0	2.535659e+00	0	3.393334e+00	1.747472e+00	1.509405e+00	8.179466e-02	0	2.621342e-01
TCGA-78-7143-01A-11R-2039-07	3.164376e-01	1.689749e+00	5.561336e-01	1.201851e+00	3.472631e-01	8.647628e-01	4.796862e+00	0	1.230473e+00	0	0
TCGA-78-7145-01A-11R-2039-07	0	1.116744e+00	1.488621e+00	3.015238e-01	0	4.880028e-01	4.791862e+00	0	1.185826e+00	0	1.888639e-03
TCGA-78-7146-01A-11R-2039-07	0	2.176407e-01	2.548958e+00	0	0	3.658880e-01	2.601993e+00	0	0	0	2.723969e-01
TCGA-78-7147-01A-11R-2039-07	5.287723e-01	1.358666e+00	4.138338e-01	1.353536e+00	5.653789e-01	8.220855e-01	4.233715e+00	0	1.333351e+00	0	9.987215e-02
TCGA-78-7148-01A-11R-2039-07	0	2.459392e+00	9.279059e-01	7.303395e-01	6.966530e-01	2.015617e+00	1.564562e+00	7.560405e-01	3.194426e-02	3.169975e-01	2.507716e-01
TCGA-78-7149-01A-11R-2039-07	9.885047e-02	2.835497e+00	6.176892e-01	1.268417e+00	2.906432e-01	1.774546e+00	1.852962e+00	2.808420e-01	0	3.259091e-04	4.441883e-01
TCGA-78-7150-01A-21R-2039-07	0	1.294399e+00	2.373672e+00	0	8.255296e-01	2.075791e+00	0	0	0	4.665370e-01	2.882339e-01
TCGA-78-7152-01A-11R-2039-07	3.802739e-02	2.236089e+00	7.474413e-01	1.451585e+00	1.838480e-01	1.175935e+00	3.532001e+00	4.754399e-01	1.641750e-01	0	0
TCGA-78-7153-01A-11R-2039-07	0	2.082566e+00	1.986890e-01	1.673993e+00	3.871849e-02	3.137407e+00	2.478517e+00	1.559423e+00	3.902723e-01	0	1.844032e-01
TCGA-78-7154-01A-11R-2039-07	1.539160e-01	2.578996e+00	1.398868e+00	4.189510e-01	1.058320e+00	1.584703e+00	5.806846e-01	0	0	0	4.151672e-01
TCGA-78-7155-01A-11R-2039-07	0	1.460539e+00	1.030090e+00	4.282450e-01	0	2.944025e+00	9.942932e-02	0	0	0	0
TCGA-78-7156-01A-11R-2039-07	0	4.136793e+00	0	5.713445e-01	0	1.802693e+00	1.440240e+00	0	0	0	4.292967e-01
TCGA-78-7158-01A-11R-2039-07	0	2.092835e+00	2.514930e-01	7.843958e-01	0	1.159702e+00	4.432744e+00	4.705296e-02	1.796007e+00	0	0
TCGA-78-7159-01A-11R-2039-07	8.959532e-03	1.669031e+00	9.806355e-01	1.510146e+00	0	4.504465e+00	2.172977e+00	2.599373e+00	1.770752e-01	0	0
TCGA-78-7160-01A-11R-2039-07	0	3.384104e+00	1.328310e+00	9.450128e-01	6.401223e-01	1.573127e+00	1.153570e+00	2.904405e-01	0	2.380898e-01	3.106173e-01
TCGA-78-7161-01A-11R-2039-07	0	2.138674e+00	7.126595e-01	1.009877e+00	0	4.058265e+00	2.517030e+00	2.152217e+00	3.388264e-01	6.116950e-02	0
TCGA-78-7162-01A-21R-2066-07	1.691166e-01	5.081576e+00	1.172747e-01	1.435969e+00	0	1.411571e+00	1.571644e+00	2.986717e-02	0	0	2.819604e-01
TCGA-78-7163-01A-12R-2066-07	2.847056e-01	7.568516e-01	3.687843e-01	1.379950e-01	4.233009e-01	1.079317e+00	4.474939e+00	0	1.699335e+00	0	1.671604e-01
TCGA-78-7166-01A-12R-2066-07	0	1.140850e+00	1.228894e+00	1.091660e+00	9.131573e-01	1.354087e+00	1.286928e+00	5.076612e-01	0	4.620804e-01	3.356090e-01
TCGA-78-7167-01A-11R-2066-07	1.588788e-01	2.831740e+00	3.853451e-01	1.002047e+00	0	2.367739e+00	2.720265e+00	2.799387e-01	1.884979e-01	0	3.912272e-01
TCGA-78-7220-01A-11R-2039-07	0	2.125572e+00	1.337476e+00	2.884161e-01	8.825987e-01	2.273794e+00	0	2.868967e-01	2.184152e-02	4.841481e-01	3.134610e-01
TCGA-78-7535-01A-11R-2066-07	0	9.950475e-01	9.108588e-01	1.294232e+00	0	6.006795e-01	5.088865e+00	2.417960e-01	6.378529e-01	0	0
TCGA-78-7536-01A-11R-2066-07	1.244367e-02	1.075397e+00	8.187312e-01	1.574282e+00	0	4.074079e+00	1.574680e+00	1.813328e+00	0	0	0
TCGA-78-7537-01A-11R-2066-07	0	2.728375e+00	5.410299e-01	1.460280e+00	8.254749e-02	1.740046e+00	3.212605e+00	7.164101e-01	5.768388e-01	0	0
TCGA-78-7539-01A-11R-2066-07	0	1.919990e+00	5.151344e-02	2.359817e+00	0	1.342145e+00	4.368402e+00	5.271990e-02	1.139123e+00	0	0
TCGA-78-7540-01A-11R-2066-07	1.642972e-01	2.732598e+00	7.772262e-01	5.745397e-01	1.940929e+00	0	2.319722e+00	0	6.215612e-02	0	0
TCGA-78-7542-01A-21R-2066-07	3.233385e-01	7.767138e-01	2.082058e+00	0	7.209617e-01	0	2.327227e+00	0	0	8.667263e-02	0
TCGA-78-7633-01A-11R-2066-07	0	4.287158e+00	3.154134e-02	5.616226e-01	0	2.032228e+00	1.641757e+00	0	0	0	4.155482e-01
TCGA-78-8640-01A-11R-2403-07	0	1.920474e+00	7.751146e-01	1.598397e+00	1.452858e-01	1.499119e+00	2.066276e+00	0	0	3.044612e-02	1.767392e-01
TCGA-78-8648-01A-11R-2403-07	0	3.624813e+00	1.581240e+00	2.350640e+00	0	1.309803e+00	2.125970e+00	1.571958e-01	2.165552e-01	0	0
TCGA-78-8655-01A-11R-2403-07	0	1.729804e+00	1.097618e+00	9.372792e-01	1.121837e-01	3.016596e-01	4.627977e+00	0	1.073693e+00	0	0
TCGA-78-8660-01A-11R-2403-07	0	2.195309e+00	1.062512e+00	1.774090e+00	3.303500e-02	5.720969e-01	3.071299e+00	0	0	0	2.139926e-01
TCGA-78-8662-01A-11R-2403-07	0	1.744321e+00	4.981048e-01	8.284705e-01	0	9.037993e-01	2.971063e+00	0	0	0	0
TCGA-80-5607-01A-31R-1949-07	9.134487e-02	2.668807e+00	1.037298e+00	8.405808e-01	5.964570e-01	3.718263e-01	3.314601e+00	2.714432e-01	3.903143e-01	7.736243e-02	0
TCGA-80-5608-01A-31R-1949-07	9.079178e-02	2.419344e+00	1.968521e-01	1.696913e+00	5.675536e-01	3.596258e+00	2.127915e+00	2.386051e+00	0	3.784402e-02	0
TCGA-80-5611-01A-01R-1628-07	0	9.707365e-01	1.356996e+00	1.828271e+00	9.588766e-02	1.048467e+00	2.018600e+00	0	0	0	2.004272e-01
TCGA-83-5908-01A-21R-2287-07	3.180060e-01	9.557881e-01	2.421003e+00	9.924904e-01	4.429832e-01	5.061325e-01	2.767389e+00	0	0	0	0
TCGA-86-6562-01A-11R-1755-07	0	1.919314e+00	1.575978e+00	4.032156e-01	1.173045e-02	1.226026e+00	4.013583e+00	2.639235e-01	5.788277e-01	0	0
TCGA-86-6851-01A-11R-1949-07	0	1.489850e+00	1.059768e+00	2.547759e+00	2.341045e-01	1.498037e+00	4.046969e+00	0	6.401051e-01	0	0
TCGA-86-7701-01A-11R-2170-07	0	2.326751e+00	1.180630e+00	1.705075e+00	0	4.233892e+00	1.218544e+00	2.326630e+00	0	5.896639e-02	0
TCGA-86-7711-01A-11R-2066-07	0	1.400601e+00	2.429036e+00	8.943815e-01	0	1.148816e+00	7.917945e-01	0	0	1.590226e-01	3.262294e-01
TCGA-86-7713-01A-11R-2066-07	0	1.851687e+00	4.786233e-01	8.826177e-01	0	3.981949e+00	2.631361e+00	1.742422e+00	0	8.821235e-02	0
TCGA-86-7714-01A-12R-2170-07	9.330749e-02	2.175778e+00	7.837022e-01	4.406346e-01	3.307337e-01	5.202124e-01	4.998531e+00	0	1.956254e+00	1.584853e-02	0
TCGA-86-7953-01A-11R-2187-07	0	1.533169e+00	1.340478e+00	1.550562e+00	1.134666e-01	2.389002e+00	3.023694e+00	6.491540e-01	5.898466e-01	0	0
TCGA-86-7954-01A-11R-2187-07	8.661483e-02	1.861067e+00	6.277986e-01	2.450901e+00	4.752950e-01	2.179301e+00	3.299064e+00	4.895115e-01	7.940310e-01	0	4.414750e-02
TCGA-86-7955-01A-11R-2187-07	0	5.116344e-01	1.187903e+00	2.962098e-02	1.832639e-01	2.185868e+00	1.565437e+00	2.421399e-01	0	4.219420e-01	2.794584e-02
TCGA-86-8054-01A-11R-2241-07	0	2.204948e+00	1.063293e+00	3.466511e-01	0	4.410543e+00	1.118298e+00	1.988490e+00	1.325940e-01	4.122779e-02	0
TCGA-86-8055-01A-11R-2241-07	1.369254e-02	1.570805e+00	2.271692e+00	5.114649e-01	6.063372e-01	1.091037e+00	3.285291e+00	0	9.938247e-01	7.691740e-04	0
TCGA-86-8056-01A-11R-2241-07	2.762542e-01	3.062062e+00	4.681650e-01	1.032810e+00	5.784625e-01	1.095050e+00	3.646018e+00	0	9.075365e-01	0	0
TCGA-86-8073-01A-11R-2241-07	1.232350e-02	2.782265e+00	1.034095e+00	1.062777e+00	1.561051e-01	1.448817e+00	2.684182e+00	0	1.302403e-01	0	2.639739e-01
TCGA-86-8074-01A-11R-2241-07	1.085353e-01	9.132917e-01	1.903507e+00	8.480578e-01	3.341814e-01	1.079971e+00	4.218014e+00	0	1.165007e+00	0	1.733200e-02
TCGA-86-8075-01A-11R-2241-07	3.883776e-02	1.649139e+00	1.936417e+00	8.859437e-01	5.215746e-01	1.364070e+00	3.476856e+00	0	1.009594e+00	0	0
TCGA-86-8076-01A-31R-2241-07	5.755337e-01	2.988109e+00	7.815860e-01	1.768351e+00	4.659963e-01	1.424602e+00	2.563312e+00	6.691149e-01	9.197439e-02	1.121401e-01	1.475104e-02
TCGA-86-8278-01A-11R-2287-07	3.286866e-01	1.233801e+00	1.692725e+00	6.435782e-01	5.476337e-01	9.443885e-01	4.555815e+00	5.894494e-02	1.239722e+00	0	0
TCGA-86-8279-01A-11R-2287-07	0	1.237096e+00	1.281982e+00	8.609388e-01	0	1.324073e+00	4.650603e+00	0	1.019024e+00	0	0
TCGA-86-8280-01A-11R-2287-07	3.407780e-01	2.944939e+00	6.218690e-01	1.863499e+00	3.661561e-01	9.734356e-01	3.930007e+00	0	1.125630e+00	0	0
TCGA-86-8281-01A-11R-2287-07	0	2.876555e+00	5.298787e-01	1.094139e+00	0	2.042958e+00	2.732402e+00	2.648021e-01	8.152457e-02	4.312027e-03	3.849764e-01
TCGA-86-8358-01A-11R-2326-07	0	1.931585e+00	1.348325e+00	1.464220e+00	0	4.329405e+00	3.500654e-01	1.054233e+00	0	0	3.196528e-01
TCGA-86-8359-01A-11R-2326-07	0	1.240237e+00	1.375404e+00	1.115781e+00	4.786189e-01	2.342944e+00	2.821282e+00	1.542673e+00	8.252253e-02	1.700332e-01	0
TCGA-86-8585-01A-11R-2403-07	0	1.740576e+00	1.281947e+00	1.810858e+00	4.474268e-01	1.085362e+00	1.853977e+00	3.935406e-01	0	3.610219e-01	0
TCGA-86-8668-01A-11R-2403-07	4.467420e-02	3.053036e+00	8.103683e-01	1.422849e+00	2.062918e-01	1.018270e+00	4.280187e+00	0	1.530748e+00	0	0
TCGA-86-8669-01A-11R-2403-07	0	3.062216e+00	0	2.393263e+00	0	3.931605e+00	2.037483e+00	1.704089e+00	4.386853e-01	0	1.444167e-01
TCGA-86-8671-01A-11R-2403-07	0	3.300746e+00	7.651596e-01	2.796014e+00	3.546791e-01	8.759091e-01	3.404765e+00	0	9.258127e-01	0	0
TCGA-86-8672-01A-21R-2403-07	0	7.665664e-01	2.272652e+00	1.473444e+00	4.215715e-01	7.374051e-01	1.838679e+00	9.015217e-02	0	1.433806e-01	2.838570e-01
TCGA-86-8673-01A-11R-2403-07	0	7.394054e-01	1.654297e+00	1.463819e+00	0	1.479549e+00	3.413249e+00	6.004094e-01	0	0	4.132408e-02
TCGA-86-8674-01A-21R-2403-07	0	1.533858e+00	6.500849e-01	1.193104e+00	1.254538e-01	2.457329e+00	2.285953e+00	9.638921e-01	0	1.181986e-01	4.509052e-01
TCGA-86-A456-01A-11R-A24H-07	0	2.910478e+00	3.974309e-01	1.752211e+00	0	4.398049e-01	4.134109e+00	0	8.279227e-01	0	1.416300e-01
TCGA-86-A4D0-01A-11R-A24H-07	0	1.539133e+00	5.366150e-01	1.658272e+00	0	4.797382e+00	7.301115e-01	2.068049e+00	4.037219e-03	0	4.188319e-01
TCGA-86-A4JF-01A-11R-A24X-07	0	1.629273e+00	7.800124e-01	1.525178e+00	0	8.173956e-01	4.522585e+00	4.137122e-01	8.609903e-01	5.563794e-02	0
TCGA-86-A4P7-01A-11R-A24X-07	3.594127e-02	3.557422e+00	4.016015e-01	1.770000e+00	2.021112e-01	1.327863e+00	3.510765e+00	3.287537e-01	8.613795e-01	0	0
TCGA-86-A4P8-01A-11R-A24X-07	0	5.995040e+00	1.560696e-01	1.675131e+00	0	3.589991e-01	1.913312e+00	0	2.339819e-01	0	0
TCGA-91-6828-11A-01R-1858-07	7.050908e-01	6.582379e+00	1.220261e-01	1.663084e-01	3.167251e-01	7.145751e-01	9.616701e-01	2.515382e-01	0	1.152899e-02	0
TCGA-91-6828-01A-11R-1858-07	0	3.331379e+00	3.135922e-01	1.929004e+00	0	3.440586e+00	2.361678e+00	1.768882e+00	2.418994e-01	0	0
TCGA-91-6829-11A-01R-1858-07	4.139088e-01	5.803938e+00	0	1.399845e+00	1.943836e-01	8.765292e-02	1.657695e+00	0	3.605026e-02	0	1.562842e-02
TCGA-91-6829-01A-21R-1858-07	0	2.045214e+00	1.827945e+00	7.741315e-01	0	2.196012e+00	2.684653e+00	0	5.070680e-01	0	0
TCGA-91-6830-01A-11R-1949-07	2.546241e-01	3.594285e+00	1.369852e+00	1.038976e+00	9.364834e-01	8.444265e-01	1.169304e+00	0	0	1.425296e-01	2.758842e-01
TCGA-91-6831-11A-02R-1858-07	0	7.147028e+00	4.797284e-01	4.242865e-01	0	3.497377e-01	4.049799e-01	0	0	0	0
TCGA-91-6831-01A-11R-1858-07	0	1.534076e+00	1.720698e+00	1.292323e+00	0	4.219354e+00	1.260117e+00	1.838988e+00	0	0	0
TCGA-91-6835-11A-01R-1858-07	8.531574e-01	5.032326e+00	6.215294e-01	6.477188e-01	5.247894e-01	7.865064e-01	2.201921e+00	0	3.265361e-01	0	0
TCGA-91-6835-01A-11R-1858-07	3.338160e-01	2.741674e+00	9.622320e-01	1.879735e+00	2.423489e-01	1.520063e+00	3.464354e+00	0	4.804473e-01	0	0
TCGA-91-6836-11A-01R-1858-07	2.183657e-01	6.625448e+00	0	1.030715e+00	0	4.124405e-01	1.365225e+00	0	1.861531e-01	0	0
TCGA-91-6836-01A-21R-1858-07	0	2.893532e-01	1.791717e+00	2.678542e-01	0	1.757829e+00	3.094520e+00	2.930628e-01	2.163182e-01	0	0
TCGA-91-6840-01A-11R-1949-07	0	2.917794e+00	5.394134e-01	2.117575e+00	1.654828e-01	2.237328e+00	2.010956e+00	8.925526e-02	0	0	0
TCGA-91-6847-11A-01R-1949-07	6.221961e-01	6.530176e+00	0	1.225254e-01	1.520360e-01	4.960196e-01	1.512097e+00	0	8.006528e-02	0	0
TCGA-91-6847-01A-11R-1949-07	2.310886e-01	0	1.970091e+00	0	1.429336e-01	2.105355e+00	2.173518e+00	0	3.055777e-01	2.185368e-03	0
TCGA-91-6848-01A-11R-1949-07	0	2.065166e+00	2.795918e+00	1.014642e+00	0	1.680087e+00	6.194697e-01	6.943216e-02	0	0	0
TCGA-91-6849-11A-01R-1949-07	4.973502e-01	6.833827e+00	3.019599e-01	3.250220e-01	1.304239e-01	7.799375e-01	9.699619e-01	8.796503e-03	0	0	0
TCGA-91-6849-01A-11R-1949-07	1.200627e-01	3.395993e+00	6.824627e-01	1.517443e+00	9.380865e-02	1.139743e+00	2.279303e+00	1.908392e-01	8.281122e-02	4.151927e-02	3.693408e-01
TCGA-91-7771-01A-11R-2170-07	0	3.638295e+00	6.500563e-01	2.002258e+00	4.676876e-01	2.205845e+00	1.632706e+00	9.171764e-01	0	4.094272e-02	0
TCGA-91-8496-01A-11R-2403-07	0	4.195726e+00	0	9.444831e-01	0	0	3.490339e+00	0	1.577864e+00	0	0
TCGA-91-8497-01A-11R-2403-07	1.340889e-01	3.933705e+00	7.444182e-02	2.392312e+00	3.633617e-01	2.763115e+00	2.643437e+00	1.273323e+00	6.910913e-01	0	0
TCGA-91-8499-01A-11R-2403-07	0	1.721339e+00	1.068030e+00	1.870769e+00	0	2.490723e+00	4.459082e-01	5.804054e-01	2.399179e-02	0	2.954356e-02
TCGA-91-A4BC-01A-11R-A24H-07	0	1.586813e+00	1.492852e+00	2.749100e+00	0	3.558630e+00	1.687894e+00	1.666921e+00	0	0	0
TCGA-91-A4BD-01A-11R-A24H-07	5.575136e-01	3.310106e+00	0	1.014438e+00	2.633490e-01	0	4.006673e+00	0	1.213238e+00	9.819374e-03	2.873207e-02
TCGA-93-7347-01A-11R-2187-07	1.640832e-01	2.659262e+00	7.120977e-01	1.931029e+00	4.250537e-01	5.328177e-01	4.316546e+00	0	1.336089e+00	0	6.017730e-02
TCGA-93-7348-01A-21R-2039-07	4.861367e-01	2.197241e+00	1.076311e+00	1.130904e+00	8.941565e-01	1.658575e+00	3.604560e+00	5.488449e-01	1.076633e+00	0	0
TCGA-93-8067-01A-11R-2287-07	8.564858e-02	2.155686e+00	1.365424e+00	6.299141e-01	9.056611e-01	1.891998e+00	1.281425e+00	6.062824e-01	0	2.182841e-01	3.283029e-01
TCGA-93-A4JN-01A-11R-A24X-07	1.111873e-01	2.469836e+00	1.307890e+00	1.359632e+00	3.329360e-01	1.413005e+00	3.457469e+00	0	7.936112e-01	0	0
TCGA-93-A4JO-01A-21R-A24X-07	6.234798e-01	2.698563e+00	9.823094e-01	1.502177e+00	5.279201e-01	6.112097e-01	3.192370e+00	0	7.629855e-02	0	0
TCGA-93-A4JP-01A-11R-A24X-07	3.996892e-01	4.794845e+00	5.418380e-01	9.652901e-01	4.614034e-01	9.476808e-01	1.724855e+00	0	0	0	0
TCGA-93-A4JQ-01A-11R-A24X-07	1.764701e-01	1.787107e+00	1.701057e+00	1.724296e+00	6.279639e-01	1.110682e+00	3.226615e+00	1.090437e-01	4.029527e-01	0	5.184395e-03
TCGA-95-7039-01A-11R-1949-07	0	1.748798e+00	1.225350e+00	7.833357e-01	0	3.547876e-01	4.410721e+00	0	3.799957e-01	0	0
TCGA-95-7043-01A-11R-1949-07	0	1.759579e+00	6.408744e-01	1.232573e+00	2.209290e-01	1.934689e+00	1.951493e+00	0	5.058501e-01	0	5.457102e-01
TCGA-95-7562-01A-11R-2241-07	3.700140e-01	8.746338e-01	1.521503e+00	7.042849e-01	8.790008e-02	2.009719e+00	3.031107e+00	5.213444e-01	5.304046e-01	0	0
TCGA-95-7567-01A-11R-2066-07	0	6.452252e-01	1.368977e+00	1.227011e+00	0	8.993645e-01	4.726380e+00	1.331763e-01	2.730758e-01	0	0
TCGA-95-7944-01A-11R-2187-07	0	1.493616e+00	2.211842e+00	1.344928e+00	4.920093e-01	1.859271e-01	6.820558e-01	0	0	4.092517e-01	0
TCGA-95-7947-01A-11R-2187-07	4.365297e-01	2.512892e+00	6.383827e-01	1.301185e+00	5.762738e-01	1.040013e+00	2.537681e+00	0	1.491735e-02	0	0
TCGA-95-7948-01A-11R-2187-07	1.009545e-02	1.564203e+00	9.256817e-01	7.585391e-01	0	5.103777e-01	3.889978e+00	0	7.468903e-01	0	3.048181e-02
TCGA-95-8039-01A-11R-2241-07	1.646644e-01	2.399598e+00	8.038494e-01	1.246838e+00	2.622562e-01	3.278503e-01	4.391917e+00	0	9.563704e-01	0	1.147312e-03
TCGA-95-8494-01A-11R-2326-07	0	4.319598e-01	1.819126e+00	4.867043e-01	0	0	4.454544e+00	0	3.019577e-01	0	3.436732e-02
TCGA-95-A4VK-01A-11R-A262-07	0	2.262687e+00	8.161485e-01	1.365640e+00	5.661138e-01	1.702400e+00	2.608218e+00	4.659530e-01	1.454815e-01	2.850132e-01	6.382738e-03
TCGA-95-A4VN-01A-11R-A262-07	3.295013e-01	1.773664e+00	1.448418e+00	1.343004e+00	1.660766e-01	4.613956e-01	3.693727e+00	1.665636e-01	1.352731e-02	0	0
TCGA-95-A4VP-01A-21R-A262-07	0	3.405876e+00	2.604355e-01	2.441987e+00	2.174492e-02	3.443071e+00	1.703068e+00	2.242683e+00	0	1.505853e-03	0
TCGA-97-7546-01A-11R-2039-07	1.074044e-01	4.105523e+00	5.109295e-01	1.074261e+00	0	1.173697e+00	3.394680e+00	0	1.302094e+00	0	0
TCGA-97-7547-01A-11R-2039-07	1.198632e-01	2.098627e+00	7.542838e-01	8.190730e-01	7.428785e-01	1.240574e+00	4.434563e+00	4.428743e-02	1.319205e+00	0	0
TCGA-97-7552-01A-11R-2039-07	6.542625e-01	3.692624e+00	8.462112e-01	1.384104e+00	1.726620e+00	5.059843e-01	1.998812e+00	0	0	0	0
TCGA-97-7553-01A-21R-2039-07	3.953684e-01	4.494552e+00	6.653935e-01	1.489487e+00	3.092712e-01	7.563513e-01	2.375543e+00	0	2.042572e-01	0	0
TCGA-97-7554-01A-11R-2039-07	0	1.939164e+00	1.548319e+00	7.261280e-01	0	9.131624e-01	4.471084e+00	9.045232e-03	9.333348e-01	0	0
TCGA-97-7937-01A-11R-2170-07	0	7.677581e-01	1.152181e+00	4.218583e-01	0	1.213142e+00	4.964184e+00	0	1.076679e+00	0	0
TCGA-97-7938-01A-11R-2170-07	3.307066e-01	3.548640e+00	4.248007e-01	4.230814e-01	1.300260e-01	9.054639e-01	3.910499e+00	1.798762e-03	1.137029e+00	1.033875e-01	0
TCGA-97-7941-01A-11R-2187-07	3.912346e-01	3.314050e+00	6.121981e-01	1.192274e+00	1.554550e+00	7.382028e-01	2.667401e+00	0	5.967649e-01	0	3.962611e-02
TCGA-97-8171-01A-11R-2287-07	0	2.138830e+00	0	1.365968e+00	0	1.498480e+00	3.602977e+00	0	1.356926e+00	0	6.635279e-02
TCGA-97-8172-01A-11R-2287-07	0	3.537293e+00	3.983626e-01	2.089204e+00	0	2.191186e+00	3.565227e+00	6.595896e-01	1.014637e+00	0	0
TCGA-97-8174-01A-11R-2287-07	0	4.764496e+00	4.165708e-01	1.561880e+00	0	1.811134e+00	2.088758e+00	2.660427e-01	4.770512e-02	0	5.854975e-02
TCGA-97-8175-01A-11R-2287-07	0	1.282164e+00	1.384128e+00	7.315104e-01	3.901942e-01	1.595853e-01	4.007341e+00	1.043237e-01	8.405617e-01	5.287829e-02	0
TCGA-97-8176-01A-11R-2403-07	1.927018e-02	2.169101e+00	1.199250e+00	1.135978e+00	1.005862e+00	1.517334e+00	1.305278e+00	4.251437e-01	0	2.941085e-01	3.594445e-01
TCGA-97-8177-01A-11R-2287-07	0	2.753908e+00	5.502485e-01	2.006688e+00	3.427237e-01	6.621017e-01	3.674731e+00	2.054116e-01	1.363661e+00	0	3.120555e-02
TCGA-97-8179-01A-11R-2287-07	0	3.233591e+00	6.524576e-01	9.163554e-01	0	1.745718e+00	2.365492e+00	1.282310e-01	6.787478e-02	0	4.290873e-01
TCGA-97-8547-01A-11R-2403-07	0	6.481437e-01	1.947264e+00	7.765192e-01	5.138466e-01	5.415870e-01	5.120927e+00	0	1.685957e+00	0	3.369626e-02
TCGA-97-8552-01A-11R-2403-07	7.767335e-01	3.833295e+00	0	1.511263e+00	6.374247e-01	7.870538e-01	3.624059e+00	5.763188e-02	1.067959e+00	0	7.526135e-03
TCGA-97-A4LX-01A-11R-A24X-07	0	2.496291e+00	1.155249e+00	2.446536e+00	0	1.034072e+00	3.535759e+00	6.474230e-02	3.991729e-01	0	0
TCGA-97-A4M0-01A-11R-A24X-07	0	2.161083e+00	1.896874e-01	2.000070e+00	0	6.274258e-01	5.262549e+00	0	1.459646e+00	0	0
TCGA-97-A4M1-01A-11R-A24X-07	0	4.569568e+00	0	1.392803e+00	8.091602e-02	7.460613e-01	3.449918e+00	0	1.368330e+00	0	4.348213e-02
TCGA-97-A4M2-01A-12R-A24X-07	3.791885e-01	4.609861e+00	2.419462e-02	2.297319e+00	3.486810e-01	1.134673e+00	2.334102e+00	2.187014e-01	0	0	3.644287e-02
TCGA-97-A4M3-01A-11R-A24X-07	0	3.231068e+00	8.134730e-01	1.008265e+00	0	2.265758e+00	1.950061e+00	6.219583e-01	1.186301e-02	2.227419e-02	3.983964e-01
TCGA-97-A4M5-01A-11R-A24X-07	3.757802e-01	3.798314e+00	7.466002e-01	1.370460e+00	8.940359e-01	1.682337e+00	1.739207e+00	5.855656e-01	0	1.033519e-01	0
TCGA-97-A4M6-01A-11R-A24X-07	4.484310e-02	2.493046e+00	6.728456e-01	2.076063e+00	5.012976e-01	1.040964e+00	3.793082e+00	0	1.407429e+00	0	1.512844e-01
TCGA-97-A4M7-01A-11R-A24X-07	4.002242e-01	2.797409e+00	6.055553e-01	1.839883e+00	8.644743e-01	1.137430e+00	3.714314e+00	1.801120e-01	1.175537e+00	0	0
TCGA-99-7458-01A-11R-2039-07	2.853413e-01	2.818325e+00	1.003103e+00	1.013681e+00	2.091697e-01	7.461512e-01	4.347470e+00	0	1.272713e+00	0	0
TCGA-99-8025-01A-11R-2241-07	5.873467e-01	1.124153e+00	1.512323e+00	6.523493e-01	4.144372e-01	1.078214e+00	3.927256e+00	2.079168e-01	1.920200e-01	0	1.526113e-02
TCGA-99-8028-01A-11R-2241-07	2.346406e-01	2.455274e+00	1.356619e+00	2.188665e+00	1.955412e-01	4.503233e-01	3.422558e+00	3.021602e-01	3.354660e-01	0	0
TCGA-99-8032-01A-11R-2241-07	0	2.277989e+00	1.169812e+00	1.487747e+00	0	4.333834e+00	1.588057e+00	2.497806e+00	1.657224e-01	2.306649e-02	2.480279e-02
TCGA-99-8033-01A-11R-2241-07	0	1.443172e+00	1.965410e+00	9.862923e-01	4.014816e-01	7.754031e-01	1.874928e+00	0	0	3.418643e-01	3.164534e-01
TCGA-99-AA5R-01A-11R-A39D-07	0	4.804273e+00	4.970998e-01	1.858536e+00	0	6.328679e-01	2.711302e+00	0	4.031799e-01	0	0
TCGA-J2-8192-01A-11R-2241-07	4.242461e-01	2.129396e+00	1.864460e+00	4.910699e-01	6.415954e-01	6.405840e-01	3.762502e+00	0	1.271429e+00	4.188289e-02	0
TCGA-J2-8194-01A-11R-2241-07	1.037817e-01	2.742341e+00	1.145341e+00	8.945479e-01	4.069881e-02	2.142063e+00	2.400877e+00	7.171915e-01	6.639300e-03	4.360536e-02	3.075364e-01
TCGA-J2-A4AD-01A-11R-A24H-07	4.920565e-01	1.595412e+00	1.474663e+00	1.308419e-01	6.554292e-01	1.070110e+00	2.774394e+00	0	1.162768e-01	0	1.977854e-01
TCGA-J2-A4AE-01A-21R-A24H-07	5.326492e-01	3.639191e+00	0	1.454938e+00	4.370775e-01	7.525727e-01	3.644589e+00	0	8.559571e-01	0	0
TCGA-J2-A4AG-01A-11R-A24H-07	0	2.441893e+00	8.806564e-01	1.423920e+00	0	1.017861e+00	4.527558e+00	2.392306e-01	1.053495e+00	0	0
TCGA-L4-A4E5-01A-11R-A24X-07	0	5.537926e-01	1.069496e+00	1.276509e+00	0	1.519517e+00	4.756842e+00	2.450291e-01	7.376918e-01	0	0
TCGA-L4-A4E6-01A-11R-A24H-07	0	5.407684e+00	4.014422e-01	1.961501e+00	0	3.893552e-01	2.098725e+00	0	1.418300e-01	0	0
TCGA-L9-A443-01A-12R-A24H-07	3.994371e-01	1.743723e+00	8.398010e-01	1.178013e+00	1.620989e-01	1.416769e+00	4.423627e+00	5.705260e-01	1.006300e+00	0	0
TCGA-L9-A444-01A-21R-A24H-07	0	1.385168e+00	8.983797e-01	2.362849e+00	0	8.190906e-01	4.968039e+00	0	8.768153e-01	0	0
TCGA-L9-A50W-01A-12R-A39D-07	0	2.025230e+00	2.307649e-01	1.960413e+00	3.796859e-01	1.092867e+00	4.784221e+00	1.789018e-02	1.560499e+00	0	3.234497e-02
TCGA-L9-A5IP-01A-21R-A39D-07	0	9.670470e-01	2.751076e+00	0	1.024734e+00	8.155375e-01	0	0	0	6.228905e-01	4.294324e-01
TCGA-L9-A743-01A-43R-A39D-07	4.806700e-01	2.361121e+00	1.253221e+00	1.624962e+00	3.927154e-01	8.667174e-01	3.701001e+00	4.565122e-01	2.336961e-01	0	0
TCGA-L9-A7SV-01A-11R-A39D-07	0	1.322665e+00	3.675392e-01	1.234731e+00	0	1.558577e+00	4.021365e+00	0	5.745312e-01	0	0
TCGA-L9-A8F4-01A-11R-A39D-07	0	1.320237e+00	1.447208e+00	2.133596e+00	6.057087e-02	2.188289e+00	2.544484e+00	4.360024e-01	0	3.516540e-02	0
TCGA-MN-A4N1-01A-11R-A24X-07	0	1.805558e-01	1.447228e+00	6.697963e-01	1.862034e-01	1.521037e+00	4.423113e+00	3.627872e-01	5.356836e-01	0	0
TCGA-MN-A4N4-01A-12R-A24X-07	0	7.522294e-01	2.384748e+00	7.390684e-01	5.296482e-01	1.058310e+00	2.942098e+00	0	0	7.521596e-02	0
TCGA-MN-A4N5-01A-11R-A24X-07	6.602794e-03	1.562278e+00	1.111612e+00	1.502262e+00	2.558770e-02	5.409388e-01	4.395659e+00	0	3.688618e-01	0	0
TCGA-MP-A4SV-01A-11R-A24X-07	1.506183e-01	1.339430e+00	1.125827e+00	1.702956e+00	1.727337e-01	1.460769e+00	4.073064e+00	3.851626e-01	4.832414e-01	0	0
TCGA-MP-A4SW-01A-21R-A24X-07	8.173563e-02	1.734586e+00	4.767828e-01	2.014518e+00	5.498992e-01	6.614250e-01	4.795348e+00	5.407786e-02	9.252849e-01	0	0
TCGA-MP-A4SY-01A-21R-A24X-07	2.245635e-01	9.014233e-01	2.251708e+00	2.356371e-01	4.852349e-01	9.259469e-01	3.870513e+00	1.157588e-01	8.438937e-01	0	1.728379e-01
TCGA-MP-A4T4-01A-11R-A262-07	4.306626e-01	1.347927e+00	1.821600e+00	1.610300e+00	3.751758e-01	4.347933e-01	3.894450e+00	0	1.877627e-01	0	0
TCGA-MP-A4T6-01A-32R-A262-07	3.256564e-03	1.593911e+00	0	2.024978e+00	3.315231e-01	1.490450e+00	5.275651e+00	2.886341e-01	1.350804e+00	0	0
TCGA-MP-A4T7-01A-11R-A24X-07	0	2.953421e+00	8.213970e-01	1.106104e+00	7.588545e-01	1.064468e+00	1.884382e+00	4.406874e-01	2.749084e-01	4.032618e-01	1.644539e-01
TCGA-MP-A4T8-01A-11R-A24X-07	0	8.985905e-01	1.908654e+00	4.111936e-01	1.251148e-01	2.585393e+00	2.516507e+00	1.276305e+00	0	2.108388e-01	4.327718e-02
TCGA-MP-A4T9-01A-11R-A24X-07	1.450431e-03	2.715397e+00	1.395213e+00	8.682232e-01	3.409236e-01	7.185712e-01	3.492561e+00	8.071723e-03	6.950640e-01	0	0
TCGA-MP-A4TA-01A-21R-A24X-07	0	9.634364e-01	1.675043e+00	1.673897e+00	1.021404e+00	1.451280e+00	1.164134e+00	1.205527e-01	0	3.667831e-01	2.010932e-01
TCGA-MP-A4TC-01A-11R-A24X-07	0	7.939738e-01	2.362391e+00	7.242988e-01	6.276373e-02	4.751783e-01	4.138742e+00	0	3.548824e-01	0	0
TCGA-MP-A4TD-01A-32R-A262-07	5.240722e-03	2.355701e+00	1.088407e+00	2.070742e+00	2.562168e-01	3.361302e+00	2.010660e+00	1.625711e+00	1.621302e-01	0	2.996762e-01
TCGA-MP-A4TE-01A-22R-A466-07	0	1.139862e+00	6.720994e-01	1.126150e+00	3.941003e-02	5.189030e+00	1.412929e+00	2.931564e+00	0	0	3.541152e-01
TCGA-MP-A4TF-01A-11R-A262-07	0	9.870128e-01	2.048272e+00	6.555803e-02	5.987804e-01	1.481375e+00	2.000660e+00	5.005702e-01	1.530529e-01	3.664005e-01	0
TCGA-MP-A4TH-01A-31R-A262-07	0	3.313098e+00	2.071381e-01	2.389433e+00	1.161164e-01	1.970526e+00	3.473950e+00	6.448240e-01	5.890942e-01	0	0
TCGA-MP-A4TI-01A-21R-A24X-07	0	2.054463e+00	2.244869e+00	1.691222e+00	2.415143e-01	0	2.780482e+00	0	0	0	0
TCGA-MP-A4TJ-01A-51R-A262-07	6.237015e-01	3.146567e+00	8.165112e-01	2.283311e+00	6.440144e-01	2.545099e+00	2.003938e+00	1.456139e+00	0	2.238228e-02	0
TCGA-MP-A4TK-01A-11R-A24X-07	0	1.673629e+00	2.281219e+00	9.711715e-01	7.586372e-02	9.611168e-01	3.708073e+00	1.681373e-01	6.281795e-01	0	0
TCGA-MP-A5C7-01A-11R-A262-07	0	2.605362e+00	0	1.413468e+00	0	3.125447e+00	2.387815e+00	1.061942e+00	5.061168e-01	0	3.658368e-01
TCGA-NJ-A4YF-01A-12R-A262-07	0	5.732625e-01	1.066844e+00	1.347116e+00	0	3.594232e+00	2.180009e+00	1.743409e+00	0	1.454994e-02	0
TCGA-NJ-A4YG-01A-22R-A262-07	0	1.943459e+00	8.010679e-01	1.447343e+00	2.552138e-01	6.562303e-01	4.473325e+00	2.965080e-01	1.152756e+00	0	3.825035e-02
TCGA-NJ-A4YI-01A-11R-A262-07	0	1.964102e+00	7.263252e-01	1.232310e+00	0	3.771253e-01	5.046985e+00	0	1.546142e+00	0	6.718187e-03
TCGA-NJ-A4YP-01A-11R-A262-07	0	1.377743e+00	1.901818e+00	8.621690e-01	5.212336e-01	1.502647e+00	2.673209e+00	7.776490e-01	1.828050e-01	1.986575e-01	0
TCGA-NJ-A4YQ-01A-11R-A262-07	0	1.938020e+00	1.072232e+00	2.274142e+00	6.160059e-02	1.017909e+00	2.386916e+00	0	0	1.048173e-01	1.263570e-01
TCGA-NJ-A55A-01A-11R-A262-07	1.120866e+00	3.421674e+00	4.965374e-01	1.102916e+00	7.652806e-01	1.049402e+00	3.346024e+00	0	7.975508e-01	0	0
TCGA-NJ-A55O-01A-11R-A262-07	0	3.482946e+00	3.880094e-01	1.555661e+00	6.535854e-01	1.486082e+00	2.363769e+00	7.368894e-01	1.108533e-01	1.044600e-01	0
TCGA-NJ-A55R-01A-11R-A262-07	0	2.333221e+00	9.782215e-01	1.811269e+00	2.422087e-01	3.931717e+00	1.509591e+00	1.434471e+00	1.957484e-01	0	4.628101e-01
TCGA-NJ-A7XG-01A-12R-A39D-07	2.624085e-01	1.477283e+00	2.878034e-01	1.466000e-01	3.033095e-01	6.757626e-01	5.286093e+00	2.831534e-01	1.392231e+00	7.890423e-02	0
TCGA-O1-A52J-01A-11R-A262-07	0	2.947710e+00	3.716984e-02	1.944660e+00	0	6.870641e-01	4.655062e+00	0	1.503087e+00	0	9.385067e-02
TCGA-S2-AA1A-01A-12R-A39D-07	4.281366e-02	3.027857e+00	9.276623e-01	2.162295e+00	1.055986e+00	1.191490e+00	2.578149e+00	1.404735e-01	5.293502e-01	0	0
