sampleID	D16.16_RICKMAN-HEAD-AND-NECK-CANCER-D	D8.3_NAKAMURA-LUNG-CANCER-DIFFERENTIATION-MARKERS	D6.6_GNF2-SPRR1B	D13.5_SINGH-NFE2L2-TARGETS	D11.9_GNF2-BUB1	D15.5_FARMER-BREAST-CANCER-CLUSTER-5	D15.4_BARRIER-CANCER-RELAPSE-NORMAL-SAMPLE-DN	D9.7_EPITHELIAL-CELL-DIFFERENTIATION	D10.8_BIOCARTA-TCAPOPTOSIS-PATHWAY	D8.1_MIPS-40S-RIBOSOMAL-SUBUNIT-CYTOPLASMIC
TCGA-18-3406-01A-01R-0980-07	0	4.295107e-01	1.190361e+00	9.709569e-02	4.892926e-02	4.813283e-01	2.069466e-01	6.403852e-01	2.619210e-01	5.943380e+00
TCGA-18-3407-01A-01R-0980-07	0	1.208117e+00	8.333403e-01	9.095237e-01	0	8.466088e-01	8.026944e-01	4.528281e-01	2.159823e-01	4.147833e+00
TCGA-18-3408-01A-01R-0980-07	0	1.130056e+00	9.444423e-02	1.557796e+00	0	1.894682e-01	0	3.960490e-01	0	4.325588e+00
TCGA-18-3409-01A-01R-0980-07	0	1.344747e+00	0	2.621310e-01	5.708541e-01	1.946682e+00	2.559281e-01	0	8.551462e-02	3.366917e+00
TCGA-18-3410-01A-01R-0980-07	0	2.366599e-01	0	2.916337e-01	5.379433e-02	7.536784e-01	1.430852e-02	4.085046e-01	1.013046e+00	4.314602e+00
TCGA-18-3411-01A-01R-0980-07	6.866988e-02	2.681101e-01	1.435455e-01	1.449469e+00	1.031616e-01	9.778403e-01	6.331964e-01	1.049429e-01	2.181818e-01	4.931068e+00
TCGA-18-3412-01A-01R-0980-07	0	5.014437e-01	1.037897e+00	1.049806e+00	0	2.678852e-01	8.751043e-01	1.002111e+00	1.468295e-01	5.444631e+00
TCGA-18-3414-01A-01R-0980-07	5.332036e-02	5.318311e-01	1.071687e+00	1.292529e-01	7.448770e-02	9.646045e-01	9.478969e-01	1.065610e+00	2.321070e-01	4.839217e+00
TCGA-18-3415-01A-01R-0980-07	0	3.788863e-01	5.500518e-01	1.312506e+00	0	6.612812e-01	6.993525e-01	3.521813e-01	3.158363e-01	5.179632e+00
TCGA-18-3416-01A-01R-0980-07	0	0	0	1.250840e+00	0	0	3.773495e-01	4.542982e-01	3.635998e-01	4.460768e+00
TCGA-18-3417-01A-01R-1443-07	0	3.742061e-01	1.730144e-01	3.223826e-01	2.179818e-01	1.746440e+00	4.295108e-01	0	1.766957e-01	5.286321e+00
TCGA-18-3419-01A-01R-0980-07	0	0	8.975389e-01	4.296661e-02	0	1.754150e-01	1.154434e+00	1.254872e+00	2.103737e-01	5.147413e+00
TCGA-18-3421-01A-01R-0980-07	0	3.264155e-01	1.203861e+00	3.196888e-01	5.418810e-02	2.887635e-01	4.476917e-01	1.146080e+00	9.414046e-02	6.379826e+00
TCGA-18-4083-01A-01R-1100-07	0	5.620785e-01	1.928475e-01	6.939862e-01	1.697716e-01	1.130958e+00	5.921637e-01	5.777230e-01	4.162187e-01	2.680908e+00
TCGA-18-4086-01A-01R-1100-07	0	5.689525e-01	3.579217e-01	1.309030e+00	0	9.608494e-01	7.531040e-01	1.915553e-01	3.665044e-01	4.095851e+00
TCGA-18-4721-01A-01R-1443-07	0	7.204573e-01	0	1.391674e+00	0	8.882327e-01	3.146110e-01	1.534531e-02	5.254751e-01	3.614369e+00
TCGA-18-5592-01A-01R-1635-07	0	3.405899e-01	7.739625e-02	1.519730e+00	0	1.190012e+00	1.019025e+00	0	0	3.932599e+00
TCGA-18-5595-01A-01R-1635-07	0	1.134572e+00	7.151045e-01	1.279562e+00	0	6.420337e-01	1.069185e+00	5.290698e-01	0	4.261469e+00
TCGA-21-1070-01A-01R-0692-07	0	8.656978e-01	8.864725e-01	3.826669e-01	0	6.731854e-01	1.367328e+00	5.210925e-01	6.225873e-01	5.220114e+00
TCGA-21-1071-01A-01R-0692-07	0	6.979221e-01	0	1.292907e+00	6.945485e-02	9.871636e-01	7.468962e-01	0	3.098578e-01	4.350205e+00
TCGA-21-1072-01A-01R-0692-07	0	2.821427e-01	0	1.479908e+00	0	1.242840e+00	3.806806e-01	0	0	4.175702e+00
TCGA-21-1075-01A-01R-0692-07	0	5.453475e-01	4.735505e-01	1.587537e+00	2.133760e-01	5.575458e-01	3.850562e-01	4.263133e-01	0	4.634150e+00
TCGA-21-1076-01A-02R-0692-07	0	1.381866e+00	2.916707e-01	8.220308e-01	0	6.392729e-01	1.171845e+00	7.489181e-02	7.610085e-01	3.462230e+00
TCGA-21-1077-01A-01R-0692-07	0	1.052277e+00	4.216391e-01	1.163528e+00	1.040605e-01	6.426489e-01	9.096253e-01	2.419154e-01	2.809796e-01	3.764992e+00
TCGA-21-1078-01A-01R-0692-07	0	6.746713e-01	5.959526e-01	1.208775e-01	0	3.374336e-01	1.516837e+00	7.648457e-01	0	5.695857e+00
TCGA-21-1079-01A-01R-0692-07	0	0	3.092213e-01	0	0	2.561365e+00	6.663328e-01	0	0	4.739404e+00
TCGA-21-1080-01A-01R-0692-07	0	4.524011e-01	1.047775e+00	7.299357e-02	0	5.595137e-01	1.058742e+00	1.308341e+00	1.125989e-01	5.294729e+00
TCGA-21-1081-01A-01R-0692-07	0	6.269356e-01	9.262925e-01	4.156384e-01	1.523138e-01	1.656443e+00	1.503704e+00	5.516446e-01	0	3.760177e+00
TCGA-21-1082-01A-01R-0692-07	9.827466e-03	6.475609e-01	9.647664e-01	1.965743e-01	0	7.797831e-01	1.311070e+00	1.246634e+00	6.325633e-01	3.994851e+00
TCGA-21-1083-01A-01R-0692-07	0	3.002120e-01	0	4.625955e-01	4.787856e-01	8.894681e-01	8.173992e-01	0	7.496059e-01	4.362772e+00
TCGA-21-5782-01A-01R-1635-07	0	8.311103e-01	1.007960e+00	2.924345e-01	2.755867e-01	1.404576e+00	1.217967e+00	8.679744e-01	3.500503e-01	3.735525e+00
TCGA-21-5783-01A-41R-2187-07	0	4.168293e-01	4.029946e-02	1.647510e-01	1.037643e+00	2.348913e+00	8.695303e-01	0	0	2.911723e+00
TCGA-21-5784-01A-01R-1635-07	1.322866e-01	1.363680e+00	1.546408e+00	2.062815e-01	0	3.558464e-01	1.063077e+00	1.240119e+00	3.992357e-01	5.447095e+00
TCGA-21-5786-01A-01R-1635-07	0	2.714353e-01	4.697736e-01	8.970947e-02	6.288017e-01	1.786055e+00	7.050429e-01	1.659071e-01	6.395945e-02	3.631099e+00
TCGA-21-5787-01A-01R-1635-07	0	8.738987e-01	2.587605e-01	5.811055e-02	3.670131e-01	1.102255e+00	1.706915e+00	6.347402e-03	6.067580e-01	6.174001e+00
TCGA-21-A5DI-01A-31R-A26W-07	0	0	8.107662e-01	3.020772e-01	0	1.622890e+00	9.897724e-01	2.679770e-01	0	4.878609e+00
TCGA-22-0940-01A-01R-0692-07	0	9.345616e-01	2.250440e-01	6.225583e-01	0	6.661361e-01	9.942575e-01	4.087035e-02	7.007739e-01	5.541349e+00
TCGA-22-0944-01A-01R-0692-07	0	6.157107e-01	1.130754e+00	7.868265e-01	3.121436e-02	9.935623e-01	1.079462e+00	4.835311e-01	0	4.861518e+00
TCGA-22-1000-01A-01R-A32Z-07	2.840772e-02	1.601710e+00	7.868811e-01	1.680384e-01	0	1.423527e+00	1.178347e+00	2.736041e-01	5.707109e-01	4.307584e+00
TCGA-22-1002-01A-01R-0692-07	0	2.004740e+00	6.543853e-01	2.180480e-01	0	6.438216e-01	9.397263e-01	6.145087e-01	2.110714e-01	4.116707e+00
TCGA-22-1005-01A-01R-0692-07	1.310245e-01	1.696399e+00	8.961890e-02	1.245250e-01	2.084807e-01	6.800312e-01	1.408433e+00	1.375124e-01	1.019091e+00	5.145273e+00
TCGA-22-1011-01A-01R-0692-07	0	7.547905e-01	8.151324e-01	1.095389e-01	0	9.613271e-01	9.013811e-01	1.125125e+00	5.268217e-01	4.230548e+00
TCGA-22-1012-01A-01R-0692-07	0	5.463376e-01	8.243744e-01	6.440021e-01	5.759364e-01	1.045120e+00	8.644269e-01	2.999808e-01	2.637727e-01	4.048995e+00
TCGA-22-1016-01A-01R-0692-07	0	2.047095e+00	3.621942e-01	9.825033e-02	2.460277e-01	8.891811e-01	1.083720e+00	1.477758e-01	2.423357e-01	3.900636e+00
TCGA-22-1017-01A-01R-0692-07	0	1.895708e+00	1.297366e-01	9.039617e-02	4.553592e-01	5.166210e-01	1.628189e+00	0	1.648547e-01	6.068152e+00
TCGA-22-4591-01A-01R-1201-07	3.829367e-02	1.180853e+00	5.418740e-01	7.185492e-01	5.359845e-01	1.049158e-01	8.014727e-01	9.735722e-01	0	4.719390e+00
TCGA-22-4593-11A-01R-1820-07	0	3.108926e+00	0	0	0	3.063256e-01	8.774039e-01	0	0	5.201439e+00
TCGA-22-4593-01A-21R-1820-07	0	5.496550e-01	1.289341e-01	2.607230e-01	5.052010e-01	2.258922e+00	6.186245e-01	1.040267e-01	0	3.033858e+00
TCGA-22-4594-01A-01R-1201-07	1.681820e-01	9.988351e-01	0	3.877980e-01	9.940687e-01	7.022962e-01	1.121185e+00	0	7.224432e-01	5.477681e+00
TCGA-22-4595-01A-01R-1201-07	0	7.558123e-01	7.191816e-01	2.225570e-01	3.477997e-01	1.431314e+00	1.071176e+00	3.680010e-01	2.737247e-01	3.840522e+00
TCGA-22-4596-01A-01R-1201-07	3.420795e-02	1.855345e+00	1.092344e-02	1.697373e-01	5.912912e-02	8.663108e-01	1.365370e+00	0	6.889930e-01	5.439518e+00
TCGA-22-4599-01A-01R-1443-07	0	1.633787e-01	0	1.266417e+00	1.129743e-01	6.268650e-01	1.996501e-01	0	4.847280e-01	3.949173e+00
TCGA-22-4601-01A-01R-1443-07	0	1.284552e+00	3.038057e-01	1.236449e+00	1.581465e-01	1.936504e-01	1.350835e+00	3.340781e-01	2.637366e-01	3.608165e+00
TCGA-22-4604-01A-01R-1201-07	0	2.425278e-01	4.233381e-02	5.796530e-01	0	1.456838e+00	7.469956e-01	1.116508e-01	4.420703e-01	2.929081e+00
TCGA-22-4605-01A-21R-2125-07	1.099163e-01	1.786111e+00	8.616139e-01	1.086265e+00	0	8.544362e-01	1.221968e+00	1.596269e-01	3.222659e-01	3.766681e+00
TCGA-22-4607-01A-01R-1201-07	6.691579e-02	1.382663e-01	7.869048e-01	2.210933e-01	0	1.068415e+00	1.103926e+00	7.154015e-01	1.816207e-01	6.245891e+00
TCGA-22-4609-11A-01R-2125-07	0	3.681511e+00	0	0	0	0	1.015402e+00	0	0	4.644843e+00
TCGA-22-4609-01A-21R-2125-07	0	1.797879e+00	7.874139e-01	5.003268e-01	0	9.164718e-01	9.722062e-01	4.864727e-01	4.224878e-01	3.204586e+00
TCGA-22-4613-01A-01R-1443-07	0	5.055041e-01	4.054349e-01	7.127204e-01	2.433419e-01	3.337228e-01	7.047854e-01	9.001079e-01	5.244972e-01	3.773382e+00
TCGA-22-5471-11A-01R-1635-07	9.031722e-03	3.619727e+00	0	0	0	6.120288e-02	1.094055e+00	2.557640e-02	0	4.698353e+00
TCGA-22-5471-01A-01R-1635-07	0	0	4.177193e-01	7.582428e-01	0	8.676321e-01	8.372706e-01	3.776451e-01	6.041316e-01	4.296617e+00
TCGA-22-5472-11A-11R-1635-07	0	3.266354e+00	0	1.163302e-01	0	7.090379e-01	9.706825e-01	0	0	3.923761e+00
TCGA-22-5472-01A-01R-1635-07	7.632354e-02	1.958218e+00	1.252508e+00	2.840520e-01	0	5.724130e-01	1.447423e+00	9.975384e-01	0	4.867268e+00
TCGA-22-5473-01A-01R-1635-07	0	8.448234e-01	4.319807e-01	1.299546e+00	7.553501e-02	9.728426e-01	7.266365e-01	2.251434e-01	5.577225e-02	4.139573e+00
TCGA-22-5474-01A-01R-1635-07	9.623310e-02	6.878782e-01	1.050839e-02	1.423770e+00	0	5.574743e-01	1.213477e+00	2.420367e-01	8.547350e-01	4.191028e+00
TCGA-22-5477-01A-01R-1635-07	0	1.321911e+00	0	1.559490e+00	2.402442e-01	3.696848e-01	5.778429e-01	1.777708e-01	1.603534e-01	2.834159e+00
TCGA-22-5478-11A-11R-1635-07	0	3.562770e+00	0	0	0	0	9.774140e-01	0	0	4.571863e+00
TCGA-22-5478-01A-01R-1635-07	1.600256e-01	1.175952e+00	4.591373e-01	9.576934e-02	6.761159e-01	1.626260e+00	8.874391e-01	5.925343e-01	2.325260e-01	3.675632e+00
TCGA-22-5479-01A-31R-1949-07	1.557573e-01	4.040529e-01	4.374210e-01	1.177521e+00	0	1.170218e+00	9.113113e-01	4.237838e-01	4.196478e-01	3.804176e+00
TCGA-22-5480-01A-01R-1635-07	0	8.461377e-01	0	1.036266e-01	3.347501e-01	1.132565e+00	1.964608e-01	2.144256e-01	1.108460e+00	3.348211e+00
TCGA-22-5481-11A-01R-1949-07	0	3.489377e+00	0	0	0	0	1.205549e+00	1.015262e-02	3.272663e-02	4.832598e+00
TCGA-22-5481-01A-31R-1949-07	0	1.769026e-01	0	0	1.253813e+00	7.824234e-01	8.940976e-01	0	7.914604e-01	3.931573e+00
TCGA-22-5482-11A-01R-1635-07	0	3.463399e+00	0	0	0	5.122340e-01	9.442009e-01	0	0	3.915569e+00
TCGA-22-5482-01A-01R-1635-07	0	2.869787e-01	4.556747e-01	1.192495e+00	0	1.707629e+00	9.857659e-01	0	0	4.286185e+00
TCGA-22-5483-11A-11R-1820-07	0	3.377117e+00	0	0	0	1.182565e-01	1.016633e+00	0	0	4.882707e+00
TCGA-22-5483-01A-01R-1820-07	1.203092e-01	5.792822e-01	0	7.489081e-01	9.625454e-01	1.434862e+00	8.184634e-01	0	3.518324e-01	3.983826e+00
TCGA-22-5485-01A-01R-1635-07	0	1.415429e+00	2.514959e-01	1.535775e+00	1.901039e-01	6.203871e-01	1.127418e+00	0	0	4.106328e+00
TCGA-22-5489-11A-01R-1635-07	0	3.335353e+00	0	2.759961e-02	0	1.912298e-01	1.103521e+00	8.374104e-02	0	4.500717e+00
TCGA-22-5489-01A-01R-1635-07	0	9.327125e-01	0	2.728471e-01	2.927337e-01	1.540511e+00	2.268078e-01	0	1.047828e+00	3.271520e+00
TCGA-22-5491-11A-01R-1858-07	0	3.614291e+00	0	0	0	0	1.013603e+00	0	0	4.857560e+00
TCGA-22-5491-01A-01R-1635-07	2.154726e-01	2.354027e-01	1.458362e+00	7.566314e-01	0	3.874043e-02	7.588995e-01	1.654515e+00	1.366795e-01	5.027045e+00
TCGA-22-5492-01A-01R-1635-07	0	1.403571e+00	6.483479e-01	1.593948e-01	3.251951e-02	6.350036e-01	8.427913e-01	1.056475e+00	3.851144e-01	3.892231e+00
TCGA-22-A5C4-01A-12R-A27Q-07	0	1.191769e+00	6.253800e-01	1.839087e-01	4.767094e-01	6.944016e-01	8.859614e-01	8.453324e-01	0	4.240055e+00
TCGA-33-4532-01A-01R-1201-07	0	9.246233e-01	1.040593e+00	9.898375e-01	3.205516e-01	2.047492e-01	9.929985e-01	1.075724e+00	0	4.864727e+00
TCGA-33-4533-01A-01R-1201-07	0	5.032164e-01	0	3.644305e-01	1.224219e+00	1.782030e+00	2.556456e-01	0	0	2.848294e+00
TCGA-33-4538-01A-01R-1201-07	1.756076e-01	6.144255e-01	4.876698e-01	1.346484e+00	0	6.684184e-01	7.390191e-01	5.756922e-01	2.381003e-01	4.028326e+00
TCGA-33-4547-01A-01R-1201-07	7.118429e-02	1.021862e+00	8.308474e-01	4.196869e-01	0	1.051646e+00	6.577747e-01	8.869288e-01	4.095355e-01	4.053577e+00
TCGA-33-4566-01A-01R-1443-07	0	1.085292e-01	0	1.370462e-01	0	7.109303e-01	1.232649e+00	0	2.700396e-01	7.385811e+00
TCGA-33-4582-01A-01R-1443-07	0	0	9.273460e-01	4.617283e-01	6.896084e-01	5.005917e-01	5.786866e-01	1.055245e+00	0	5.208952e+00
TCGA-33-4583-01A-01R-1443-07	0	2.692879e-01	6.232766e-01	1.438304e+00	0	2.240442e-01	6.742313e-01	3.486604e-01	0	5.377457e+00
TCGA-33-4586-01A-01R-1443-07	0	8.095269e-01	1.316648e-01	1.581764e+00	1.104946e-02	1.006770e+00	5.747152e-01	0	0	4.397826e+00
TCGA-33-4587-11A-01R-2125-07	0	3.027887e+00	0	0	0	0	6.698569e-01	7.978790e-02	0	5.756262e+00
TCGA-33-4587-01A-11R-2125-07	0	3.591991e-01	0	6.316869e-02	1.612861e+00	1.102803e+00	9.735939e-01	2.659575e-01	3.432234e-01	3.442149e+00
TCGA-33-4589-01A-01R-1443-07	0	0	1.120281e+00	1.578095e-01	0	8.320776e-01	3.514577e-01	0	0	6.816605e+00
TCGA-33-6737-11A-01R-1820-07	0	3.365107e+00	0	0	0	3.448461e-01	7.518742e-01	0	0	4.277113e+00
TCGA-33-6737-01A-11R-1820-07	0	1.566594e+00	3.126089e-01	4.551233e-01	1.976416e-01	9.880739e-01	1.810645e+00	0	9.505587e-02	6.172372e+00
TCGA-33-6738-01A-11R-1949-07	1.931381e-01	8.912785e-01	7.391557e-01	8.419409e-01	5.084848e-01	2.181665e-01	1.531690e+00	7.750726e-01	4.616560e-01	5.306891e+00
TCGA-33-A4WN-01A-11R-A262-07	0	6.239891e-01	7.368360e-01	1.144966e+00	0	4.299739e-01	1.158806e+00	7.888752e-01	3.129116e-01	3.992093e+00
TCGA-33-A5GW-01A-11R-A27Q-07	9.505351e-02	9.747263e-01	1.390764e+00	1.199924e+00	0	1.217074e-01	1.219069e+00	1.178411e+00	0	4.817970e+00
TCGA-33-AAS8-01A-11R-A405-07	0	1.029188e+00	2.421169e-01	1.553733e+00	3.915306e-01	1.860876e-01	9.645418e-01	1.760641e-01	0	4.056618e+00
TCGA-33-AASB-01A-11R-A405-07	0	7.999893e-01	5.614222e-01	6.008604e-01	8.231335e-01	5.481785e-01	2.196943e+00	0	0	5.908605e+00
TCGA-33-AASD-01A-11R-A405-07	0	5.686480e-02	1.997563e-01	1.150615e+00	0	1.381441e+00	1.092263e+00	0	0	4.692040e+00
TCGA-33-AASI-01A-22R-A405-07	0	5.050911e-01	5.870113e-01	2.893280e-01	0	4.999635e-01	1.896141e+00	5.908742e-01	4.974501e-01	6.163893e+00
TCGA-33-AASJ-01A-11R-A405-07	0	1.431844e-01	7.156143e-01	1.069463e+00	0	2.188148e-01	1.164612e+00	9.645082e-01	0	4.314835e+00
TCGA-33-AASL-01A-11R-A405-07	0	0	8.466229e-01	9.729287e-01	0	0	1.440242e+00	5.290384e-01	1.688888e-01	4.708391e+00
TCGA-34-2596-01A-01R-0851-07	0	1.040067e+00	0	1.546457e+00	6.739842e-02	7.938769e-01	5.727183e-01	2.572735e-03	4.516039e-01	3.024102e+00
TCGA-34-2600-01A-01R-0851-07	0	1.006245e+00	1.313623e+00	2.983673e-02	3.828021e-01	6.033133e-02	1.095350e+00	1.491479e+00	1.216372e-02	4.031354e+00
TCGA-34-2608-01A-02R-0851-07	7.309710e-02	1.496540e+00	5.501639e-01	7.991866e-01	0	1.398338e+00	8.810652e-01	7.514092e-04	4.431325e-01	4.147754e+00
TCGA-34-5231-01A-21R-1820-07	0	5.346354e-01	4.087991e-01	4.915007e-01	2.040450e-01	1.190609e+00	7.192430e-01	7.539452e-01	4.458316e-01	3.337774e+00
TCGA-34-5232-01A-21R-1820-07	0	9.494573e-01	1.082999e+00	4.606313e-01	0	0	1.136955e+00	1.364259e+00	7.588562e-01	4.307169e+00
TCGA-34-5234-01A-01R-1635-07	9.017221e-02	1.064612e+00	1.026204e+00	2.382645e-01	2.018426e-03	7.264431e-01	5.399609e-01	4.115026e-01	4.331671e-01	5.655308e+00
TCGA-34-5236-01A-21R-1820-07	0	4.863887e-01	1.486775e-01	9.079700e-01	1.370392e-01	1.998433e+00	9.180992e-01	0	3.243371e-01	3.399857e+00
TCGA-34-5239-01A-21R-1820-07	0	7.131457e-01	0	1.954058e-01	0	1.926445e+00	4.562033e-01	2.805180e-01	9.920224e-01	2.900800e+00
TCGA-34-5240-01A-01R-1443-07	0	3.990144e-01	0	1.357900e+00	0	5.914775e-01	5.535145e-01	2.343156e-01	2.159951e-01	4.565459e+00
TCGA-34-5241-01A-01R-1443-07	0	8.828696e-01	1.018513e+00	2.817029e-01	0	7.095076e-01	7.688672e-01	7.592914e-01	2.007322e-01	5.601540e+00
TCGA-34-5927-01A-11R-1820-07	0	7.964602e-01	4.151168e-01	3.400385e-01	9.361729e-01	1.072578e+00	8.066862e-01	1.049748e+00	1.968580e-01	2.666312e+00
TCGA-34-5928-01A-11R-1820-07	0	7.023733e-01	0	1.167474e-01	5.479171e-01	2.158014e+00	7.469568e-01	0	2.690010e-01	3.476907e+00
TCGA-34-5929-01A-11R-1820-07	0	7.387797e-01	2.383020e-01	1.909129e-01	6.578426e-01	1.058703e+00	4.379355e-01	7.115060e-01	4.036355e-01	3.187965e+00
TCGA-34-7107-11A-01R-1949-07	0	2.960604e+00	0	6.646441e-02	0	8.016755e-01	1.106354e+00	0	2.725058e-01	4.181412e+00
TCGA-34-7107-01A-11R-1949-07	0	8.894153e-01	1.442000e-03	1.104099e+00	0	1.282235e+00	8.432281e-01	1.126361e-01	3.289346e-01	2.667058e+00
TCGA-34-8454-11A-01R-2326-07	0	3.276880e+00	0	0	0	2.479163e-01	9.873416e-01	0	1.221897e-01	3.809552e+00
TCGA-34-8454-01A-11R-2326-07	0	1.112478e+00	8.406750e-01	7.906520e-02	0	7.216460e-01	1.078480e+00	1.041928e+00	6.170605e-01	4.517199e+00
TCGA-34-8455-01A-11R-2326-07	0	1.316635e+00	9.406563e-01	2.498823e-01	0	9.259069e-01	1.351489e+00	8.579295e-01	7.152005e-03	4.987774e+00
TCGA-34-8456-01A-21R-2326-07	0	1.039996e+00	8.839530e-02	1.027748e+00	1.957034e-01	6.311857e-01	9.828736e-01	3.865620e-01	2.818701e-01	2.451053e+00
TCGA-34-A5IX-01A-12R-A27Q-07	0	4.698233e-01	8.686632e-01	4.360264e-02	0	1.124801e+00	9.205817e-01	1.907702e-01	7.232219e-02	5.438342e+00
TCGA-37-3783-01A-01R-1201-07	0	0	9.517611e-01	2.326776e-02	0	5.081191e-01	5.383441e-01	3.472202e-01	2.672951e-01	6.695851e+00
TCGA-37-3789-01A-01R-0980-07	0	1.392318e-01	1.027362e+00	1.336144e-01	2.507392e-02	1.081147e+00	9.014208e-01	1.815037e-01	1.589351e-01	5.634522e+00
TCGA-37-3792-01A-01R-0980-07	0	4.064942e-01	0	1.365372e-01	0	6.333888e-01	1.090844e+00	0	6.510616e-01	6.537438e+00
TCGA-37-4129-01A-01R-1100-07	0	8.740124e-01	0	0	1.485919e+00	1.057178e-01	4.936611e-01	0	0	4.474560e+00
TCGA-37-4130-01A-01R-1100-07	0	4.765818e-02	0	1.609586e-01	9.824104e-01	0	4.100277e-01	6.759466e-02	6.781430e-01	6.677378e+00
TCGA-37-4132-01A-01R-1100-07	0	4.907744e-01	0	4.032182e-01	1.466839e+00	4.251001e-01	6.763459e-01	0	4.341488e-01	5.177125e+00
TCGA-37-4133-01A-01R-1100-07	0	3.646948e-01	3.266493e-01	1.285764e+00	1.553157e-01	0	6.516569e-01	5.730575e-01	2.540187e-01	6.203839e+00
TCGA-37-4135-01A-01R-1100-07	0	0	1.832572e-01	3.640523e-01	1.407440e+00	3.001615e-02	4.647238e-01	2.926401e-01	2.798747e-01	6.685256e+00
TCGA-37-4141-01A-02R-1100-07	0	7.164848e-01	0	2.017932e-01	1.479971e+00	5.893002e-01	8.039195e-01	0	2.593464e-01	4.983336e+00
TCGA-37-5819-01A-01R-1635-07	1.290299e-01	5.729897e-01	0	3.452217e-01	1.731830e+00	9.028162e-01	1.274024e+00	0	4.831135e-01	5.028039e+00
TCGA-37-A5EL-01A-11R-A26W-07	0	3.868779e-02	4.517756e-01	7.655770e-01	0	7.026224e-01	1.680994e+00	4.899972e-02	0	5.191355e+00
TCGA-37-A5EM-01A-21R-A27Q-07	0	1.096863e-01	1.805138e-01	3.832435e-01	0	1.655518e+00	1.014256e+00	0	3.445083e-01	3.429424e+00
TCGA-37-A5EN-01A-21R-A26W-07	1.261986e-01	4.784320e-01	2.734761e-01	1.130488e+00	2.407689e-01	4.227166e-01	1.131770e+00	6.627436e-01	6.278193e-01	3.140826e+00
TCGA-39-5011-01A-01R-1443-07	0	1.074537e+00	0	4.607344e-01	3.302910e-01	3.850491e-01	1.609386e+00	0	5.691607e-01	6.509264e+00
TCGA-39-5016-01A-01R-1443-07	0	4.625854e-01	5.958927e-02	1.352350e+00	0	0	5.240213e-01	5.640819e-01	4.038782e-01	4.427715e+00
TCGA-39-5019-01A-01R-1820-07	0	1.084971e+00	6.446973e-01	7.767335e-01	3.383945e-01	8.940268e-01	6.465300e-01	4.502251e-01	3.588249e-01	3.516600e+00
TCGA-39-5021-01A-01R-1443-07	0	7.542538e-01	0	1.320022e+00	6.732881e-01	7.431845e-01	7.261115e-01	0	5.593138e-01	3.568262e+00
TCGA-39-5022-01A-21R-1820-07	1.308381e-01	1.080564e+00	1.759029e-01	9.237553e-01	5.436027e-02	9.704308e-01	1.086459e+00	1.467037e-01	1.050300e+00	4.074938e+00
TCGA-39-5024-01A-21R-1820-07	9.163162e-02	7.597170e-01	1.499739e+00	1.361892e-01	0	5.524564e-01	1.104155e+00	1.308822e+00	3.636719e-01	5.427943e+00
TCGA-39-5027-01A-21R-1820-07	5.997416e-02	1.053433e+00	7.304480e-01	1.385040e+00	4.987941e-01	3.792995e-01	9.463421e-01	6.135738e-01	0	4.055312e+00
TCGA-39-5028-01A-01R-1443-07	2.028036e-01	8.956820e-01	1.267177e+00	1.392354e-01	0	1.497893e+00	8.329695e-01	5.125801e-01	3.180579e-01	5.357594e+00
TCGA-39-5029-01A-01R-1443-07	6.461317e-02	9.592825e-01	9.293360e-01	4.975694e-01	0	1.218368e+00	1.317335e+00	5.394802e-01	3.003694e-01	5.176767e+00
TCGA-39-5030-01A-01R-1443-07	0	7.851618e-01	1.104669e-02	1.729984e-01	0	1.399925e+00	3.562223e-01	3.765305e-01	1.208932e+00	3.109419e+00
TCGA-39-5031-01A-01R-1443-07	0	1.182890e+00	9.484765e-01	3.788908e-01	6.087143e-01	8.065533e-01	7.310882e-01	7.428940e-01	3.379606e-01	3.423077e+00
TCGA-39-5034-01A-01R-1443-07	8.362039e-02	1.119552e+00	0	3.405596e-01	1.344818e+00	1.452272e+00	1.285949e+00	0	3.614942e-01	4.453537e+00
TCGA-39-5035-01A-01R-1443-07	0	4.977783e-01	6.005822e-01	7.701971e-02	1.718127e-01	9.458605e-01	1.026009e+00	4.763174e-01	6.880521e-01	5.256547e+00
TCGA-39-5036-01A-01R-1443-07	0	8.347157e-01	1.062609e+00	1.347564e+00	1.390668e-01	0	1.102465e+00	7.454413e-01	0	5.623746e+00
TCGA-39-5037-01A-01R-1443-07	0	4.108878e-01	9.649775e-01	1.370729e+00	6.864209e-01	0	5.160522e-01	6.461503e-01	0	4.791156e+00
TCGA-39-5039-01A-01R-1443-07	0	1.639411e+00	1.026702e+00	2.191530e-01	0	1.074774e+00	1.133588e+00	4.243444e-01	0	5.579139e+00
TCGA-39-5040-11A-01R-2125-07	0	3.219018e+00	0	0	0	0	7.066038e-01	0	0	6.087144e+00
TCGA-39-5040-01A-21R-2125-07	0	1.380244e+00	0	0	5.978898e-01	9.081182e-01	1.211540e+00	0	2.445777e-02	4.061572e+00
TCGA-43-2576-01A-01R-A32Z-07	6.447039e-02	9.101645e-01	1.021188e-01	0	4.927449e-01	1.240425e+00	1.948143e+00	4.918160e-02	7.542675e-01	5.539588e+00
TCGA-43-2578-01A-01R-0851-07	6.385446e-02	1.484414e+00	0	6.732868e-01	1.243829e+00	6.628354e-01	1.296047e+00	0	3.626229e-01	4.150568e+00
TCGA-43-2581-01A-01R-0851-07	0	1.452392e+00	0	0	1.381387e-01	1.207770e+00	1.480064e+00	0	3.789174e-01	5.277769e+00
TCGA-43-3394-11A-01R-1758-07	3.386149e-02	3.580967e+00	2.970326e-02	1.868116e-01	0	4.194930e-04	1.109344e+00	9.712366e-02	0	4.329820e+00
TCGA-43-3394-01A-01R-0980-07	0	1.001582e+00	5.749291e-01	1.050155e+00	4.327878e-01	4.161855e-01	5.836666e-01	5.375653e-01	1.908434e-02	3.959552e+00
TCGA-43-3920-01A-01R-0980-07	0	1.704754e-01	7.256108e-01	1.381564e-01	6.290095e-01	1.071738e+00	6.691876e-02	6.633265e-01	1.332636e-01	4.887262e+00
TCGA-43-5668-01A-01R-1635-07	0	1.190851e+00	0	4.090400e-02	4.033690e-01	9.148894e-01	1.550999e+00	1.861550e-01	6.964936e-01	4.597914e+00
TCGA-43-5670-11A-01R-2125-07	1.488051e-01	3.302164e+00	0	7.941894e-02	0	2.799269e-01	1.086962e+00	1.829041e-01	1.035714e-01	4.160520e+00
TCGA-43-5670-01A-21R-2125-07	2.774119e-02	2.039293e-01	9.724278e-01	4.819082e-02	2.424605e-01	1.476518e+00	1.453613e+00	1.180518e-01	0	5.192739e+00
TCGA-43-6143-11A-01R-1820-07	0	3.145063e+00	0	0	0	3.696538e-01	1.045466e+00	0	2.555529e-01	4.184844e+00
TCGA-43-6143-01A-11R-1820-07	0	6.483598e-01	5.934240e-02	5.329520e-01	6.248451e-01	1.237629e+00	1.161491e+00	3.803820e-01	3.465957e-01	3.357460e+00
TCGA-43-6647-11A-01R-1820-07	0	3.689726e+00	0	0	0	5.925845e-02	1.111160e+00	0	0	4.409227e+00
TCGA-43-6647-01A-11R-1820-07	0	8.495296e-01	1.113742e-01	7.318205e-02	0	2.488086e+00	6.823869e-01	0	3.384922e-01	3.390434e+00
TCGA-43-6770-01A-11R-1820-07	0	1.161155e+00	4.111471e-01	1.037146e+00	2.125725e-01	1.309941e+00	8.224675e-01	2.572311e-01	1.068955e-01	2.822249e+00
TCGA-43-6771-11A-01R-1820-07	0	3.518272e+00	0	0	0	4.867572e-02	1.152182e+00	0	0	4.889641e+00
TCGA-43-6771-01A-11R-1820-07	0	1.123636e-01	8.470621e-01	0	0	1.910340e+00	1.444909e+00	0	0	5.580348e+00
TCGA-43-6773-11A-01R-1949-07	4.243955e-02	3.175721e+00	0	6.922027e-02	0	5.097636e-01	1.075404e+00	0	1.860153e-01	4.101394e+00
TCGA-43-6773-01A-41R-1949-07	0	1.473997e+00	0	1.088984e+00	0	1.038900e+00	1.163726e+00	0	6.914398e-01	3.919723e+00
TCGA-43-7656-01A-11R-2125-07	0	2.691536e-01	0	1.136165e-02	6.132857e-01	1.329118e+00	7.151085e-01	3.008792e-01	8.796008e-01	3.679929e+00
TCGA-43-7657-11A-01R-2125-07	1.514880e-02	3.386963e+00	0	0	0	2.678684e-01	1.035471e+00	0	6.745915e-02	4.126889e+00
TCGA-43-7657-01A-31R-2125-07	0	2.385047e-01	0	8.716573e-01	3.581212e-01	1.565485e+00	7.378987e-01	0	0	3.237722e+00
TCGA-43-7658-11A-01R-2125-07	2.413622e-02	3.522330e+00	0	0	0	0	1.159283e+00	1.222715e-01	0	5.035847e+00
TCGA-43-7658-01A-11R-2125-07	0	7.307187e-01	0	1.539301e-01	1.405489e+00	3.465411e-01	1.074184e+00	1.971946e-01	7.452985e-01	3.741276e+00
TCGA-43-8115-01A-11R-2247-07	0	7.986488e-01	0	3.901834e-01	3.120411e-01	1.505684e+00	1.054548e+00	1.449369e-01	7.317473e-01	2.566934e+00
TCGA-43-8116-01A-11R-2247-07	0	5.257761e-01	3.732387e-01	1.066758e-01	3.526967e-02	1.124593e+00	4.023707e-01	7.788996e-01	7.594010e-01	3.993140e+00
TCGA-43-8118-01A-11R-2403-07	0	1.372549e+00	8.314189e-01	5.129801e-01	6.627813e-02	8.239621e-01	1.263963e+00	5.374293e-01	1.372424e-01	3.815949e+00
TCGA-43-A474-01A-11R-A24H-07	0	2.719690e-01	5.112639e-01	1.242115e+00	0	1.604702e+00	1.037202e+00	2.223569e-01	0	3.739790e+00
TCGA-43-A475-01A-11R-A24H-07	0	1.013124e+00	0	1.286852e+00	0	1.105067e-02	6.782489e-01	1.946785e-01	1.014832e+00	3.327656e+00
TCGA-43-A56U-01A-11R-A26W-07	1.849377e-01	9.949218e-01	8.407079e-01	1.223554e-01	0	8.226336e-01	1.310851e+00	6.164703e-01	1.052435e+00	4.127248e+00
TCGA-43-A56V-01A-11R-A26W-07	2.582774e-04	7.240126e-01	1.299554e+00	4.721221e-01	1.278532e-01	8.128274e-01	1.228342e+00	9.844871e-01	1.294558e-01	4.631456e+00
TCGA-46-3765-01A-01R-0980-07	0	8.364136e-01	5.261721e-01	9.550097e-01	2.089825e-01	6.008660e-01	7.188608e-01	4.674314e-01	1.507254e-01	4.520334e+00
TCGA-46-3766-01A-01R-0980-07	0	1.712226e+00	3.426162e-01	2.629899e-01	0	1.347121e+00	6.770376e-01	1.490548e-01	4.243746e-01	4.321638e+00
TCGA-46-3767-01A-01R-0980-07	0	1.458459e+00	4.955042e-01	1.629411e-01	1.447184e-01	1.448948e+00	5.799175e-01	2.843309e-01	3.580353e-01	3.708917e+00
TCGA-46-3768-01A-01R-0980-07	0	8.920278e-01	0	1.610391e+00	3.914081e-01	2.335772e-01	1.003406e+00	0	2.042898e-01	4.398704e+00
TCGA-46-3769-01A-01R-0980-07	0	3.104855e-01	0	3.159279e-01	5.126665e-02	1.185569e+00	1.234597e+00	0	3.328921e-01	6.196760e+00
TCGA-46-6025-01A-11R-1820-07	0	6.552620e-01	2.837629e-01	1.171626e+00	0	1.473903e+00	1.169977e+00	0	0	4.871469e+00
TCGA-46-6026-01A-11R-1820-07	1.280559e-01	7.644848e-01	7.997043e-01	2.733388e-01	9.790776e-01	9.325351e-01	9.152821e-01	8.517749e-01	1.308374e-01	3.050347e+00
TCGA-51-4079-11A-01R-1758-07	0	3.537576e+00	0	0	0	8.693024e-02	1.220947e+00	0	0	4.197020e+00
TCGA-51-4079-01A-01R-1100-07	0	1.055150e+00	7.861314e-01	1.226190e+00	0	7.725310e-01	9.379688e-01	2.398366e-01	1.312413e-01	4.618693e+00
TCGA-51-4080-11A-01R-1758-07	0	3.371276e+00	0	0	0	2.703712e-02	1.182019e+00	0	6.927102e-02	4.377590e+00
TCGA-51-4080-01A-01R-1100-07	0	4.603105e-01	2.355812e-01	1.484905e+00	1.559838e-01	4.351713e-02	6.162718e-01	4.293937e-01	1.745356e-02	4.080293e+00
TCGA-51-4081-11A-01R-1758-07	0	3.110757e+00	0	1.334852e-01	0	2.053716e-01	1.294186e+00	0	3.494392e-01	4.313089e+00
TCGA-51-4081-01A-01R-1100-07	0	6.089459e-01	2.455302e-01	1.455678e+00	0	1.499636e+00	1.135705e+00	0	0	2.792824e+00
TCGA-51-6867-01A-11R-2045-07	0	9.166011e-01	1.210356e-01	1.077069e+00	2.564049e-01	6.973860e-01	9.732805e-01	3.610236e-01	2.203884e-01	3.667761e+00
TCGA-52-7622-01A-11R-2125-07	0	1.826742e+00	4.300082e-01	1.240830e+00	0	4.510910e-01	1.262083e+00	8.655784e-02	5.248873e-01	3.821180e+00
TCGA-52-7809-01A-21R-2125-07	0	1.430858e+00	3.342708e-01	3.102668e-01	1.003139e+00	5.007186e-01	9.913965e-01	5.314041e-01	3.083894e-01	3.394061e+00
TCGA-52-7810-01A-11R-2125-07	0	1.577228e-01	8.361502e-01	4.357832e-01	1.443032e-01	1.605549e+00	1.026651e+00	1.723134e-02	0	5.323337e+00
TCGA-52-7811-01A-11R-2125-07	0	1.420730e+00	9.368330e-01	7.412840e-01	0	9.717412e-01	1.070242e+00	2.236625e-01	0	4.776205e+00
TCGA-52-7812-01A-11R-2125-07	0	9.837856e-01	0	1.696808e-01	1.939481e-01	4.928372e-01	1.667384e+00	0	5.650547e-01	6.489899e+00
TCGA-56-1622-01A-01R-0692-07	1.577882e-01	8.327239e-01	9.270688e-01	2.845369e-01	1.086942e-01	1.099076e+00	8.972449e-01	1.294219e+00	0	4.173296e+00
TCGA-56-5897-01A-11R-1635-07	5.146661e-02	8.498103e-01	4.858717e-01	7.750624e-01	0	1.714555e+00	1.077725e+00	7.832060e-02	6.311959e-01	4.000550e+00
TCGA-56-5898-01A-11R-1635-07	0	1.686571e+00	9.398329e-01	7.873536e-01	5.208618e-02	8.786565e-01	1.242398e+00	3.752286e-01	5.980643e-02	3.808998e+00
TCGA-56-6545-01A-11R-1820-07	0	1.300983e+00	1.245125e-01	1.441683e-01	1.390566e-01	1.837852e+00	5.159297e-01	0	3.542856e-01	3.131673e+00
TCGA-56-6546-01A-11R-1820-07	0	1.284221e+00	0	1.942742e-01	1.173652e+00	9.540670e-01	9.921072e-01	0	5.108404e-01	4.106072e+00
TCGA-56-7221-01A-11R-2045-07	9.363158e-02	1.018311e+00	1.301705e+00	7.125261e-01	7.127543e-02	7.085778e-01	1.063742e+00	1.129446e+00	0	4.020955e+00
TCGA-56-7222-11A-01R-2045-07	0	3.545264e+00	0	0	0	0	9.043124e-01	0	0	5.441364e+00
TCGA-56-7222-01A-11R-2045-07	0	1.007761e+00	9.024394e-01	1.809833e-01	2.189880e-02	1.363716e+00	1.149741e+00	4.996394e-01	0	5.498058e+00
TCGA-56-7223-01A-11R-2045-07	0	7.218490e-01	0	1.218077e+00	1.331594e+00	1.020796e+00	8.901771e-01	0	0	2.900436e+00
TCGA-56-7579-11A-01R-2045-07	0	3.383910e+00	0	0	0	0	9.583951e-01	2.037904e-02	0	4.791629e+00
TCGA-56-7579-01A-11R-2045-07	0	2.176678e-01	8.751864e-01	8.623272e-01	0	8.148512e-01	1.029917e+00	5.028068e-01	7.344106e-02	4.075112e+00
TCGA-56-7580-11A-01R-2045-07	0	3.172475e+00	0	0	0	2.650067e-01	8.728676e-01	0	0	4.274738e+00
TCGA-56-7580-01A-11R-2045-07	0	2.171323e-01	5.535302e-01	1.668195e-01	1.003216e-01	1.022121e+00	5.113977e-01	1.041123e+00	6.137947e-02	3.936576e+00
TCGA-56-7582-11A-01R-2045-07	0	3.107914e+00	0	0	0	5.474766e-01	9.319353e-01	0	2.149585e-02	3.993107e+00
TCGA-56-7582-01A-11R-2045-07	0	5.405196e-01	1.574010e-01	1.523192e+00	0	8.453052e-01	8.290882e-01	6.871623e-02	1.271937e-01	3.425976e+00
TCGA-56-7730-11A-01R-2125-07	2.933380e-02	3.352495e+00	3.772290e-01	2.074412e-01	0	0	1.321117e+00	2.135194e-01	0	5.000465e+00
TCGA-56-7730-01A-11R-2125-07	0	1.309850e+00	4.754698e-01	1.535972e+00	4.135267e-01	0	1.190750e+00	2.979859e-01	0	3.627675e+00
TCGA-56-7731-11A-01R-2125-07	0	3.521657e+00	0	0	0	0	1.275069e+00	0	0	5.460806e+00
TCGA-56-7731-01A-11R-2125-07	1.846538e-03	1.849808e+00	1.062774e+00	1.276365e-01	1.541607e-02	7.948529e-01	1.173122e+00	8.448295e-01	2.987440e-01	4.445083e+00
TCGA-56-7822-01A-11R-2125-07	0	1.357884e+00	1.428278e+00	2.675469e-01	0	1.042415e+00	1.037051e+00	6.905690e-01	0	4.675518e+00
TCGA-56-7823-11A-01R-2247-07	0	3.285330e+00	0	0	0	1.723951e-01	1.132953e+00	0	0	4.446843e+00
TCGA-56-7823-01B-11R-2247-07	0	2.302268e-01	4.504047e-01	1.236082e+00	0	9.165716e-01	1.252034e+00	4.507021e-01	0	3.377012e+00
TCGA-56-8082-11A-01R-2247-07	0	3.467814e+00	0	0	0	7.259457e-02	1.193745e+00	0	0	4.606419e+00
TCGA-56-8082-01A-11R-2247-07	0	9.553867e-01	1.104761e+00	1.721950e-01	1.099224e-01	4.801769e-01	7.140371e-01	1.568314e+00	0	3.787042e+00
TCGA-56-8083-11A-01R-2247-07	0	3.698030e+00	0	0	0	0	1.079997e+00	0	0	4.544935e+00
TCGA-56-8083-01A-11R-2247-07	0	1.293314e+00	0	1.851957e-01	1.773715e+00	1.517205e+00	8.730051e-01	0	0	2.293002e+00
TCGA-56-8201-11A-01R-2247-07	0	3.678747e+00	0	0	0	0	1.144568e+00	0	0	4.753638e+00
TCGA-56-8201-01A-11R-2247-07	0	3.478426e-01	0	0	0	1.669390e+00	9.477364e-01	0	6.223340e-01	4.748552e+00
TCGA-56-8304-01A-11R-2326-07	0	4.303944e-01	1.587870e+00	3.271363e-02	0	2.982818e-01	1.224638e+00	1.805382e+00	6.513378e-02	4.873765e+00
TCGA-56-8305-01A-11R-2296-07	0	7.577761e-01	7.360238e-01	8.796847e-01	3.230759e-01	1.157299e+00	1.264703e+00	4.498123e-02	2.025087e-01	4.037475e+00
TCGA-56-8307-01A-11R-2296-07	0	1.860941e-01	0	0	6.744817e-02	7.175996e-01	2.166807e-01	5.695279e-01	9.526472e-01	3.635941e+00
TCGA-56-8308-01A-11R-2296-07	0	1.167262e+00	5.807513e-01	9.678014e-01	0	8.642292e-01	1.074146e+00	5.438097e-01	3.029955e-01	3.056056e+00
TCGA-56-8309-11A-01R-2296-07	1.293374e-01	3.317785e+00	0	1.917858e-02	0	0	1.260301e+00	1.017092e-01	7.558901e-02	4.854765e+00
TCGA-56-8309-01A-11R-2296-07	0	1.426818e+00	0	1.524857e-01	0	9.110374e-01	3.754470e-01	4.850881e-01	9.457776e-01	3.363753e+00
TCGA-56-8503-01A-11R-2403-07	0	6.794975e-01	5.422265e-01	1.495760e-01	0	1.685142e+00	1.119776e+00	1.343487e-01	7.427685e-01	3.602899e+00
TCGA-56-8504-01A-11R-2403-07	0	6.349583e-01	6.507964e-01	9.258158e-01	0	7.389732e-01	1.274246e+00	7.947969e-01	3.331356e-01	4.384404e+00
TCGA-56-8622-01A-11R-2403-07	0	1.278491e+00	1.109517e+00	1.015172e-01	0	1.717596e+00	1.088801e+00	1.058993e-01	5.841086e-02	4.322820e+00
TCGA-56-8623-11A-01R-A28V-07	0	3.404929e+00	0	0	0	0	1.253467e+00	0	1.163816e-01	4.614906e+00
TCGA-56-8623-01A-11R-A28V-07	7.937746e-03	3.285865e+00	0	2.799435e-02	0	0	1.283201e+00	0	1.535421e-01	4.706396e+00
TCGA-56-8624-01A-11R-2403-07	0	1.708399e+00	6.984996e-01	2.076972e-01	1.222184e-01	1.228747e+00	1.245279e+00	1.081373e-01	1.734009e-01	3.899803e+00
TCGA-56-8625-01A-11R-2403-07	0	1.220026e+00	1.021690e-01	4.416402e-01	5.945091e-02	1.053465e+00	1.272413e+00	4.078961e-01	8.728230e-01	2.890052e+00
TCGA-56-8626-01A-11R-2403-07	0	1.815537e+00	7.798058e-01	1.649002e-01	3.455777e-01	1.387694e+00	1.095453e+00	1.079408e-01	0	3.572971e+00
TCGA-56-8628-01A-11R-2403-07	0	1.952297e+00	4.185088e-01	1.805724e-01	1.614754e-01	9.904941e-01	1.058795e+00	5.022605e-01	3.556528e-01	3.163656e+00
TCGA-56-8629-01A-11R-2403-07	5.981628e-02	4.939732e-01	3.992570e-01	7.508953e-01	1.097067e-01	1.120588e+00	1.479492e+00	2.467941e-01	3.429011e-01	4.482058e+00
TCGA-56-A49D-01A-11R-A24H-07	0	1.643598e+00	7.570783e-01	1.104164e-01	1.141563e-01	6.620932e-02	1.264349e+00	1.064253e+00	3.385311e-01	4.759588e+00
TCGA-56-A4BW-01A-11R-A24H-07	0	7.868385e-01	9.921084e-01	2.074931e-01	0	9.418276e-01	1.098632e+00	9.622564e-01	3.556196e-01	4.130886e+00
TCGA-56-A4BX-01A-11R-A24H-07	0	4.832828e-01	7.033466e-01	1.293424e+00	0	1.293745e-01	1.172867e+00	1.156487e+00	0	3.454258e+00
TCGA-56-A4BY-01A-11R-A24H-07	0	1.298382e+00	1.780727e-01	1.278708e+00	0	2.620004e-01	1.202877e+00	5.902680e-01	3.374255e-01	3.595816e+00
TCGA-56-A4ZJ-01A-11R-A262-07	0	2.001390e+00	7.207926e-01	2.069652e-01	0	1.181401e+00	1.261699e+00	1.793930e-01	2.683045e-01	4.274996e+00
TCGA-56-A4ZK-01A-11R-A262-07	0	5.447913e-01	3.592092e-01	1.193429e+00	0	5.502749e-01	1.404251e+00	4.569717e-01	6.116460e-01	3.326498e+00
TCGA-56-A5DR-01A-11R-A27Q-07	0	4.527138e-01	8.607985e-01	6.428688e-01	0	1.249313e+00	1.534537e+00	4.708741e-01	2.412968e-01	4.992320e+00
TCGA-56-A5DS-01A-11R-A27Q-07	1.612733e-01	9.211862e-01	1.211817e+00	2.240854e-01	0	6.750578e-01	1.214814e+00	1.507276e+00	5.973454e-01	3.808577e+00
TCGA-56-A62T-01A-11R-A405-07	0	2.408983e-01	2.613882e-01	9.381482e-01	0	1.829570e+00	1.179097e+00	0	0	4.090888e+00
TCGA-58-8386-11A-01R-2296-07	0	3.108708e+00	0	0	0	0	1.005648e+00	1.588565e-02	3.056926e-01	5.062648e+00
TCGA-58-8386-01A-11R-2296-07	0	1.895517e+00	5.260088e-01	2.336089e-01	0	1.164065e+00	1.081023e+00	0	6.993756e-02	3.943302e+00
TCGA-58-8387-01A-11R-2296-07	0	0	6.930219e-01	1.670775e-01	9.284959e-02	5.899615e-02	3.918931e-01	1.338248e+00	3.860161e-01	4.654769e+00
TCGA-58-8388-01A-11R-2326-07	0	1.552611e+00	0	9.848054e-02	5.870101e-01	1.148169e+00	6.144489e-01	5.662312e-03	7.518581e-01	2.674882e+00
TCGA-58-8390-01A-11R-2326-07	0	6.554234e-01	2.584513e-01	2.168368e-01	4.834881e-01	1.678774e+00	4.699435e-01	4.042223e-01	5.012742e-01	2.697245e+00
TCGA-58-8391-01A-11R-2326-07	0	8.625135e-01	5.879771e-01	1.277713e+00	0	6.186259e-01	1.079147e+00	4.447828e-01	0	4.080136e+00
TCGA-58-8392-01A-11R-2326-07	0	1.106071e+00	9.095132e-01	1.138138e+00	1.945221e-01	4.676682e-01	8.612769e-01	7.721562e-01	0	3.172043e+00
TCGA-58-8393-01A-11R-2326-07	0	1.401862e+00	3.953799e-01	1.001136e+00	0	3.932867e-01	1.506744e+00	2.402025e-01	5.943850e-01	4.642902e+00
TCGA-58-A46J-01A-11R-A24H-07	0	1.270072e+00	1.038103e+00	1.104583e-01	0	1.065480e-01	1.199786e+00	1.341447e+00	2.441733e-01	4.547166e+00
TCGA-58-A46K-01A-11R-A24H-07	0	4.647871e-01	0	1.748344e+00	0	5.411844e-01	1.060327e+00	5.693094e-02	4.276011e-01	3.698832e+00
TCGA-58-A46L-01A-11R-A24H-07	0	3.761743e-01	4.437427e-01	6.494569e-01	0	9.370032e-01	1.091182e+00	6.342826e-01	5.114979e-01	3.216221e+00
TCGA-58-A46M-01A-11R-A24H-07	0	0	0	1.433412e+00	0	4.806159e-01	7.540686e-01	0	2.141233e-01	4.209422e+00
TCGA-58-A46N-01A-11R-A24H-07	0	1.608397e-01	5.155510e-01	1.436238e+00	0	6.377885e-01	9.984954e-01	4.840972e-01	0	3.415952e+00
TCGA-60-2695-01A-01R-0851-07	0	1.192059e+00	0	1.612714e-01	1.102017e+00	8.227350e-01	1.146115e+00	3.076439e-01	5.402306e-01	3.767282e+00
TCGA-60-2696-01A-01R-0851-07	0	1.213671e+00	8.980628e-01	1.782943e-01	0	6.468888e-01	1.242640e+00	6.031598e-01	6.081864e-02	5.996369e+00
TCGA-60-2697-01A-11R-2125-07	3.948180e-02	2.144748e+00	1.220704e-01	4.147641e-01	0	7.293384e-01	1.190983e+00	0	7.573133e-01	4.583288e+00
TCGA-60-2698-01A-01R-0851-07	0	1.425055e+00	7.059178e-01	5.606102e-01	0	6.385648e-01	1.248489e+00	2.533114e-01	3.612770e-01	4.839474e+00
TCGA-60-2703-01A-11R-2045-07	0	5.972162e-01	1.296367e-01	1.135232e-01	6.621446e-01	2.044147e+00	5.149870e-01	3.749058e-02	4.595035e-02	3.565152e+00
TCGA-60-2704-01A-11R-2045-07	0	1.781526e+00	3.225790e-02	5.454015e-01	2.447360e-02	1.330004e+00	5.677106e-01	0	3.910363e-01	2.906771e+00
TCGA-60-2706-01A-01R-0851-07	4.224288e-02	1.251119e+00	0	7.524853e-01	6.284657e-01	5.735241e-01	1.466298e+00	0	5.891269e-01	5.011761e+00
TCGA-60-2707-01A-01R-0851-07	1.867000e-02	1.366900e+00	1.299477e+00	2.323456e-01	0	1.318290e+00	1.503135e+00	5.588218e-01	5.096869e-02	5.207793e+00
TCGA-60-2708-01A-01R-0851-07	0	4.995834e-01	5.006508e-01	3.557000e-01	1.375150e-01	2.241948e+00	7.606424e-01	1.841558e-01	0	3.459904e+00
TCGA-60-2709-11A-01R-1820-07	0	3.347860e+00	0	0	0	0	9.737029e-01	0	0	5.839829e+00
TCGA-60-2709-01A-21R-1820-07	0	1.547512e+00	0	1.144606e+00	4.836641e-02	9.870691e-01	1.063741e+00	0	7.647265e-01	3.111977e+00
TCGA-60-2710-01A-01R-0851-07	0	1.567727e+00	5.210749e-01	9.986973e-01	0	7.273845e-01	1.055916e+00	4.511807e-01	4.408376e-01	3.032946e+00
TCGA-60-2711-01A-01R-0851-07	0	6.799658e-01	4.697278e-01	7.130803e-01	4.220216e-01	3.026315e-01	7.732929e-01	9.544811e-01	2.881822e-01	3.214923e+00
TCGA-60-2712-01A-01R-0851-07	0	8.855583e-01	3.030183e-01	3.095098e-02	0	1.026480e+00	6.164587e-01	3.789118e-01	1.011095e+00	3.859767e+00
TCGA-60-2713-01A-01R-0851-07	0	4.938164e-01	0	5.200930e-01	1.424010e-01	1.564200e+00	6.328508e-01	5.392401e-02	3.937982e-01	2.899540e+00
TCGA-60-2714-01A-01R-0851-07	0	1.372430e+00	7.262830e-02	0	2.740554e-01	9.006642e-01	1.958444e+00	0	3.871161e-01	6.254488e+00
TCGA-60-2715-01A-01R-0851-07	0	2.001980e+00	3.720681e-01	4.226619e-01	6.406165e-02	8.179922e-01	9.770619e-01	1.045695e-01	5.526953e-01	3.420083e+00
TCGA-60-2716-01A-01R-0851-07	0	8.218868e-01	1.187380e+00	1.973198e-01	0	4.653735e-01	1.343506e+00	1.655605e+00	0	4.741727e+00
TCGA-60-2719-01A-01R-0851-07	0	8.900064e-01	8.933235e-01	2.388136e-01	2.153688e-01	5.054587e-01	9.292251e-01	1.308910e+00	1.896993e-01	4.466665e+00
TCGA-60-2720-01A-01R-0851-07	0	8.815577e-01	8.912834e-01	5.477995e-02	4.395609e-01	1.269606e+00	1.073434e+00	6.232368e-02	4.058564e-01	5.516756e+00
TCGA-60-2721-01A-01R-0851-07	0	4.029761e-01	9.342620e-01	3.837235e-02	0	8.268562e-01	1.075359e+00	1.536485e+00	5.718880e-01	3.693487e+00
TCGA-60-2722-01A-01R-0851-07	0	2.654159e-01	4.104546e-01	1.419319e+00	0	7.862448e-01	1.115179e+00	2.679894e-01	0	3.882934e+00
TCGA-60-2723-01A-01R-0851-07	0	8.090981e-01	1.404427e-01	1.077212e+00	5.940819e-02	9.612591e-01	5.174381e-01	1.457788e-01	2.487788e-01	4.668776e+00
TCGA-60-2724-01A-01R-0851-07	0	1.344294e-01	9.597034e-01	1.621003e-01	0	2.156888e+00	1.046635e+00	4.231959e-01	0	4.728786e+00
TCGA-60-2725-01A-01R-1201-07	0	1.343472e+00	7.219298e-01	2.147897e-01	4.669164e-02	7.086553e-01	3.832950e-01	7.826914e-01	7.184729e-01	3.960584e+00
TCGA-60-2726-01A-01R-0851-07	0	4.510145e-01	7.468806e-01	2.991541e-01	2.742840e-01	0	1.106443e+00	1.129111e+00	5.987140e-01	4.679066e+00
TCGA-63-5128-01A-01R-1443-07	0	1.074639e+00	5.543388e-01	1.143136e+00	9.946769e-02	1.138372e+00	7.677273e-01	1.004832e-01	0	3.494183e+00
TCGA-63-5131-01A-01R-1443-07	0	9.157202e-01	1.053036e+00	1.699082e-01	0	1.996938e-01	6.693900e-01	1.707796e+00	1.712745e-01	4.321086e+00
TCGA-63-6202-01A-11R-1820-07	0	1.208285e+00	0	0	1.627442e-01	1.105604e+00	1.633616e+00	0	4.783008e-01	5.698674e+00
TCGA-63-7020-01A-11R-1949-07	8.789607e-02	1.432908e+00	1.098392e+00	3.386474e-01	0	1.014858e+00	1.673129e+00	8.626497e-01	2.116317e-01	4.816017e+00
TCGA-63-7021-01A-11R-1949-07	0	7.095966e-01	1.047226e+00	5.653547e-01	0	7.841735e-01	1.194186e+00	6.090633e-01	5.479002e-01	3.837095e+00
TCGA-63-7022-01A-11R-1949-07	0	1.106851e+00	2.553705e-01	2.085105e-01	8.293245e-03	1.579921e+00	9.807730e-01	4.363762e-01	7.180832e-01	2.927038e+00
TCGA-63-7023-01A-11R-1949-07	0	4.514690e-01	2.363691e-01	4.762650e-01	2.401267e-01	6.723634e-01	5.369232e-01	9.185347e-01	3.332425e-01	3.609716e+00
TCGA-63-A5M9-01A-11R-A26W-07	0	9.554649e-01	0	1.478475e+00	3.782481e-01	4.909308e-01	7.887033e-01	0	3.593988e-01	3.356981e+00
TCGA-63-A5MB-01A-11R-A26W-07	0	1.189050e+00	0	1.579297e+00	1.831182e-01	1.813058e-01	1.063121e+00	1.227069e-02	3.646844e-01	3.412386e+00
TCGA-63-A5MG-01A-12R-A27Q-07	5.891084e-02	1.059777e+00	1.425442e+00	4.343322e-02	0	1.040767e+00	1.429662e+00	1.077378e+00	3.513509e-01	4.769003e+00
TCGA-63-A5MH-01A-12R-A27Q-07	0	7.708030e-02	3.583991e-01	1.079819e-01	2.443039e-01	1.692943e+00	2.152137e-01	3.908602e-01	5.488758e-02	3.508381e+00
TCGA-63-A5MI-01A-12R-A27Q-07	0	6.895832e-01	1.064641e+00	5.169296e-03	4.220639e-01	1.078748e+00	5.459315e-01	1.633746e+00	0	3.808389e+00
TCGA-63-A5MJ-01A-11R-A27Q-07	0	1.849324e-02	0	1.311698e+00	0	1.173837e+00	9.636947e-01	0	6.332018e-02	3.649232e+00
TCGA-63-A5ML-01A-31R-A27Q-07	0	9.640831e-01	0	1.556072e+00	1.588511e-02	5.472366e-01	9.871281e-01	0	3.570576e-01	3.468232e+00
TCGA-63-A5MM-01A-11R-A26W-07	0	5.631083e-01	2.670541e-01	0	0	1.383922e+00	1.689614e+00	0	3.607553e-01	6.034743e+00
TCGA-63-A5MN-01A-22R-A27Q-07	0	1.123739e+00	0	0	0	1.316234e+00	1.620601e+00	0	7.430364e-01	5.356187e+00
TCGA-63-A5MP-01A-11R-A26W-07	0	1.173902e+00	4.001070e-01	1.088951e+00	0	7.871504e-02	8.405029e-01	6.437143e-01	6.585575e-01	3.655685e+00
TCGA-63-A5MR-01A-31R-A27Q-07	0	3.683679e-01	1.171337e+00	2.535285e-01	0	1.206740e+00	1.346006e+00	3.465917e-01	9.895490e-02	4.886889e+00
TCGA-63-A5MS-01A-11R-A26W-07	0	1.549494e+00	4.004474e-01	3.041950e-01	1.745936e-01	8.831093e-01	1.043404e+00	4.501182e-01	4.803171e-01	3.289931e+00
TCGA-63-A5MT-01A-21R-A26W-07	0	7.212629e-01	4.286388e-01	5.733952e-02	0	1.210965e+00	1.225099e+00	2.419797e-01	5.853827e-01	5.193105e+00
TCGA-63-A5MU-01A-11R-A26W-07	0	2.460490e-03	9.128163e-01	1.076565e+00	0	4.596345e-01	1.276456e+00	8.820377e-01	0	4.600852e+00
TCGA-63-A5MV-01A-21R-A26W-07	0	7.114796e-01	5.388199e-01	2.193776e-01	8.408207e-02	1.032767e+00	9.264826e-01	8.852990e-01	4.521836e-01	2.972012e+00
TCGA-63-A5MW-01A-11R-A26W-07	0	4.779030e-01	0	1.442385e-01	1.008250e+00	1.883379e+00	4.549226e-01	0	0	2.461466e+00
TCGA-63-A5MY-01A-11R-A26W-07	0	0	1.035773e+00	7.491708e-01	0	0	9.710189e-01	1.599468e+00	0	4.786479e+00
TCGA-66-2727-01A-01R-0980-07	0	9.030361e-01	2.323241e-01	1.329033e+00	4.791938e-02	4.353336e-01	6.401925e-01	3.244261e-01	3.680692e-01	4.642353e+00
TCGA-66-2734-01A-01R-0980-07	0	1.012822e+00	1.076178e+00	1.459976e-01	0	1.213801e+00	1.148273e+00	5.477840e-01	8.155388e-02	5.271888e+00
TCGA-66-2737-01A-01R-0980-07	0	8.859907e-01	1.546059e-01	1.203822e+00	0	1.230628e+00	8.008675e-01	3.145504e-02	5.000246e-01	3.904014e+00
TCGA-66-2742-01A-01R-0980-07	0	9.756828e-01	7.888692e-01	4.375576e-01	0	5.857982e-01	9.131772e-01	9.445213e-01	1.530567e-01	4.730495e+00
TCGA-66-2744-01A-01R-0980-07	0	1.373498e+00	1.751183e-02	5.813081e-02	4.330676e-01	1.051140e+00	7.543454e-01	0	4.409000e-01	4.841264e+00
TCGA-66-2753-01A-01R-0980-07	0	1.151476e+00	5.980302e-01	1.430741e-01	1.459650e-01	1.353148e+00	7.545451e-01	6.215286e-01	0	4.673072e+00
TCGA-66-2754-01A-01R-0980-07	0	6.339932e-01	0	5.024001e-01	1.940202e+00	6.756948e-01	8.300911e-01	0	2.016759e-02	4.909777e+00
TCGA-66-2755-01A-01R-0851-07	0	0	0	1.357707e-01	0	1.408048e+00	2.961839e-02	0	8.215675e-01	4.003678e+00
TCGA-66-2756-01A-01R-0851-07	0	4.790655e-01	0	9.618948e-02	1.796662e+00	1.055904e+00	1.162497e+00	0	1.510873e-01	5.187393e+00
TCGA-66-2757-01A-01R-0851-07	0	6.116887e-01	0	3.251071e-01	1.151802e+00	8.515667e-01	9.850575e-01	3.422652e-01	7.210038e-01	4.370279e+00
TCGA-66-2758-01A-02R-0851-07	0	7.832191e-01	0	1.449977e+00	1.885429e-01	1.841131e-01	8.059581e-01	1.311888e-01	6.277659e-01	4.728147e+00
TCGA-66-2759-01A-01R-0851-07	0	1.947388e-01	5.737084e-01	8.639614e-01	0	8.054541e-01	6.853638e-01	4.422919e-01	1.781927e-01	4.840846e+00
TCGA-66-2763-01A-01R-0851-07	0	8.457376e-01	1.263185e+00	9.198991e-02	0	3.653491e-01	1.001309e+00	1.619382e+00	2.223232e-01	4.874956e+00
TCGA-66-2765-01A-01R-0851-07	0	7.661285e-01	8.692230e-01	7.834492e-02	0	1.358593e+00	1.127965e+00	1.788154e-01	1.204786e-01	5.990219e+00
TCGA-66-2766-01A-01R-0851-07	0	1.434228e-01	2.289550e-01	1.300974e+00	9.680016e-02	4.119678e-01	6.749105e-01	2.293502e-01	5.999167e-02	5.115468e+00
TCGA-66-2767-01A-01R-0851-07	0	1.295280e+00	5.831137e-01	6.290914e-01	0	1.805658e-01	8.411531e-01	6.612390e-01	8.746465e-01	4.009111e+00
TCGA-66-2768-01A-01R-0851-07	0	0	8.162936e-01	7.623490e-02	0	1.195976e+00	1.174544e+00	0	5.111960e-02	5.871230e+00
TCGA-66-2769-01A-02R-0851-07	0	1.148399e+00	0	1.112262e-01	4.067314e-01	1.479476e+00	1.732617e-01	0	3.134334e-01	4.627499e+00
TCGA-66-2770-01A-01R-0851-07	0	1.159971e+00	3.018857e-01	1.338989e+00	0	6.920810e-01	9.925223e-01	4.937709e-02	5.706827e-01	3.732966e+00
TCGA-66-2771-01A-01R-0980-07	0	8.448031e-01	1.371683e+00	3.288887e-02	0	0	6.749335e-01	1.415911e+00	4.394661e-01	6.035500e+00
TCGA-66-2773-01A-01R-1201-07	0	9.002824e-01	3.355736e-01	1.150377e+00	0	4.961579e-01	1.406530e+00	1.826263e-01	6.046244e-01	5.186612e+00
TCGA-66-2777-01A-01R-1201-07	0	1.452798e+00	6.227701e-01	1.055749e+00	2.143630e-01	6.869127e-01	1.160282e+00	6.300132e-02	3.081994e-01	4.449025e+00
TCGA-66-2778-01A-02R-0851-07	0	4.968529e-01	1.774513e+00	0	8.990880e-02	0	6.272737e-01	1.629663e+00	0	6.457085e+00
TCGA-66-2780-01A-01R-0851-07	0	4.299317e-01	7.295027e-01	1.854758e-01	0	1.497970e+00	1.207448e+00	2.425982e-01	1.499478e-01	5.726978e+00
TCGA-66-2781-01A-01R-0851-07	0	4.349757e-01	8.112718e-01	5.911736e-01	2.501685e-01	7.879891e-01	9.272202e-01	8.532233e-01	2.209179e-01	4.650568e+00
TCGA-66-2782-01A-01R-0851-07	0	4.979613e-01	7.562188e-01	1.375306e-01	0	1.045482e+00	1.040000e+00	6.982875e-01	4.251834e-01	5.657935e+00
TCGA-66-2783-01A-01R-1201-07	0	7.630100e-01	5.458362e-01	1.242314e+00	0	6.556190e-01	1.045756e+00	4.913756e-01	3.905238e-01	4.773907e+00
TCGA-66-2785-01A-01R-0851-07	0	5.664574e-01	4.692306e-01	0	2.689576e-02	5.509281e-01	1.255474e+00	4.392778e-01	1.093165e+00	6.257785e+00
TCGA-66-2786-01A-01R-0851-07	8.365218e-04	1.481070e+00	6.883818e-01	3.083493e-01	0	8.571686e-01	1.315839e+00	5.698701e-01	3.147965e-01	5.202291e+00
TCGA-66-2787-01A-01R-0980-07	0	6.105432e-01	0	1.646778e+00	6.122261e-04	3.618826e-01	6.789907e-01	0	6.165609e-01	3.376440e+00
TCGA-66-2788-01A-01R-0980-07	5.972295e-02	7.122575e-01	8.984616e-01	3.502954e-01	0	1.640774e+00	9.367786e-01	5.751423e-01	3.775904e-01	4.130171e+00
TCGA-66-2789-01A-01R-0980-07	0	1.305644e+00	6.327083e-01	1.873309e-01	3.747557e-01	1.095607e+00	4.868640e-01	6.839150e-01	9.617224e-02	3.998255e+00
TCGA-66-2790-01A-01R-0980-07	7.506251e-02	1.020972e+00	2.590045e-01	3.773691e-01	6.286707e-01	1.199281e+00	8.211601e-01	2.206251e-01	5.426326e-01	3.762120e+00
TCGA-66-2791-01A-01R-0980-07	0	8.230144e-01	3.764531e-03	1.351772e+00	0	7.484435e-01	8.491293e-01	5.586032e-02	6.871008e-01	4.094227e+00
TCGA-66-2792-01A-01R-0980-07	0	3.395571e-01	6.608190e-02	9.871178e-01	0	1.279305e+00	5.471658e-01	3.591609e-01	0	2.990544e+00
TCGA-66-2793-01A-01R-1201-07	0	8.004863e-01	6.868910e-01	2.228735e-01	7.406513e-01	4.206676e-01	8.792489e-01	1.286438e+00	0	3.786830e+00
TCGA-66-2794-01A-01R-1201-07	0	6.196769e-01	1.363579e-01	1.293222e+00	0	9.230885e-02	6.216107e-01	6.960000e-01	7.650542e-01	4.320805e+00
TCGA-66-2795-01A-02R-0980-07	0	5.474957e-01	8.585201e-02	1.302475e+00	8.677366e-02	7.306557e-01	7.750427e-01	3.741555e-02	5.271731e-01	4.627433e+00
TCGA-66-2800-01A-01R-1201-07	0	1.438269e+00	3.756665e-01	1.169994e+00	5.581301e-01	5.358535e-01	7.278491e-01	6.263309e-02	1.729865e-01	3.828987e+00
TCGA-68-7755-01A-11R-2125-07	0	1.635707e-01	0	1.501765e+00	0	1.299434e+00	1.070948e+00	0	0	3.364798e+00
TCGA-68-7756-01A-11R-2125-07	0	1.430922e+00	8.953977e-01	8.626691e-01	0	1.188280e+00	1.561137e+00	1.628899e-01	9.560186e-02	4.935872e+00
TCGA-68-7757-01B-11R-2296-07	2.606284e-01	9.317338e-01	8.475991e-01	2.552259e-01	0	1.727813e+00	1.391593e+00	8.005094e-01	2.848160e-01	4.221568e+00
TCGA-68-8250-01A-11R-2296-07	5.443459e-02	1.714018e+00	6.100369e-01	3.668548e-01	7.812641e-02	3.241150e-01	1.060262e+00	9.928244e-01	3.636602e-01	4.330596e+00
TCGA-68-8251-01A-11R-2296-07	0	3.131851e-01	0	2.529998e-01	1.830880e-01	1.620908e+00	3.346033e-01	2.970198e-01	8.001576e-01	3.318774e+00
TCGA-68-A59I-01A-11R-A262-07	1.271441e-01	9.126282e-01	6.687031e-01	1.741547e-01	1.167482e-01	1.228776e+00	1.059072e+00	9.307250e-01	4.484846e-01	3.184508e+00
TCGA-68-A59J-01A-21R-A26W-07	0	1.364271e+00	4.540672e-01	1.292070e+00	0	2.167413e-01	1.422129e+00	9.413691e-02	5.654356e-01	3.944584e+00
TCGA-6A-AB49-01A-12R-A405-07	0	0	5.181664e-01	0	3.071097e-01	6.513150e-01	1.762406e+00	1.574692e-02	0	5.834454e+00
TCGA-70-6722-01A-11R-1820-07	0	1.159161e+00	3.588296e-01	1.000811e-01	0	1.897530e+00	1.328825e+00	0	2.771058e-01	4.924796e+00
TCGA-70-6723-01A-11R-1820-07	0	2.098326e-01	0	1.632737e+00	0	8.884884e-01	8.830779e-01	0	0	3.676504e+00
TCGA-77-6842-01A-11R-1949-07	0	9.580103e-01	0	7.107775e-02	9.161020e-02	1.054673e+00	4.626111e-03	3.117531e-01	9.087240e-01	3.524238e+00
TCGA-77-6843-01A-11R-1949-07	0	1.106318e+00	1.636305e-02	1.701109e+00	3.757092e-01	4.558165e-01	8.803233e-01	1.455961e-01	0	3.112450e+00
TCGA-77-6844-01A-11R-1949-07	0	1.023444e+00	1.245760e+00	7.618526e-02	0	3.879897e-01	9.771207e-01	1.895860e+00	1.324872e-01	4.257204e+00
TCGA-77-6845-01A-11R-1949-07	0	9.319323e-01	4.835675e-01	1.215423e+00	2.817020e-01	5.717091e-01	1.144213e+00	4.231652e-01	0	4.110445e+00
TCGA-77-7138-11A-01R-2045-07	0	3.573924e+00	0	0	0	0	1.058628e+00	0	0	4.494759e+00
TCGA-77-7138-01A-41R-2045-07	0	1.012085e-01	9.803412e-01	0	0	1.389143e+00	1.116820e+00	0	0	5.690656e+00
TCGA-77-7139-01A-11R-2045-07	0	1.201636e-01	1.388552e-01	1.352706e+00	8.787304e-02	4.286779e-01	9.998989e-01	3.651167e-01	3.618459e-01	3.565039e+00
TCGA-77-7140-01A-41R-2045-07	0	5.301691e-03	3.728795e-01	1.392651e+00	0	1.314972e+00	6.268224e-01	3.728443e-01	0	3.791522e+00
TCGA-77-7141-01A-11R-2045-07	1.230629e-01	8.806524e-01	1.239252e-01	1.393940e+00	1.758918e-01	6.083360e-01	1.009518e+00	3.339107e-01	3.117054e-01	3.643138e+00
TCGA-77-7142-11A-01R-2045-07	0	3.519443e+00	0	0	0	2.607021e-02	7.426214e-01	0	0	4.351950e+00
TCGA-77-7142-01A-11R-2045-07	0	1.553743e+00	4.917782e-01	6.509623e-01	7.148370e-02	5.694232e-01	5.926881e-01	7.165743e-01	0	3.621390e+00
TCGA-77-7335-11A-01R-2045-07	0	3.086125e+00	0	0	0	0	2.884265e-01	0	0	5.703336e+00
TCGA-77-7335-01A-11R-2045-07	0	6.700746e-01	4.625336e-02	5.526122e-01	0	1.237021e+00	5.812126e-01	3.205357e-01	7.757467e-01	3.543947e+00
TCGA-77-7337-11A-01R-2045-07	0	3.485676e+00	0	0	0	0	7.026704e-01	0	0	4.696615e+00
TCGA-77-7337-01A-21R-2045-07	0	2.418245e-01	7.279547e-01	2.147700e-01	0	2.037606e+00	4.863488e-01	4.278522e-01	0	4.269381e+00
TCGA-77-7338-11A-01R-2045-07	0	3.569668e+00	0	0	0	0	6.810550e-01	0	0	4.993608e+00
TCGA-77-7338-01A-11R-2045-07	0	1.338105e+00	6.126436e-01	1.107334e+00	0	1.319227e+00	6.685003e-01	0	1.329259e-01	3.521170e+00
TCGA-77-7463-01A-11R-2045-07	0	8.051596e-01	1.189968e+00	5.908153e-01	0	5.432275e-01	3.315471e-01	1.235889e+00	0	4.614309e+00
TCGA-77-7465-01A-11R-2045-07	0	3.309009e-01	6.486813e-02	1.926250e-01	2.851133e-01	7.756416e-01	0	7.589389e-01	6.678365e-01	3.987957e+00
TCGA-77-8007-11A-01R-2187-07	0	2.852242e+00	0	6.524697e-02	0	5.833306e-03	1.025531e+00	0	1.932770e-01	5.618456e+00
TCGA-77-8007-01A-11R-2187-07	0	9.217274e-01	0	0	0	1.544245e+00	1.844291e+00	0	3.258315e-01	5.631927e+00
TCGA-77-8008-11A-01R-2187-07	0	3.089278e+00	0	0	0	5.610730e-01	1.133027e+00	0	6.862752e-02	4.356981e+00
TCGA-77-8008-01A-21R-2187-07	0	8.422400e-01	4.907562e-01	8.838281e-02	0	2.278318e+00	9.111101e-01	0	2.864505e-01	3.732603e+00
TCGA-77-8009-01A-11R-2187-07	0	9.175894e-02	0	1.404760e+00	0	1.309886e+00	6.585005e-01	0	0	3.635992e+00
TCGA-77-8128-01A-11R-2247-07	0	5.117040e-01	0	1.143967e+00	2.958551e-01	1.568311e+00	7.879968e-01	7.424884e-02	0	2.094171e+00
TCGA-77-8130-01A-11R-2247-07	0	9.599848e-01	9.245366e-01	3.883850e-02	0	2.541737e+00	1.151646e+00	0	0	4.482982e+00
TCGA-77-8131-01A-11R-2247-07	0	1.311217e+00	9.360893e-01	1.977320e-02	0	9.250719e-01	1.154117e+00	1.266485e-01	7.359149e-01	4.770164e+00
TCGA-77-8133-01A-12R-2247-07	0	6.685074e-01	6.310442e-02	9.937652e-01	0	5.455881e-01	1.039029e+00	4.164245e-01	7.850086e-01	2.629561e+00
TCGA-77-8136-01A-11R-2247-07	0	5.669639e-01	5.061870e-01	1.101814e-01	0	1.608068e+00	1.321592e+00	3.737002e-01	6.539024e-01	4.128477e+00
TCGA-77-8138-01A-11R-2247-07	8.412672e-03	1.208717e+00	5.704123e-01	2.480212e-01	1.222020e-02	1.788328e+00	1.337657e+00	0	2.471476e-01	5.036738e+00
TCGA-77-8139-01A-11R-2247-07	0	2.326064e-01	3.429418e-01	1.384039e-01	6.137133e-02	1.850141e+00	9.055992e-01	7.534376e-01	1.507643e-02	3.531453e+00
TCGA-77-8140-01A-11R-2247-07	0	9.078153e-01	1.273463e+00	0	1.752171e-01	4.805049e-01	1.117513e+00	1.523783e+00	1.464693e-01	4.442159e+00
TCGA-77-8143-01A-11R-2247-07	0	7.064411e-01	1.489391e+00	1.809072e-02	0	3.131895e-01	1.446033e+00	1.626537e+00	1.766068e-03	5.476338e+00
TCGA-77-8144-01A-11R-2247-07	0	0	9.525728e-01	0	0	1.604698e+00	1.163750e+00	0	0	5.194329e+00
TCGA-77-8145-01A-11R-2247-07	0	8.320225e-01	7.707572e-01	3.181521e-01	3.612393e-01	1.812046e+00	1.175083e+00	4.859945e-01	5.006538e-02	2.796894e+00
TCGA-77-8146-01A-11R-2247-07	6.501154e-02	1.655969e+00	5.515909e-01	8.120456e-01	0	1.004515e+00	1.661133e+00	1.067501e-01	1.414969e-01	5.105967e+00
TCGA-77-8148-01A-11R-2247-07	0	2.182391e-01	0	1.015943e+00	2.834731e-01	1.396872e+00	9.903153e-01	5.555257e-02	2.520478e-01	2.689573e+00
TCGA-77-8150-01A-11R-2247-07	0	8.895102e-01	1.177647e-01	1.323602e+00	0	5.176288e-01	1.100699e+00	2.062025e-01	3.961519e-01	3.582845e+00
TCGA-77-8153-01A-11R-2403-07	0	3.085821e-01	4.108106e-01	1.277699e+00	6.044637e-02	1.259888e+00	1.093217e+00	4.374571e-01	0	3.065573e+00
TCGA-77-8154-01A-11R-2247-07	0	6.597068e-01	1.168706e+00	3.065739e-01	0	7.637514e-01	9.968430e-01	1.588995e+00	0	4.124125e+00
TCGA-77-8156-01A-11R-2247-07	0	5.489438e-01	0	1.101780e+00	9.014952e-02	1.185288e+00	9.627783e-01	1.776026e-02	7.888346e-01	2.935563e+00
TCGA-77-A5FZ-01A-31R-A27Q-07	0	2.245278e+00	0	1.582806e-02	0	6.104636e-01	1.161181e+00	0	8.727616e-01	4.622981e+00
TCGA-77-A5G1-01A-11R-A27Q-07	0	1.224723e+00	5.382152e-01	0	1.323052e-01	1.409959e+00	1.051541e+00	0	1.012681e-01	4.851524e+00
TCGA-77-A5G3-01A-31R-A27Q-07	0	3.805817e-01	3.797897e-01	9.837297e-01	9.195278e-02	9.225547e-01	1.115286e+00	4.989980e-01	1.049809e-01	2.675350e+00
TCGA-77-A5G6-01A-11R-A27Q-07	0	8.813008e-01	1.025726e+00	6.731180e-02	4.027921e-01	5.378642e-01	6.939599e-01	1.418744e+00	0	3.409307e+00
TCGA-77-A5G7-01B-11R-A27Q-07	0	3.699792e-01	1.268231e+00	1.089111e-01	3.863824e-01	4.308698e-01	8.510541e-01	1.494754e+00	1.965586e-01	4.288107e+00
TCGA-77-A5G8-01B-11R-A27Q-07	0	6.850669e-01	7.602184e-01	1.037048e+00	0	7.635768e-01	1.029969e+00	3.737590e-01	2.340485e-01	3.905721e+00
TCGA-77-A5GA-01A-11R-A27Q-07	0	8.212917e-01	7.474206e-01	1.381458e+00	0	9.176716e-02	1.165445e+00	5.444223e-01	3.208236e-01	4.511918e+00
TCGA-77-A5GB-01B-11R-A27Q-07	0	2.565141e-01	7.306890e-01	2.235491e-02	0	1.901132e+00	1.025155e+00	0	3.023917e-01	4.519947e+00
TCGA-77-A5GF-01A-21R-A27Q-07	0	3.313428e-01	0	1.617273e+00	0	7.415779e-01	1.101473e+00	0	3.896139e-01	3.246894e+00
TCGA-77-A5GH-01A-11R-A27Q-07	0	6.291413e-01	0	7.251329e-02	9.888037e-03	1.241993e+00	2.247413e-01	2.289775e-01	1.033225e+00	3.663585e+00
TCGA-79-5596-01A-31R-1949-07	0	4.318642e-01	6.509926e-01	1.258952e+00	0	1.040339e+00	1.179496e+00	4.370560e-01	0	3.021792e+00
TCGA-85-6175-01A-11R-1820-07	0	1.608805e+00	2.269935e-01	1.415868e-01	0	2.161638e+00	1.011750e+00	0	3.794149e-01	3.330638e+00
TCGA-85-6560-01A-11R-1820-07	0	6.587325e-01	0	0	1.356713e+00	1.405076e+00	5.362652e-01	0	2.839413e-01	3.280982e+00
TCGA-85-6561-01A-11R-1820-07	0	1.102364e+00	2.310984e-01	9.963273e-01	0	1.463049e+00	8.315783e-01	0	5.212526e-01	3.019805e+00
TCGA-85-6798-01A-11R-1949-07	0	1.278720e-01	0	1.352474e+00	1.163605e-01	1.841654e+00	7.163687e-01	0	0	3.041311e+00
TCGA-85-7696-01A-11R-2125-07	0	8.720885e-01	3.325170e-01	1.184550e+00	0	6.375193e-01	1.261029e+00	4.252447e-01	4.937537e-01	3.685256e+00
TCGA-85-7697-01A-11R-2125-07	2.627754e-01	6.490094e-01	1.252792e+00	3.804886e-01	0	1.247821e+00	1.181392e+00	9.813361e-01	4.955343e-01	3.968286e+00
TCGA-85-7698-01A-11R-2125-07	1.140913e-01	8.310001e-01	1.159393e-01	1.291109e+00	0	1.384612e+00	1.002296e+00	8.972486e-02	5.626609e-01	2.982767e+00
TCGA-85-7699-01A-11R-2125-07	0	1.090576e-01	0	1.793035e-01	2.120211e-01	1.858452e+00	4.132596e-01	7.726411e-04	7.200173e-01	2.854422e+00
TCGA-85-7710-11A-01R-2125-07	0	2.765470e+00	0	1.157047e-02	0	0	9.422078e-01	9.095107e-02	6.385722e-01	4.471988e+00
TCGA-85-7710-01A-11R-2125-07	0	6.672929e-01	7.626498e-01	2.345571e-01	0	9.304769e-01	1.476045e+00	5.528294e-01	1.350501e-01	5.276219e+00
TCGA-85-7843-01A-11R-2125-07	1.019718e-02	4.705363e-01	7.531534e-01	5.864438e-01	0	1.045663e+00	9.491971e-01	1.063883e+00	3.236336e-01	4.144953e+00
TCGA-85-7844-01A-11R-2125-07	0	1.184291e+00	0	1.053939e+00	0	1.221952e+00	6.746961e-01	3.745573e-02	2.908801e-01	3.272410e+00
TCGA-85-7950-01A-11R-2187-07	0	5.523183e-01	0	1.809632e-01	3.923097e-02	1.710482e+00	3.699666e-02	2.208350e-01	8.519259e-01	2.766080e+00
TCGA-85-8048-01A-11R-2247-07	0	1.585323e+00	1.760285e-01	2.386252e-01	1.873024e-01	7.918842e-01	8.647875e-01	2.524393e-01	9.573721e-01	3.744238e+00
TCGA-85-8049-01A-11R-2247-07	2.898082e-01	1.127851e+00	1.700245e-01	9.554747e-01	0	1.432909e+00	1.160988e+00	0	9.233677e-01	3.361686e+00
TCGA-85-8052-01A-11R-2247-07	0	1.226183e+00	2.733025e-02	1.511864e+00	2.859444e-01	7.687477e-01	1.170034e+00	0	2.677052e-01	3.399085e+00
TCGA-85-8070-01A-11R-2247-07	0	2.513771e-01	1.986369e-01	1.325826e+00	2.642218e-01	0	1.176697e+00	7.205630e-01	0	4.561620e+00
TCGA-85-8071-01A-11R-2247-07	8.397589e-02	4.111420e-01	7.498879e-01	8.206506e-01	0	1.084967e+00	1.003306e+00	1.084590e+00	0	3.631326e+00
TCGA-85-8072-01A-31R-2247-07	0	1.521285e+00	1.264402e-01	1.422059e+00	0	3.524064e-01	1.504746e+00	0	4.480503e-01	4.239483e+00
TCGA-85-8276-01A-11R-2296-07	0	8.456444e-01	3.386938e-02	5.420050e-01	2.517163e-01	1.243041e+00	8.724635e-01	2.117319e-01	6.920544e-01	2.747022e+00
TCGA-85-8277-01A-11R-2296-07	0	7.115313e-01	0	1.559849e+00	0	5.727921e-01	8.404152e-01	0	4.428814e-01	3.979529e+00
TCGA-85-8287-01A-11R-2296-07	0	9.738091e-01	0	3.204397e-02	3.852083e-01	1.710624e+00	6.221166e-01	2.067085e-01	7.683732e-01	2.792635e+00
TCGA-85-8288-01A-11R-2296-07	0	2.239038e-01	0	1.691119e-01	2.645687e-02	1.978467e+00	4.077479e-01	1.219013e-01	5.637356e-01	2.952331e+00
TCGA-85-8350-01A-11R-2296-07	0	1.360344e+00	6.453061e-01	3.356869e-01	3.889405e-01	1.190388e+00	1.182126e+00	3.437137e-01	4.558156e-01	3.366836e+00
TCGA-85-8351-01A-11R-2296-07	0	1.410904e+00	5.424233e-01	1.489896e-01	2.800670e-01	1.282968e+00	1.173547e+00	1.483023e-01	0	4.996890e+00
TCGA-85-8352-01A-31R-2326-07	0	1.814470e-01	0	3.481842e-01	1.227093e+00	1.956687e-01	1.027708e+00	1.949404e-01	0	4.334389e+00
TCGA-85-8353-01A-21R-2296-07	0	1.231318e+00	2.081489e-01	6.138382e-01	0	1.654668e+00	1.114032e+00	0	3.580286e-01	3.404689e+00
TCGA-85-8354-01A-31R-2326-07	0	6.655558e-01	4.374208e-01	1.233664e+00	1.228963e-01	3.623342e-01	1.047820e+00	4.573692e-01	0	4.297931e+00
TCGA-85-8355-01A-11R-2296-07	1.153318e-01	1.144120e+00	2.190200e-01	1.020579e+00	0	6.069364e-01	1.115986e+00	4.762377e-01	9.607356e-01	3.113713e+00
TCGA-85-8479-01A-11R-2326-07	0	6.540939e-02	9.103194e-01	3.642212e-01	0	1.283000e+00	1.569432e+00	1.883485e-01	0	4.948755e+00
TCGA-85-8481-01A-11R-2326-07	1.232070e-02	4.455823e-01	4.976501e-01	1.884916e-01	0	2.052786e+00	1.452111e+00	0	1.935824e-01	5.057718e+00
TCGA-85-8580-01A-31R-2403-07	0	1.280112e+00	9.934882e-01	8.378563e-01	3.402704e-01	2.820572e-01	1.131494e+00	7.950963e-01	3.173182e-01	3.208381e+00
TCGA-85-8582-01A-21R-2403-07	0	6.591384e-01	4.770869e-01	1.042243e-01	0	2.312316e+00	1.002955e+00	1.284395e-01	3.200819e-01	3.397207e+00
TCGA-85-8584-01A-11R-2403-07	1.296671e-01	1.104180e+00	5.489377e-02	2.438710e-01	1.317826e-01	7.848492e-01	2.121382e+00	0	8.895815e-01	6.131439e+00
TCGA-85-8664-01A-11R-2403-07	0	1.404213e-01	1.212277e-01	1.629290e-01	9.527597e-01	1.141049e+00	3.375401e-01	2.823690e-01	1.538552e-03	3.680431e+00
TCGA-85-8666-01A-11R-2403-07	0	2.607045e-01	4.262140e-01	7.209986e-01	0	1.648678e+00	9.803832e-01	0	1.891020e-01	4.170388e+00
TCGA-85-A4CL-01A-41R-A26W-07	0	1.799308e-01	1.809299e-01	1.157515e+00	0	2.863008e-01	1.272260e+00	2.579657e-01	7.287759e-01	4.131325e+00
TCGA-85-A4CN-01A-11R-A24H-07	0	9.092247e-02	0	1.323810e+00	0	1.476216e+00	9.905866e-01	0	8.438426e-02	2.673237e+00
TCGA-85-A4JB-01A-51R-A262-07	0	1.734514e-01	7.845368e-01	2.054268e-02	5.461721e-01	1.725143e+00	9.436502e-01	5.050621e-01	0	3.346051e+00
TCGA-85-A4JC-01A-11R-A24Z-07	1.220508e-01	2.209546e-01	1.147576e+00	4.058328e-02	0	1.349677e+00	1.200480e+00	5.500006e-01	5.320632e-01	4.929458e+00
TCGA-85-A4PA-01A-11R-A24Z-07	0	1.691256e+00	0	0	0	0	9.847357e-01	2.966181e-02	1.193869e+00	4.117946e+00
TCGA-85-A4QQ-01A-41R-A262-07	0	1.560055e-01	1.108980e+00	5.593096e-02	0	1.295561e+00	1.289929e+00	9.952001e-02	0	5.468936e+00
TCGA-85-A4QR-01A-11R-A24Z-07	0	3.842065e-01	1.429764e+00	2.873603e-01	2.257306e-01	0	1.086380e+00	2.081754e+00	0	4.260955e+00
TCGA-85-A50M-01A-21R-A262-07	0	1.449115e+00	5.369756e-01	0	1.340691e-01	1.893200e+00	1.598590e+00	0	2.088756e-02	4.475632e+00
TCGA-85-A50Z-01A-21R-A262-07	0	5.482927e-01	9.852763e-01	9.267354e-02	0	5.875476e-01	7.253810e-01	1.153750e+00	0	5.672914e+00
TCGA-85-A510-01A-11R-A26W-07	0	1.248317e+00	0	1.349176e-01	1.476979e+00	2.648826e-01	1.090247e+00	1.143994e-01	4.437277e-01	4.224508e+00
TCGA-85-A511-01A-21R-A262-07	0	3.936274e-01	2.347089e-01	6.903573e-01	0	1.440866e+00	9.080665e-01	2.151770e-01	6.027370e-01	3.277117e+00
TCGA-85-A512-01A-11R-A26W-07	0	3.328440e-01	5.042378e-01	8.563245e-01	0	8.337947e-01	1.150236e+00	4.458741e-01	2.790794e-01	3.582332e+00
TCGA-85-A513-01A-12R-A26W-07	0	2.112571e+00	0	0	8.958636e-02	3.538910e-01	1.725752e+00	0	7.775535e-01	5.010910e+00
TCGA-85-A53L-01A-21R-A26W-07	0	5.864376e-01	6.083843e-01	4.802392e-01	2.853719e-01	8.228287e-01	7.632652e-01	5.894641e-01	9.481899e-02	4.329287e+00
TCGA-85-A5B5-01A-21R-A26W-07	0	4.561498e-01	2.244077e-01	1.223616e+00	7.177024e-02	6.131035e-01	1.131408e+00	5.509935e-01	2.359523e-01	3.206127e+00
TCGA-90-6837-11A-01R-1949-07	0	3.513021e+00	0	0	0	4.922853e-01	9.358038e-01	0	0	4.013362e+00
TCGA-90-6837-01A-11R-1949-07	0	5.001838e-01	8.007342e-01	0	0	1.609717e+00	1.282999e+00	4.001875e-01	4.632245e-01	4.308331e+00
TCGA-90-7766-01A-21R-2125-07	0	7.370145e-01	1.058279e+00	1.321646e-01	0	1.445543e-01	1.137480e+00	1.660150e+00	6.155716e-01	4.483545e+00
TCGA-90-7767-11A-01R-2125-07	6.760771e-03	3.470005e+00	0	0	0	2.242152e-01	1.111119e+00	0	0	4.466154e+00
TCGA-90-7767-01A-11R-2125-07	0	3.563989e-02	0	7.613363e-02	1.699360e-01	1.955204e+00	0	0	6.814434e-01	2.673678e+00
TCGA-90-7769-01A-11R-2125-07	0	6.349295e-02	7.746359e-01	1.289460e+00	0	7.742558e-01	1.114322e+00	4.129610e-01	0	4.365014e+00
TCGA-90-7964-01A-21R-2187-07	1.098487e-01	1.654626e+00	5.721635e-01	8.752377e-01	0	7.468436e-01	1.684847e+00	2.546761e-01	3.007222e-01	5.160598e+00
TCGA-90-A4ED-01A-31R-A24Z-07	0	7.825607e-01	0	9.178237e-02	6.106846e-01	1.456425e+00	8.889123e-01	0	3.560791e-01	2.612418e+00
TCGA-90-A4EE-01A-11R-A24Z-07	0	7.541991e-01	0	2.409421e-01	1.259865e-01	8.237937e-01	5.889732e-01	7.114473e-02	1.319794e+00	3.697242e+00
TCGA-90-A59Q-01A-11R-A26W-07	1.509313e-02	4.143511e-01	2.977744e-01	5.737164e-02	0	9.294154e-01	1.813388e+00	1.815320e-01	9.281578e-01	5.526561e+00
TCGA-92-7340-11A-01R-2045-07	0	3.699336e+00	0	0	0	0	8.486955e-01	0	0	4.430873e+00
TCGA-92-7340-01A-21R-2045-07	0	9.305299e-01	6.738530e-01	2.434847e-01	0	1.260696e+00	9.218651e-01	5.861300e-01	3.314043e-01	4.343369e+00
TCGA-92-7341-01A-31R-2045-07	0	1.956374e-01	0	1.425497e+00	1.679457e-02	1.616799e+00	8.953964e-01	0	0	3.039624e+00
TCGA-92-8063-01A-11R-2247-07	0	7.161140e-01	1.562934e-01	9.080284e-01	2.491922e-01	1.336246e+00	1.654244e+00	0	2.182878e-01	4.745799e+00
TCGA-92-8064-01A-11R-2247-07	0	5.978574e-01	0	1.240869e+00	0	9.521916e-01	1.167543e+00	0	7.891456e-01	3.454066e+00
TCGA-92-8065-01A-11R-2247-07	0	2.790783e-01	8.252674e-01	1.175351e-01	0	6.610488e-01	1.525593e+00	6.654976e-01	6.233290e-01	4.673376e+00
TCGA-94-7033-01A-11R-1949-07	0	5.653150e-01	1.591251e+00	1.993337e-01	0	3.127298e-01	1.819318e+00	1.353149e+00	1.970669e-01	5.796044e+00
TCGA-94-7557-01A-11R-2125-07	0	7.914425e-01	1.788684e-01	8.561461e-01	3.825063e-01	1.189843e+00	1.216953e+00	0	4.048477e-01	4.853764e+00
TCGA-94-7943-01A-11R-2187-07	6.637615e-02	1.331834e+00	2.099759e-01	8.277986e-01	5.267347e-01	4.527013e-01	1.512551e+00	1.976277e-01	5.517610e-01	4.686103e+00
TCGA-94-8035-01A-11R-2247-07	0	7.798223e-01	1.376618e+00	3.261107e-01	2.611947e-01	8.048017e-01	1.072083e+00	1.102289e+00	0	4.462957e+00
TCGA-94-8490-01A-11R-2326-07	0	8.320865e-02	8.405383e-01	1.166882e+00	0	6.283644e-01	1.263087e+00	4.948317e-01	0	3.808172e+00
TCGA-94-8491-01A-11R-2326-07	0	9.140768e-01	8.526364e-01	3.482880e-01	0	1.770806e-01	1.398499e+00	9.684493e-01	3.576695e-01	5.551033e+00
TCGA-94-A4VJ-01A-11R-A24Z-07	0	3.200680e-01	7.609559e-01	3.133209e-01	0	1.481065e+00	1.499028e+00	1.470676e-01	2.462380e-01	4.297321e+00
TCGA-94-A5I4-01A-11R-A26W-07	0	9.588753e-01	9.247901e-01	8.181121e-01	0	3.336213e-01	1.097069e+00	1.009709e+00	1.733399e-01	3.882401e+00
TCGA-94-A5I6-01A-21R-A27Q-07	0	4.114685e-01	8.226769e-02	1.480731e+00	2.794104e-01	1.240003e+00	1.002736e+00	0	4.474874e-02	3.378631e+00
TCGA-96-7544-01A-11R-2045-07	0	7.477600e-01	7.502317e-01	2.714584e-01	0	1.255064e+00	5.202989e-01	1.271652e+00	3.190692e-01	3.440690e+00
TCGA-96-7545-01A-21R-2045-07	0	2.013752e+00	2.651213e-01	1.158723e+00	0	2.487087e-01	5.591168e-01	2.978884e-01	1.337341e-01	3.609676e+00
TCGA-96-8169-01A-11R-2296-07	7.157088e-02	1.217452e+00	6.132991e-01	3.409903e-01	3.544908e-02	1.324861e+00	1.365466e+00	3.593316e-01	4.088223e-01	4.657818e+00
TCGA-96-8170-01A-11R-2296-07	3.907577e-02	1.625912e+00	1.563583e+00	1.842507e-01	0	3.148880e-01	1.469446e+00	1.316754e+00	3.907135e-01	4.569857e+00
TCGA-96-A4JK-01A-11R-A24Z-07	0	4.698523e-01	0	1.320233e+00	9.159346e-02	9.135291e-01	1.197012e+00	1.071662e-01	5.274019e-01	2.641967e+00
TCGA-96-A4JL-01A-11R-A24Z-07	1.621693e-01	9.159651e-01	0	1.616323e-01	0	9.540258e-01	6.942031e-01	4.648482e-01	1.378032e+00	3.465221e+00
TCGA-98-7454-01A-11R-2045-07	0	1.688363e+00	0	8.512497e-02	0	1.088435e+00	8.724775e-01	0	5.978657e-01	4.805973e+00
TCGA-98-8020-01A-11R-2247-07	0	1.025040e+00	7.863564e-01	0	2.957526e-02	2.059420e+00	1.163006e+00	0	1.421565e-03	4.408974e+00
TCGA-98-8021-01A-11R-2247-07	0	1.393540e+00	7.389819e-01	4.683831e-01	2.368491e-01	1.065433e+00	1.099145e+00	6.770962e-01	1.937789e-01	3.047642e+00
TCGA-98-8022-01A-11R-2247-07	0	1.609114e+00	6.080915e-01	1.302682e-01	4.144612e-01	7.110338e-01	1.240694e+00	3.479806e-01	5.111894e-01	4.079408e+00
TCGA-98-8023-01A-11R-2247-07	0	4.636105e-01	0	1.561579e-01	0	1.497082e+00	5.375047e-01	2.100046e-01	1.002741e+00	3.933839e+00
TCGA-98-A538-01A-11R-A262-07	0	2.059492e-01	8.437997e-01	1.399646e-01	0	1.177144e+00	9.378166e-01	1.252037e+00	0	4.216727e+00
TCGA-98-A539-01A-31R-A262-07	0	1.317240e+00	4.773618e-01	9.548014e-01	0	1.220645e+00	1.219873e+00	0	5.590739e-02	4.404915e+00
TCGA-98-A53A-01A-11R-A262-07	0	7.077803e-01	1.393715e-01	1.056297e+00	4.010202e-01	6.824825e-01	7.639133e-01	4.994095e-01	3.001989e-01	2.929106e+00
TCGA-98-A53B-01A-11R-A262-07	0	1.329264e+00	7.571518e-01	2.121135e-01	3.472276e-02	7.565089e-01	1.317450e+00	7.381023e-01	4.068267e-01	4.103670e+00
TCGA-98-A53C-01A-11R-A262-07	0	2.697781e+00	0	5.028958e-02	1.166492e-01	4.567817e-01	1.056286e+00	0	5.051663e-01	3.766657e+00
TCGA-98-A53D-01A-32R-A262-07	0	2.498719e+00	0	2.563487e-04	0	9.038246e-01	1.318647e+00	0	4.193720e-01	4.432793e+00
TCGA-98-A53H-01A-12R-A262-07	2.780719e-01	2.097267e+00	5.343521e-01	5.292971e-01	0	9.989832e-01	1.348342e+00	2.339383e-01	7.561418e-01	3.642714e+00
TCGA-98-A53I-01A-31R-A262-07	0	3.952176e-01	0	1.423020e+00	0	3.117588e-01	1.200359e+00	0	7.879333e-01	3.301211e+00
TCGA-98-A53J-01A-11R-A26W-07	0	5.709180e-01	1.013265e+00	1.253203e+00	0	5.513733e-02	1.269135e+00	5.893939e-01	1.834714e-01	4.321895e+00
TCGA-J1-A4AH-01A-31R-A24H-07	0	3.628749e-01	0	1.563661e+00	1.001071e-01	4.736704e-01	1.151532e+00	1.139217e-01	1.935950e-01	2.686227e+00
TCGA-L3-A4E7-01A-11R-A24Z-07	0	1.448280e+00	1.181609e+00	1.273546e-01	0	7.574980e-01	1.525072e+00	1.027858e+00	2.185580e-01	4.695996e+00
TCGA-L3-A524-01A-11R-A262-07	0	3.183897e-01	0	1.333448e+00	2.649835e-01	6.735901e-01	1.159322e+00	0	1.115925e-01	3.041772e+00
TCGA-LA-A446-01A-21R-A24Z-07	0	1.274421e+00	7.026819e-01	1.453448e+00	0	1.735716e-01	1.162753e+00	4.200301e-01	1.119435e-01	3.944222e+00
TCGA-LA-A7SW-01A-11R-A405-07	0	2.294357e-02	3.614163e-01	1.078658e-01	4.742052e-01	1.769170e+00	1.421161e+00	0	0	4.757631e+00
TCGA-MF-A522-01A-11R-A262-07	0	0	4.301614e-01	1.423155e+00	0	7.647241e-01	1.414155e+00	0	0	4.764800e+00
TCGA-NC-A5HD-01A-11R-A26W-07	0	5.506767e-02	4.449738e-01	7.192809e-01	2.630783e-01	4.335549e-01	8.370089e-01	9.057814e-01	0	3.876385e+00
TCGA-NC-A5HE-01A-11R-A26W-07	0	3.162973e-01	0	8.250052e-01	0	2.891006e-01	1.305177e+00	0	1.085753e+00	4.876094e+00
TCGA-NC-A5HF-01A-11R-A26W-07	0	9.304126e-01	1.390924e+00	6.191064e-01	3.782361e-02	9.665990e-01	1.498544e+00	7.197529e-01	0	4.463390e+00
TCGA-NC-A5HG-01A-11R-A26W-07	0	0	1.084615e+00	1.927311e-03	0	8.631278e-01	1.359396e+00	6.262591e-01	0	4.939654e+00
TCGA-NC-A5HH-01A-11R-A26W-07	0	0	0	0	1.053032e+00	1.267106e+00	2.700151e-01	3.630432e-01	0	3.623172e+00
TCGA-NC-A5HI-01A-11R-A26W-07	0	2.003034e-01	1.545930e+00	6.481914e-02	0	0	1.203097e+00	2.100883e+00	2.739874e-03	4.825704e+00
TCGA-NC-A5HJ-01A-11R-A26W-07	0	2.284577e+00	0	1.301275e-01	6.428762e-01	0	1.027005e+00	1.492433e-01	5.300709e-01	4.288470e+00
TCGA-NC-A5HK-01A-11R-A26W-07	0	1.946090e-01	7.703193e-02	0	2.481578e-01	5.820263e-01	1.947576e+00	0	1.414369e-01	5.871390e+00
TCGA-NC-A5HL-01A-11R-A26W-07	0	8.110168e-01	0	1.517243e+00	0	0	9.004880e-01	0	7.473345e-01	3.928460e+00
TCGA-NC-A5HM-01A-12R-A26W-07	3.705913e-02	2.056495e-01	1.095254e+00	1.582216e-01	9.745296e-02	8.285814e-01	1.419434e+00	1.000710e+00	6.122680e-02	5.668190e+00
TCGA-NC-A5HN-01A-11R-A26W-07	0	0	5.098623e-01	1.115000e+00	0	9.451304e-01	1.067746e+00	2.897139e-01	0	4.308066e+00
TCGA-NC-A5HO-01A-11R-A26W-07	0	0	1.247894e+00	4.493774e-01	0	0	1.164297e+00	1.435511e+00	1.784366e-01	5.011643e+00
TCGA-NC-A5HP-01A-11R-A26W-07	0	8.067770e-01	4.133096e-01	6.192745e-01	1.144604e-01	1.429691e+00	1.099816e+00	1.783848e-01	3.797150e-02	3.462058e+00
TCGA-NC-A5HQ-01A-11R-A26W-07	0	8.070603e-01	1.296198e+00	3.952845e-01	0	0	1.254250e+00	1.433091e+00	4.397829e-01	4.474231e+00
TCGA-NC-A5HR-01A-21R-A26W-07	0	3.076145e-01	2.605300e-01	1.324216e+00	0	0	1.333524e+00	6.489123e-01	3.044177e-01	4.739929e+00
TCGA-NC-A5HT-01A-11R-A26W-07	1.841709e-01	8.415587e-01	6.392119e-01	2.163845e-01	4.353555e-01	1.218615e+00	9.521601e-01	1.057259e+00	0	3.787353e+00
TCGA-NK-A5CR-01A-11R-A26W-07	0	7.147821e-01	6.800781e-01	1.228267e+00	8.075014e-02	7.144915e-01	8.335836e-01	7.652245e-01	0	3.665323e+00
TCGA-NK-A5CT-01A-31R-A26W-07	0	6.689776e-01	1.036847e+00	2.753823e-02	0	6.876564e-01	2.048125e+00	3.489074e-01	0	6.557300e+00
TCGA-NK-A5CX-01A-11R-A26W-07	0	9.312769e-01	1.159906e+00	1.775141e-01	0	1.256839e+00	1.490149e+00	7.618817e-01	2.775413e-01	4.741909e+00
TCGA-NK-A5D1-01A-11R-A26W-07	0	9.994832e-01	0	6.460345e-02	1.795879e+00	6.930199e-01	7.383250e-01	0	9.248374e-02	3.520804e+00
TCGA-NK-A7XE-01A-12R-A405-07	0	6.038454e-02	7.243343e-01	7.403009e-01	0	3.060978e-01	1.400492e+00	3.638942e-01	3.217016e-01	5.815844e+00
TCGA-O2-A52N-01A-11R-A26W-07	0	8.487787e-01	4.843656e-01	3.681439e-01	2.429591e-02	1.157668e+00	1.258641e+00	0	2.070649e-01	4.640763e+00
TCGA-O2-A52Q-01A-11R-A26W-07	0	2.034797e-01	0	0	0	7.239663e-01	1.977717e+00	0	6.086955e-01	6.853476e+00
TCGA-O2-A52S-01A-11R-A262-07	0	1.295582e-01	0	1.310007e+00	2.635566e-01	6.920750e-01	8.245056e-01	0	4.545796e-01	3.019013e+00
TCGA-O2-A52V-01A-31R-A262-07	0	5.918760e-01	8.100486e-01	6.517124e-01	0	8.903297e-01	1.109258e+00	7.295951e-01	3.169540e-01	3.716377e+00
TCGA-O2-A52W-01A-11R-A26W-07	0	8.275657e-01	1.460352e+00	1.448223e-01	0	1.434439e-01	9.144106e-01	1.767191e+00	5.886756e-02	4.340067e+00
TCGA-O2-A5IB-01A-11R-A27Q-07	0	3.558367e-01	0	1.662879e-01	1.403810e+00	9.423980e-01	8.668894e-01	3.080367e-01	1.554401e-01	3.375602e+00
TCGA-XC-AA0X-01A-32R-A405-07	3.315111e-02	1.710333e+00	1.032854e+00	7.553551e-01	0	4.783377e-01	1.416968e+00	6.954226e-01	4.941054e-01	3.478146e+00
