sampleID	D6.3_FARMER-BREAST-CANCER-CLUSTER-5	D10.9_AUJLA-IL22-AND-IL17A-SIGNALING	D6.5_REACTOME-FGFR4-LIGAND-BINDING-AND-ACTIVATION	D10.6_chryq11	D6.1_MODULE-293
TCGA-04-1348-01A-01R-1565-13	1.096921e+00	0	2.946028e-01	0	5.897093e+00
TCGA-04-1357-01A-01R-1565-13	1.544035e+00	3.318266e-01	0	0	5.402408e+00
TCGA-04-1362-01A-01R-1565-13	6.459753e-01	7.542167e-01	7.931511e-01	0	4.481185e+00
TCGA-04-1364-01A-01R-1565-13	2.913695e-01	0	2.467936e+00	0	2.327310e+00
TCGA-04-1365-01A-01R-1565-13	1.028368e+00	2.030620e-01	9.222515e-01	5.657980e-02	4.986840e+00
TCGA-04-1514-01A-01R-1566-13	7.873261e-01	1.267808e-01	3.450846e+00	4.299758e-01	1.707051e+00
TCGA-04-1519-01A-01R-1565-13	1.746121e-01	4.145298e-01	9.778272e-01	2.546737e+00	2.328648e+00
TCGA-09-0364-01A-02R-1564-13	3.505613e-01	0	4.047378e+00	0	1.661408e+00
TCGA-09-0366-01A-01R-1564-13	8.701378e-01	8.703165e-01	7.708127e-01	3.207882e-01	5.336256e+00
TCGA-09-0367-01A-01R-1564-13	8.549198e-01	8.808319e-01	0	1.204088e+00	4.150047e+00
TCGA-09-0369-01A-01R-1564-13	1.871665e+00	0	3.412025e+00	0	1.953056e+00
TCGA-09-1659-01B-01R-1564-13	1.644932e+00	4.632386e-01	3.001248e-01	6.340686e-01	3.905524e+00
TCGA-09-1662-01A-01R-1566-13	1.733218e+00	1.008569e-01	9.355863e-02	6.861528e-01	4.548478e+00
TCGA-09-1666-01A-01R-1566-13	9.660830e-01	5.443969e-03	1.004269e-01	1.216673e+00	5.297603e+00
TCGA-09-1667-01C-01R-1566-13	1.670129e+00	0	4.794412e-01	7.843163e-01	5.014638e+00
TCGA-09-1668-01B-01R-1566-13	2.061450e+00	0	1.762729e-01	1.840469e-01	5.141200e+00
TCGA-09-1669-01A-01R-1566-13	1.287496e+00	3.181247e-01	1.476947e+00	7.600842e-01	3.347693e+00
TCGA-09-1670-01A-01R-1566-13	5.846936e-01	3.287403e-01	1.003690e-01	1.926436e+00	4.544732e+00
TCGA-09-1673-01A-01R-1566-13	7.804424e-01	0	1.694754e+00	1.577563e+00	3.712499e+00
TCGA-09-1674-01A-01R-1566-13	8.347401e-01	1.042239e-01	3.879811e+00	1.102259e-01	1.976595e+00
TCGA-09-2044-01B-01R-1568-13	1.558872e+00	1.176533e-01	9.765775e-01	4.224786e-01	4.622743e+00
TCGA-09-2045-01A-01R-1568-13	9.571328e-01	4.547624e-01	1.416795e-01	4.569674e-01	5.057289e+00
TCGA-09-2048-01A-01R-1568-13	1.101185e+00	0	2.922689e+00	0	1.351546e+00
TCGA-09-2051-01A-01R-1568-13	9.465339e-01	9.004508e-01	7.994929e-01	3.226962e-01	5.794742e+00
TCGA-09-2054-01A-01R-1568-13	1.522701e+00	0	3.668018e+00	3.902695e-01	2.298540e+00
TCGA-09-2056-01B-01R-1568-13	1.371044e+00	9.434042e-01	0	7.843816e-01	4.466778e+00
TCGA-10-0928-01A-02R-1564-13	8.178408e-01	4.709360e-01	1.484650e+00	9.038329e-01	2.783279e+00
TCGA-10-0936-01A-01R-1564-13	2.020431e-02	3.435727e-01	1.718341e-01	2.146704e-01	4.890768e+00
TCGA-13-0730-01A-01R-1564-13	1.975775e+00	4.826161e-01	3.553716e+00	0	2.591874e+00
TCGA-13-0799-01A-01R-1564-13	1.739300e-01	0	9.484963e-01	2.633109e-01	4.721535e+00
TCGA-13-0800-01A-01R-1564-13	6.106040e-02	1.504226e-01	3.101696e+00	1.764087e-01	1.924751e+00
TCGA-13-0801-01A-01R-1564-13	7.684695e-01	1.231053e+00	8.607226e-02	0	6.337078e+00
TCGA-13-0890-01A-01R-1564-13	2.437292e+00	6.539988e-01	1.905375e+00	0	3.635400e+00
TCGA-13-0893-01B-01R-1565-13	1.809608e+00	0	0	0	5.755822e+00
TCGA-13-0897-01A-01R-1564-13	2.110614e+00	5.919308e-01	9.076726e-03	0	5.102428e+00
TCGA-13-0899-01A-01R-1564-13	1.584630e+00	3.056270e-01	1.150123e+00	5.337695e-01	2.950592e+00
TCGA-13-0913-01A-01R-1564-13	3.778810e-01	4.417868e-01	1.560371e+00	4.376501e-01	2.530542e+00
TCGA-13-0916-01A-01R-1564-13	5.814373e-01	0	1.709370e+00	2.116423e-01	5.310900e+00
TCGA-13-0920-01A-01R-1564-13	9.330773e-01	0	1.806929e+00	0	2.796838e+00
TCGA-13-0924-01A-01R-1564-13	1.714263e+00	8.143103e-01	3.670313e-01	3.219909e-01	4.784126e+00
TCGA-13-1403-01A-01R-1565-13	1.694072e+00	2.809183e-01	1.829503e-01	5.361482e-01	4.554331e+00
TCGA-13-1405-01A-01R-1565-13	2.527263e+00	3.128554e-01	1.731946e-01	2.068963e-01	5.330757e+00
TCGA-13-1410-01A-01R-1565-13	2.039527e+00	1.893147e-01	5.263579e-01	6.603799e-01	4.954890e+00
TCGA-13-1411-01A-01R-1565-13	2.960699e+00	0	7.460554e-01	0	4.601700e+00
TCGA-13-1481-01A-01R-1565-13	2.426632e+00	1.446641e-01	1.746743e+00	0	2.915036e+00
TCGA-13-1489-02A-01R-1565-13	1.428479e+00	7.224922e-01	5.370154e-01	0	4.218319e+00
TCGA-13-1497-01A-01R-1565-13	1.481699e+00	0	1.112052e+00	0	4.684104e+00
TCGA-13-1498-01A-01R-1565-13	1.796698e+00	0	0	7.089007e-01	4.874153e+00
TCGA-13-1505-01A-01R-1565-13	1.989958e+00	0	1.861618e+00	8.943846e-01	3.442131e+00
TCGA-13-1506-01A-01R-1565-13	6.298413e-01	6.394112e-01	1.136778e+00	6.702749e-01	4.379800e+00
TCGA-13-1507-01A-01R-1565-13	2.509485e+00	2.254207e-01	0	0	4.970855e+00
TCGA-13-1511-01A-01R-1565-13	1.807326e+00	2.699197e-01	3.902078e-01	3.712906e-02	5.700334e+00
TCGA-13-1512-01A-01R-1565-13	2.130449e+00	3.553270e-02	9.831762e-01	0	4.136590e+00
TCGA-13-2060-01A-01R-1568-13	1.360328e+00	0	7.863573e-01	0	5.295449e+00
TCGA-13-A5FT-01A-11R-A406-31	3.756397e-01	7.922873e-01	2.014292e+00	8.248730e-01	3.531800e+00
TCGA-20-1682-01A-01R-1564-13	2.012249e+00	1.024449e+00	1.518524e+00	1.032863e-02	4.933517e+00
TCGA-20-1683-01A-01R-1566-13	1.435352e+00	0	1.762044e+00	5.386476e-01	4.568026e+00
TCGA-20-1684-01A-01R-1566-13	2.291593e-01	0	1.457521e+00	6.382576e-01	3.491887e+00
TCGA-20-1685-01A-01R-1566-13	7.357492e-01	0	6.479674e-01	2.217635e-01	4.539442e+00
TCGA-20-1687-01A-01R-1566-13	1.723177e+00	6.477346e-01	0	8.064406e-01	4.760532e+00
TCGA-23-1023-01R-01R-1564-13	2.339374e+00	7.221380e-01	1.859249e+00	1.184837e-01	3.596417e+00
TCGA-23-1026-01B-01R-1569-13	1.987087e+00	3.083843e-01	0	4.082347e-01	4.992479e+00
TCGA-23-1027-01A-02R-1564-13	2.039841e+00	9.767878e-02	0	2.775969e-01	4.421204e+00
TCGA-23-1029-01B-01R-1567-13	6.533050e-01	4.936904e-01	8.823432e-01	6.098964e-01	4.544307e+00
TCGA-23-1109-01A-01R-1564-13	1.901912e+00	0	7.258204e-01	4.103806e-02	4.309895e+00
TCGA-23-1111-01A-01R-1567-13	1.304789e+00	6.020680e-01	1.007263e+00	1.120984e+00	3.557095e+00
TCGA-23-1114-01B-01R-1566-13	1.432976e+00	0	2.387602e+00	2.927071e-01	2.360083e+00
TCGA-23-1120-01A-02R-1565-13	1.796375e+00	0	1.449850e-02	0	4.972905e+00
TCGA-23-1122-01A-01R-1565-13	1.585725e+00	0	1.311144e+00	3.048246e-01	4.116831e+00
TCGA-23-1123-01A-01R-1565-13	8.119268e-01	0	1.092035e+00	8.152035e-01	4.881017e+00
TCGA-23-1809-01A-01R-1566-13	1.438791e+00	1.456689e-01	2.353918e+00	1.001417e+00	3.591288e+00
TCGA-23-2077-01A-01R-1568-13	1.429123e+00	6.078738e-02	8.145040e-01	7.676582e-01	4.145096e+00
TCGA-23-2078-01A-01R-1568-13	2.449738e+00	0	1.290253e+00	0	3.534182e+00
TCGA-23-2081-01A-01R-1568-13	1.598367e+00	2.183368e-01	4.750452e-01	0	4.482081e+00
TCGA-23-2084-01A-02R-1568-13	1.439620e+00	3.739832e-01	1.968964e-01	6.163581e-02	5.772602e+00
TCGA-24-0975-01A-02R-1565-13	2.949885e+00	3.368971e-01	7.639122e-01	1.818638e-01	3.524318e+00
TCGA-24-1103-01A-01R-1565-13	1.221140e-01	1.032933e+00	6.998643e-01	1.527747e-03	4.161454e+00
TCGA-24-1413-01A-01R-1565-13	4.464805e-01	2.710611e-01	2.241422e-01	1.013548e+00	4.312767e+00
TCGA-24-1416-01A-01R-1565-13	3.559884e-01	7.747849e-01	2.544380e-01	4.274460e-01	4.518264e+00
TCGA-24-1417-01A-01R-1565-13	2.159715e+00	0	0	5.451846e-02	5.718207e+00
TCGA-24-1418-01A-01R-1565-13	2.418478e+00	0	1.156081e+00	5.742904e-01	3.622253e+00
TCGA-24-1419-01A-01R-1565-13	4.185773e-02	2.353058e-01	2.486811e+00	3.022032e-01	4.163139e+00
TCGA-24-1423-01A-01R-1565-13	1.354691e+00	5.082119e-01	6.215855e-01	7.353884e-01	4.014909e+00
TCGA-24-1424-01A-01R-1565-13	1.776266e+00	0	2.069021e+00	4.825957e-01	3.440473e+00
TCGA-24-1425-01A-02R-1566-13	2.794474e+00	0	7.119901e-01	6.852722e-02	4.988371e+00
TCGA-24-1427-01A-01R-1565-13	2.729374e+00	0	9.801471e-01	2.486903e-01	4.047126e+00
TCGA-24-1428-01A-01R-1564-13	1.456340e+00	0	0	0	5.841945e+00
TCGA-24-1430-01A-01R-1566-13	1.237379e+00	0	1.113134e+00	1.327034e+00	2.982278e+00
TCGA-24-1434-01A-01R-1566-13	3.147692e+00	0	7.649418e-01	1.745567e-01	4.402272e+00
TCGA-24-1435-01A-01R-1566-13	2.322126e+00	5.230022e-02	2.820151e-01	0	5.310091e+00
TCGA-24-1436-01A-01R-1566-13	1.769935e+00	7.493022e-02	0	5.913845e-01	5.304872e+00
TCGA-24-1463-01A-01R-1566-13	2.444264e+00	1.078585e-01	7.972982e-01	4.500544e-02	4.424306e+00
TCGA-24-1467-01A-01R-1566-13	1.784898e-01	0	4.526122e-01	1.068063e-01	4.228495e+00
TCGA-24-1469-01A-01R-1566-13	9.412569e-01	0	1.640508e+00	2.395369e-01	4.133263e+00
TCGA-24-1474-01A-01R-1566-13	7.292668e-01	0	1.878151e+00	0	5.266499e+00
TCGA-24-1544-01A-01R-1566-13	3.410814e-01	6.102664e-01	2.898110e+00	9.525466e-01	2.036176e+00
TCGA-24-1545-01A-01R-1566-13	2.564858e+00	0	2.484101e-01	8.561518e-01	4.415456e+00
TCGA-24-1546-01A-01R-1566-13	2.604023e+00	4.396531e-01	6.106145e-02	8.240466e-01	4.201451e+00
TCGA-24-1548-01A-01R-1566-13	4.808812e-01	6.515816e-02	1.475551e+00	1.446275e+00	4.527811e+00
TCGA-24-1549-01A-01R-1566-13	9.252419e-01	0	9.214497e-01	0	5.318938e+00
TCGA-24-1550-01A-01R-1566-13	2.637556e+00	3.800780e-01	3.004697e+00	0	3.425368e+00
TCGA-24-1551-01A-01R-1566-13	1.236337e+00	3.293991e-01	3.559995e-01	0	6.199891e+00
TCGA-24-1552-01A-01R-1566-13	1.320026e+00	0	1.741694e-01	0	5.274919e+00
TCGA-24-1553-01A-01R-1566-13	1.638852e+00	6.053677e-02	3.873980e-02	9.819421e-01	4.782527e+00
TCGA-24-1555-01A-01R-1566-13	2.076937e-01	2.433591e-01	1.069382e-01	1.672244e+00	4.163477e+00
TCGA-24-1556-01A-01R-1566-13	1.182460e+00	0	5.271164e-01	0	5.905002e+00
TCGA-24-1557-01A-01R-1566-13	7.681184e-01	4.616912e-01	7.113206e-01	2.405173e-01	4.617380e+00
TCGA-24-1558-01A-01R-1566-13	1.021178e+00	0	1.329325e+00	4.319249e-01	4.338706e+00
TCGA-24-1560-01A-01R-1566-13	1.770364e-01	4.915738e-01	1.111553e+00	1.655288e+00	4.034519e+00
TCGA-24-1562-01A-01R-1566-13	2.010572e+00	1.934713e-01	4.984992e-02	1.016306e+00	4.260425e+00
TCGA-24-1563-01A-01R-1566-13	2.758409e+00	1.336837e-01	7.702289e-02	0	4.508089e+00
TCGA-24-1564-01A-01R-1566-13	2.406046e+00	2.064659e-01	9.938895e-01	3.858583e-01	4.719513e+00
TCGA-24-1567-01A-01R-1566-13	6.193880e-01	1.106353e+00	3.622342e+00	0	2.326092e+00
TCGA-24-1603-01A-01R-1566-13	1.001751e+00	1.465696e-01	5.721962e-01	1.434374e+00	4.559769e+00
TCGA-24-1604-01A-01R-1566-13	9.923715e-01	2.282605e-01	1.680204e-01	1.341261e+00	4.484988e+00
TCGA-24-1616-01A-01R-1566-13	4.594302e-01	1.174463e+00	1.015819e+00	2.017743e+00	3.592950e+00
TCGA-24-1842-01A-01R-1567-13	1.794542e+00	0	0	0	6.388626e+00
TCGA-24-1843-01A-01R-1567-13	1.387587e+00	0	1.131092e+00	0	4.938554e+00
TCGA-24-1844-01A-01R-1567-13	4.194997e-01	2.358600e-01	1.098232e+00	5.698178e-01	3.468430e+00
TCGA-24-1846-01A-01R-1567-13	1.796066e+00	3.530594e-02	2.426440e-01	0	5.853953e+00
TCGA-24-1847-01A-01R-1566-13	1.446656e+00	7.693912e-01	2.894225e-03	0	5.643791e+00
TCGA-24-1849-01A-01R-1567-13	3.087621e+00	1.353277e-02	4.474227e-01	0	4.830278e+00
TCGA-24-1850-01A-01R-1567-13	2.231904e+00	3.914316e-01	2.184014e+00	0	3.711009e+00
TCGA-24-1924-01A-01R-1567-13	1.323303e+00	5.564056e-01	2.327981e-01	4.486401e-01	5.401008e+00
TCGA-24-1928-01A-01R-1567-13	2.320003e+00	1.302011e-01	9.528212e-01	5.889562e-01	4.445249e+00
TCGA-24-1930-01A-01R-1567-13	2.266615e+00	1.183435e-01	0	8.084910e-02	5.641432e+00
TCGA-24-2019-01A-02R-1568-13	7.401663e-01	7.206342e-01	1.819905e+00	0	4.331476e+00
TCGA-24-2020-01A-01R-1567-13	9.925355e-01	4.518151e-01	3.597760e+00	0	3.148089e+00
TCGA-24-2023-01A-01R-1567-13	6.012811e-01	1.047673e+00	3.065776e-01	2.393370e-01	5.309442e+00
TCGA-24-2024-01A-02R-1568-13	1.935387e+00	0	2.957485e-01	6.925740e-01	3.605800e+00
TCGA-24-2026-01A-01R-1567-13	1.196399e+00	0	0	0	6.554815e+00
TCGA-24-2027-01A-01R-1567-13	9.008012e-01	8.069757e-01	2.686761e+00	0	2.670963e+00
TCGA-24-2033-01A-01R-1568-13	1.801225e+00	0	6.699769e-01	1.805254e+00	3.566634e+00
TCGA-24-2035-01A-01R-1568-13	2.923306e+00	0	5.050442e-01	2.478611e-01	4.105874e+00
TCGA-24-2036-01A-01R-1568-13	5.753921e-01	1.034519e-01	1.445579e+00	3.407753e-01	3.633857e+00
TCGA-24-2038-01A-01R-1568-13	9.213396e-01	5.236729e-01	2.432035e-01	1.829164e+00	3.317773e+00
TCGA-24-2254-01A-01R-1568-13	1.501046e+00	3.747980e-01	1.355088e+00	3.928735e-01	3.996540e+00
TCGA-24-2261-01A-01R-1568-13	1.758861e+00	0	3.445434e-01	2.463349e-01	5.961673e+00
TCGA-24-2262-01A-01R-1568-13	1.954861e+00	4.765349e-01	7.979306e-01	0	5.780271e+00
TCGA-24-2267-01A-01R-1568-13	1.427441e+00	1.782266e-03	0	4.958798e-01	6.042945e+00
TCGA-24-2271-01A-01R-1568-13	2.011965e+00	1.675752e-01	0	8.162916e-01	4.812635e+00
TCGA-24-2281-01A-01R-1568-13	1.435822e+00	0	4.489367e-01	1.322297e-01	4.899696e+00
TCGA-24-2288-01A-01R-1568-13	2.114966e+00	1.617002e-01	4.815033e-01	4.345124e-01	5.241876e+00
TCGA-24-2289-01A-01R-1568-13	2.645227e+00	0	9.336283e-01	0	4.673776e+00
TCGA-24-2290-01A-01R-1568-13	1.412388e+00	3.425325e-01	2.873529e-01	0	6.026326e+00
TCGA-24-2293-01A-01R-1568-13	2.741815e+00	1.768626e-01	9.113321e-01	0	4.749193e+00
TCGA-24-2297-01A-01R-1568-13	7.265280e-01	3.128775e-01	7.520522e-01	1.211159e-01	4.330653e+00
TCGA-24-2298-01A-01R-1569-13	2.330895e+00	1.491192e-01	0	5.332952e-02	5.445258e+00
TCGA-25-1312-01A-01R-1565-13	8.394041e-01	3.400088e-01	1.288557e+00	1.123656e+00	3.776332e+00
TCGA-25-1313-01A-01R-1565-13	1.445513e+00	3.940503e-01	7.159485e-02	3.408523e-01	5.225620e+00
TCGA-25-1314-01A-01R-1565-13	1.724403e+00	0	2.634473e-01	1.414713e+00	4.400121e+00
TCGA-25-1315-01A-01R-1565-13	3.532837e-01	4.637744e-01	2.675957e+00	6.544469e-01	2.649923e+00
TCGA-25-1316-01A-01R-1565-13	1.505316e+00	3.867074e-01	3.205233e+00	0	2.820121e+00
TCGA-25-1317-01A-01R-1565-13	1.656130e+00	3.533513e-01	1.497336e+00	8.834658e-01	2.586940e+00
TCGA-25-1318-01A-01R-1565-13	1.836646e+00	6.466395e-01	3.123323e-01	5.894260e-01	4.540532e+00
TCGA-25-1319-01A-01R-1565-13	6.622364e-01	7.867840e-02	9.247746e-01	1.125580e+00	4.805515e+00
TCGA-25-1320-01A-01R-1565-13	2.459739e+00	0	9.882383e-01	8.242810e-02	4.336481e+00
TCGA-25-1321-01A-01R-1565-13	6.488982e-01	7.499391e-02	6.384163e-01	8.056022e-01	3.959098e+00
TCGA-25-1322-01A-01R-1565-13	1.611571e+00	5.677624e-01	7.330844e-01	2.960820e-01	5.071281e+00
TCGA-25-1323-01A-01R-1565-13	1.550964e+00	4.930388e-01	2.212750e+00	4.699247e-01	2.525736e+00
TCGA-25-1324-01A-01R-1565-13	4.962172e-01	0	2.387556e+00	1.615082e+00	2.664828e+00
TCGA-25-1326-01A-01R-1565-13	2.274212e+00	4.987409e-01	1.022022e+00	0	4.786098e+00
TCGA-25-1328-01A-01R-1565-13	2.308009e+00	4.119317e-02	3.203378e-01	1.251608e+00	3.692034e+00
TCGA-25-1329-01A-01R-1565-13	2.140922e+00	1.858636e-01	9.815413e-01	5.953474e-01	4.427983e+00
TCGA-25-1623-01A-01R-1566-13	3.008177e+00	2.492559e-01	1.364757e+00	3.092083e-02	4.391195e+00
TCGA-25-1625-01A-01R-1566-13	1.757498e+00	1.042497e+00	2.184482e-01	4.642679e-02	5.157781e+00
TCGA-25-1626-01A-01R-1566-13	3.222948e+00	6.696315e-02	1.448676e+00	3.031221e-01	3.947891e+00
TCGA-25-1627-01A-01R-1566-13	1.256685e+00	5.167484e-01	1.429485e+00	5.080423e-01	3.624396e+00
TCGA-25-1628-01A-01R-1566-13	2.582529e+00	0	1.507785e+00	4.294046e-01	3.536168e+00
TCGA-25-1630-01A-01R-1566-13	1.494770e+00	7.113452e-01	7.059614e-01	1.983519e-01	4.428479e+00
TCGA-25-1631-01A-01R-1569-13	8.076043e-01	1.198026e+00	1.341095e+00	9.272343e-01	3.851637e+00
TCGA-25-1632-01A-01R-1566-13	1.048810e+00	0	1.162225e+00	8.488131e-01	2.250288e+00
TCGA-25-1633-01A-01R-1566-13	2.640169e+00	0	1.757144e+00	4.233506e-01	3.750273e+00
TCGA-25-1634-01A-01R-1566-13	7.345142e-01	0	2.641715e+00	7.988369e-01	1.127505e+00
TCGA-25-1635-01A-01R-1566-13	2.202718e+00	4.824383e-01	1.133930e+00	2.384299e-01	4.994624e+00
TCGA-25-1870-01A-01R-1567-13	9.762053e-01	4.260387e-02	1.146642e+00	1.045602e+00	3.477079e+00
TCGA-25-1871-01A-01R-1567-13	3.673146e-01	0	3.391633e+00	6.193945e-01	1.498598e+00
TCGA-25-2042-01A-01R-1568-13	3.430404e+00	2.903511e-03	6.380583e-01	0	4.363423e+00
TCGA-25-2391-01A-01R-1569-13	7.923428e-01	9.471801e-01	7.486480e-01	6.751181e-01	5.118193e+00
TCGA-25-2392-01A-01R-1569-13	1.312689e+00	5.242738e-01	8.664366e-01	4.636867e-01	5.095009e+00
TCGA-25-2393-01A-01R-1569-13	1.538922e+00	1.327263e-01	2.802178e+00	2.296709e-02	2.525516e+00
TCGA-25-2396-01A-01R-1569-13	1.447283e+00	0	2.149540e-01	4.021782e-01	5.127444e+00
TCGA-25-2397-01A-01R-1569-13	1.020385e+00	5.474981e-01	0	1.594224e+00	4.728876e+00
TCGA-25-2398-01A-01R-1569-13	2.823920e+00	0	1.650685e+00	6.967514e-01	2.934463e+00
TCGA-25-2399-01A-01R-1569-13	2.017512e+00	0	3.231135e-01	2.713587e-01	4.839891e+00
TCGA-25-2400-01A-01R-1569-13	1.825609e-01	1.034819e+00	2.069070e+00	7.280184e-01	4.017602e+00
TCGA-25-2401-01A-01R-1569-13	2.664184e+00	1.100313e-01	1.820887e-01	6.362419e-01	5.026137e+00
TCGA-25-2404-01A-01R-1569-13	2.308811e+00	2.141196e-01	2.097610e-01	0	5.082398e+00
TCGA-25-2409-01A-01R-1569-13	1.894486e+00	8.004473e-02	0	7.088591e-01	4.777838e+00
TCGA-29-1688-01A-01R-1566-13	1.536001e+00	3.402002e-01	0	0	6.161958e+00
TCGA-29-1690-01A-01R-1566-13	1.961713e+00	8.501960e-01	0	8.497106e-01	4.075604e+00
TCGA-29-1691-01A-01R-1566-13	1.403543e+00	1.282937e-01	2.167375e+00	0	4.734079e+00
TCGA-29-1693-01A-01R-1567-13	2.508959e+00	0	0	2.048457e-01	4.134536e+00
TCGA-29-1694-01A-01R-1567-13	1.803005e+00	7.969736e-01	0	4.821537e-01	4.810340e+00
TCGA-29-1695-01A-01R-1567-13	2.201641e+00	0	9.733539e-01	0	5.006312e+00
TCGA-29-1696-01A-01R-1567-13	2.734051e-01	1.020257e+00	1.981195e-01	3.061093e-01	4.259402e+00
TCGA-29-1697-01A-01R-1567-13	3.487707e-01	6.314974e-01	2.240976e+00	1.282080e+00	3.932636e+00
TCGA-29-1698-01A-01R-1567-13	2.077322e+00	0	1.576936e+00	0	4.424323e+00
TCGA-29-1699-01A-01R-1567-13	1.545961e+00	0	4.146750e-01	2.190077e-01	5.843494e+00
TCGA-29-1701-01A-01R-1567-13	2.191178e+00	2.992287e-01	6.772079e-01	0	4.347007e+00
TCGA-29-1702-01A-01R-1567-13	1.046345e+00	0	2.268536e+00	1.140118e+00	2.684703e+00
TCGA-29-1703-01A-01R-1567-13	1.347436e+00	0	6.255279e-01	6.363557e-01	4.057996e+00
TCGA-29-1705-01A-01R-1567-13	2.348157e+00	0	2.677158e-01	2.835281e-01	4.492189e+00
TCGA-29-1710-01A-02R-1567-13	2.604877e+00	0	3.307636e-03	0	5.772124e+00
TCGA-29-1711-01A-01R-1567-13	1.843097e+00	8.868373e-03	0	0	5.910713e+00
TCGA-29-1761-01A-01R-1567-13	1.093769e+00	8.339364e-01	1.384890e+00	0	4.538977e+00
TCGA-29-1762-01A-01R-1567-13	7.898695e-01	5.654829e-01	2.811857e+00	2.978270e-01	2.636951e+00
TCGA-29-1763-01A-02R-1567-13	1.373740e+00	0	1.293212e+00	8.989249e-01	3.646444e+00
TCGA-29-1770-01A-01R-1567-13	2.715739e+00	0	0	7.682857e-01	4.103413e+00
TCGA-29-1770-02A-01R-1567-13	1.923587e+00	0	0	5.436483e-01	4.544559e+00
TCGA-29-1776-01A-01R-1567-13	1.711536e+00	2.227122e-01	0	8.544443e-01	3.891115e+00
TCGA-29-1778-01A-01R-1567-13	9.322875e-01	0	3.494052e-01	1.094702e+00	4.756796e+00
TCGA-29-1781-01A-01R-1567-13	1.668509e+00	1.555897e-01	4.929784e-01	7.685707e-01	5.260480e+00
TCGA-29-1783-01A-01R-1567-13	1.733858e+00	1.528895e-01	8.134112e-01	1.052707e+00	3.639982e+00
TCGA-29-1784-01A-02R-1567-13	8.882326e-01	6.398279e-01	3.293168e-01	2.650638e-01	5.348796e+00
TCGA-29-1785-01A-01R-1567-13	1.876816e+00	0	0	1.306566e-03	5.152272e+00
TCGA-29-2414-01A-02R-1569-13	1.905696e+00	0	1.353822e+00	9.023698e-01	2.531765e+00
TCGA-29-2414-02A-01R-1569-13	1.032066e+00	0	1.002369e+00	1.077094e+00	3.428744e+00
TCGA-29-2425-01A-01R-1569-13	1.344138e+00	0	7.792181e-01	7.370109e-01	2.907652e+00
TCGA-29-2427-01A-01R-1569-13	2.116741e+00	5.613676e-01	0	2.662593e-02	5.833775e+00
TCGA-29-2428-01A-01R-1569-13	1.571492e+00	6.438099e-01	9.845489e-01	4.926337e-01	3.893551e+00
TCGA-29-A5NZ-01A-11R-A406-31	1.802431e+00	0	2.474006e+00	8.673481e-01	2.885814e+00
TCGA-30-1718-01A-01R-1567-13	2.223338e+00	3.532559e-01	2.507332e-01	0	4.839595e+00
TCGA-30-1855-01A-01R-1567-13	2.349096e+00	0	6.302099e-01	4.292156e-02	4.652146e+00
TCGA-30-1857-01A-02R-1569-13	2.668646e+00	7.698962e-01	0	4.286780e-02	4.747297e+00
TCGA-30-1860-01A-01R-1568-13	1.695443e+00	6.784721e-01	8.282746e-01	0	6.083471e+00
TCGA-30-1861-01A-01R-1568-13	2.574920e+00	0	1.231239e+00	0	3.281098e+00
TCGA-30-1862-01A-02R-1568-13	2.275771e+00	2.144530e-02	2.148007e-01	7.749931e-01	4.331283e+00
TCGA-30-1891-01A-01R-1568-13	2.800686e+00	1.231851e-01	3.214638e-01	7.461650e-01	4.086363e+00
TCGA-31-1944-01A-01R-1568-13	1.671911e+00	2.081555e-01	6.520216e-01	0	4.620700e+00
TCGA-31-1946-01A-01R-1568-13	2.182226e+00	1.520567e-01	1.455292e-01	0	5.430966e+00
TCGA-31-1951-01A-01R-1568-13	2.381248e+00	0	1.211554e-01	2.912232e-01	5.545809e+00
TCGA-31-1953-01A-01R-1568-13	2.255884e+00	0	0	0	6.185005e+00
TCGA-31-1956-01A-01R-1568-13	2.926396e+00	8.835304e-02	0	0	5.773424e+00
TCGA-31-1959-01A-01R-1568-13	2.541420e+00	5.759624e-01	1.762251e+00	0	4.319816e+00
TCGA-36-1568-01A-01R-1566-13	1.728003e+00	7.998669e-01	2.945306e-01	7.172311e-01	4.763200e+00
TCGA-36-1569-01A-01R-1566-13	2.622958e+00	0	3.501459e-01	1.240011e+00	3.926137e+00
TCGA-36-1570-01A-01R-1566-13	3.860615e-01	2.114741e-01	2.249930e-01	0	5.075294e+00
TCGA-36-1571-01A-01R-1566-13	3.311109e-01	1.605185e-01	1.803544e+00	6.015726e-01	3.111174e+00
TCGA-36-1574-01A-01R-1566-13	2.039647e+00	1.071437e-01	1.098603e-01	0	5.581423e+00
TCGA-36-1575-01A-01R-1566-13	3.636360e-01	0	2.171403e+00	1.483987e+00	2.922873e+00
TCGA-36-1576-01A-01R-1566-13	2.947012e+00	1.240730e-02	1.405076e+00	0	3.644468e+00
TCGA-36-1577-01A-01R-1566-13	9.908730e-01	8.076719e-01	3.313104e+00	6.786957e-02	2.445963e+00
TCGA-36-1578-01A-01R-1566-13	1.294286e+00	0	0	3.393176e-01	5.984827e+00
TCGA-36-1580-01A-01R-1566-13	2.743121e+00	6.704510e-02	6.555346e-01	9.459415e-01	3.632058e+00
TCGA-36-1581-01A-01R-1566-13	1.366219e+00	6.840086e-01	1.492206e+00	0	6.454826e+00
TCGA-3P-A9WA-01A-11R-A406-31	0	3.961925e-01	5.946474e-01	0	4.980322e+00
TCGA-57-1582-01A-01R-1566-13	1.724327e+00	0	1.065795e+00	0	3.971514e+00
TCGA-57-1583-01A-01R-1566-13	1.027135e+00	0	5.914078e-01	1.487263e+00	4.057504e+00
TCGA-57-1584-01A-01R-1566-13	1.805228e-01	1.214480e+00	3.811762e-01	4.627606e-01	4.954007e+00
TCGA-57-1585-01A-01R-1566-13	2.957385e+00	0	4.976329e-01	0	4.512135e+00
TCGA-57-1993-01A-01R-1568-13	7.385958e-01	5.654034e-01	1.231655e+00	5.311227e-01	4.734404e+00
TCGA-57-1994-01A-01R-1568-13	1.075629e+00	0	8.600171e-01	3.593078e-01	4.787876e+00
TCGA-59-2348-01A-01R-1569-13	1.566568e+00	2.431939e-01	7.662596e-02	8.141810e-01	5.725763e+00
TCGA-59-2350-01A-01R-1569-13	1.193563e+00	3.152906e-01	1.117459e+00	1.706732e+00	4.441074e+00
TCGA-59-2351-01A-01R-1569-13	1.292141e+00	1.111767e-01	4.586255e-01	5.249961e-01	4.831457e+00
TCGA-59-2352-01A-01R-1569-13	1.152526e+00	4.246053e-01	1.980551e+00	1.068943e+00	3.481724e+00
TCGA-59-2354-01A-01R-1569-13	2.415798e+00	1.126887e-01	4.743149e-01	5.518468e-02	4.464268e+00
TCGA-59-2355-01A-01R-1569-13	1.488035e+00	5.627534e-01	2.104442e-01	5.953117e-01	4.324577e+00
TCGA-59-2363-01A-01R-1569-13	1.056526e+00	6.101346e-01	2.429873e+00	3.721238e-01	2.646286e+00
TCGA-59-A5PD-01A-11R-A406-31	1.276327e+00	0	1.923934e+00	0	3.408361e+00
TCGA-5X-AA5U-01A-11R-A406-31	9.062177e-01	0	2.506414e+00	1.031176e+00	2.259362e+00
TCGA-61-1721-01A-01R-1569-13	2.687829e+00	0	1.671879e+00	7.668055e-02	3.601908e+00
TCGA-61-1724-01A-01R-1568-13	1.423521e+00	6.063182e-01	4.219197e-01	5.107980e-01	5.388137e+00
TCGA-61-1725-01A-01R-1567-13	1.920156e+00	2.775788e-01	2.211424e-01	3.101516e-01	4.490900e+00
TCGA-61-1728-01A-01R-1568-13	1.156869e+00	5.343826e-01	8.972983e-01	5.895419e-01	3.348178e+00
TCGA-61-1733-01A-01R-1567-13	2.079228e+00	0	1.220671e+00	1.071137e+00	3.256598e+00
TCGA-61-1736-01B-01R-1568-13	8.138935e-01	1.863674e-01	9.166459e-02	0	5.377248e+00
TCGA-61-1737-01A-01R-1567-13	2.614737e+00	4.936015e-01	1.009581e+00	0	4.885608e+00
TCGA-61-1738-01A-01R-1567-13	1.063090e+00	8.805624e-01	1.274524e+00	0	5.370357e+00
TCGA-61-1740-01A-01R-1567-13	1.676189e+00	5.484483e-01	8.020789e-01	0	6.073329e+00
TCGA-61-1741-01A-02R-1567-13	1.111804e+00	0	1.970816e+00	6.141963e-01	3.806738e+00
TCGA-61-1743-01A-01R-1568-13	6.687157e-01	0	1.273371e+00	3.868328e-01	4.242626e+00
TCGA-61-1900-01A-01R-1567-13	1.182942e+00	3.194428e-01	2.776720e+00	0	2.418119e+00
TCGA-61-1907-01A-01R-1567-13	3.466807e-01	2.760260e-01	3.862334e-01	1.352080e-01	5.978841e+00
TCGA-61-1910-01A-01R-1567-13	9.133262e-01	0	0	7.976349e-01	4.502108e+00
TCGA-61-1914-01A-01R-1567-13	1.419203e+00	7.860049e-01	6.072370e-01	1.815820e-01	4.387269e+00
TCGA-61-1917-01A-01R-1568-13	1.876867e+00	0	9.268449e-01	4.446376e-01	3.531523e+00
TCGA-61-1918-01A-01R-1568-13	1.063260e+00	0	1.024275e-01	6.390151e-01	4.880370e+00
TCGA-61-1919-01A-01R-1568-13	2.713054e+00	0	7.564299e-01	0	4.174215e+00
TCGA-61-1995-01A-01R-1568-13	9.291051e-01	2.383852e-01	9.126656e-01	1.368327e+00	4.661486e+00
TCGA-61-1998-01A-01R-1568-13	1.929842e+00	1.397026e-01	1.042138e+00	5.548334e-02	3.616608e+00
TCGA-61-2000-01A-01R-1568-13	1.728096e+00	0	7.732492e-01	0	5.036586e+00
TCGA-61-2002-01A-01R-1568-13	2.574242e+00	0	1.396329e-02	4.935882e-02	5.114550e+00
TCGA-61-2003-01A-01R-1568-13	2.670588e+00	2.274862e-01	9.956614e-01	4.943891e-01	4.349947e+00
TCGA-61-2008-01A-02R-1568-13	1.576054e+00	2.408804e-01	5.989636e-01	4.515432e-01	4.130742e+00
TCGA-61-2008-02A-01R-1568-13	1.229811e+00	0	3.677568e-01	1.484649e-01	5.153052e+00
TCGA-61-2009-01A-01R-1568-13	2.509956e+00	3.333463e-01	9.329057e-01	0	3.405116e+00
TCGA-61-2012-01A-01R-1568-13	1.727460e+00	6.354794e-01	9.984217e-01	7.142826e-01	4.772711e+00
TCGA-61-2016-01A-01R-1568-13	1.064435e+00	1.098199e+00	8.709680e-01	6.364461e-01	4.633914e+00
TCGA-61-2088-01A-01R-1568-13	1.657243e-01	0	2.307455e+00	1.343007e+00	2.832047e+00
TCGA-61-2092-01A-01R-1568-13	0	9.823936e-01	1.232404e+00	0	5.284431e+00
TCGA-61-2094-01A-01R-1568-13	1.316329e+00	2.259913e-01	0	5.549083e-01	6.402486e+00
TCGA-61-2095-01A-01R-1568-13	1.939354e+00	5.395816e-01	1.249691e+00	6.225183e-01	3.899869e+00
TCGA-61-2097-01A-02R-1568-13	1.258030e+00	1.048185e+00	1.197551e+00	2.500219e-01	4.552725e+00
TCGA-61-2098-01A-01R-1568-13	1.035975e+00	3.894467e-01	3.299248e+00	4.565015e-02	1.693209e+00
TCGA-61-2101-01A-01R-1568-13	2.098985e+00	1.175721e-01	6.048003e-01	7.436626e-01	3.039106e+00
TCGA-61-2102-01A-01R-1568-13	1.974267e+00	0	4.378780e+00	0	2.572186e+00
TCGA-61-2104-01A-01R-1568-13	1.353362e+00	0	0	3.987648e-01	5.480091e+00
TCGA-61-2109-01A-01R-1568-13	7.532203e-01	4.940090e-01	2.193051e-01	1.321810e+00	4.655654e+00
TCGA-61-2110-01A-01R-1568-13	8.019214e-01	5.677258e-01	6.809070e-01	2.479226e+00	3.426131e+00
TCGA-61-2111-01A-01R-1568-13	9.395091e-01	9.638935e-01	2.487398e+00	0	4.078550e+00
TCGA-61-2113-01A-01R-1568-13	2.266533e+00	3.641842e-01	1.532742e+00	0	4.827062e+00
TCGA-OY-A56P-01A-12R-A406-31	7.963391e-01	0	2.615831e+00	1.576885e+00	2.523882e+00
TCGA-OY-A56Q-01A-11R-A406-31	0	0	2.199751e+00	1.985905e+00	1.712164e+00
TCGA-VG-A8LO-01A-11R-A406-31	6.832706e-01	5.055084e-01	4.691593e-01	9.253503e-01	3.928470e+00
TCGA-WR-A838-01A-12R-A406-31	0	0	2.175831e+00	8.974523e-01	3.235916e+00
