sampleID	D16.12_ZHOU-PANCREATIC-ENDOCRINE-PROGENITOR	D14.11_CHAN-INTERFERON-PRODUCING-DENDRITIC-CELL	D15.13_GNF2-SERPINI2	D14.4_ANASTASSIOU-CANCER-MESENCHYMAL-TRANSITION-SIGNATURE	D8.4_MODULE-106	D16.1_MIPS-UTX-MLL2-3-COMPLEX	D14.7_NIELSEN-LEIOMYOSARCOMA-CNN1-UP	D15.5_REACTOME-BETA-DEFENSINS	D9.8_GNF2-SERPINB5	D16.15_chr11q11
TCGA-2L-AAQE-01A	1.438078e-01	3.741475e-01	0	7.886381e-01	1.452245e+00	2.336529e+00	4.489933e-01	0	1.230281e+00	1.796037e-01
TCGA-XD-AAUL-01A	1.994396e-01	2.792753e-02	0	1.360074e+00	1.385142e+00	2.314231e+00	6.584681e-01	5.770987e-01	5.746314e-01	2.189055e-01
TCGA-2L-AAQJ-01A	0	4.443842e-01	0	1.105605e+00	2.520757e+00	2.672446e+00	7.537647e-01	6.313324e-02	3.728150e-01	1.499762e-02
TCGA-2L-AAQI-01A	3.694580e-01	1.474341e-02	1.685723e-02	7.466559e-01	1.583036e+00	2.548714e+00	3.922357e-01	9.303554e-01	6.403906e-01	1.933052e-01
TCGA-3A-A9IB-01A	1.616095e-01	2.935141e-02	1.417143e-01	1.455277e+00	4.573251e-01	2.929914e+00	9.157208e-01	4.805229e-01	8.364645e-01	0
TCGA-3A-A9IU-01A	6.940541e-02	1.701352e-01	2.930168e-01	1.223849e+00	7.956283e-01	2.430121e+00	1.884476e-01	6.171947e-01	1.058877e+00	0
TCGA-FB-AAPS-01A	2.449733e-01	5.819436e-01	1.923821e-01	2.012643e+00	1.835460e-01	2.406721e+00	1.015216e+00	9.139128e-02	3.111694e-01	0
TCGA-HV-AA8X-01A	3.003809e-01	0	0	1.068917e+00	2.233594e+00	2.557056e+00	5.028699e-01	1.699127e-01	3.225327e-01	0
TCGA-LB-A9Q5-01A	3.704968e-01	2.398118e-01	5.478271e-01	1.231076e+00	6.019307e-01	2.750884e+00	5.810500e-01	4.940236e-01	5.089193e-01	1.955822e-02
TCGA-HZ-A9TJ-01A	2.420108e-01	1.920954e-01	0	6.835363e-01	1.865402e+00	2.585401e+00	4.849474e-01	2.915974e-01	2.477598e-01	2.738589e-01
TCGA-3A-A9IH-01A	4.245709e-01	8.273651e-02	0	1.070895e+00	1.251389e+00	2.664167e+00	5.343289e-01	2.953291e-01	1.010589e+00	1.456071e-01
TCGA-RB-AA9M-01A	5.346647e-01	2.490279e-01	0	7.054581e-01	8.563902e-01	2.591120e+00	7.420291e-01	4.168258e-01	4.642646e-01	0
TCGA-IB-AAUQ-01A	4.696216e-01	1.040085e-01	0	1.294941e+00	6.992651e-01	2.192238e+00	6.649083e-01	3.026082e-01	7.765630e-01	1.889317e-01
TCGA-3A-A9J0-01A	0	3.491911e-01	0	1.308166e+00	1.872175e+00	2.152515e+00	7.104905e-01	0	3.447185e-01	2.688867e-02
TCGA-FB-AAQ3-01A	1.187454e-01	0	0	1.339341e+00	1.789399e+00	2.025710e+00	6.882034e-01	6.844912e-01	6.592184e-01	2.098743e-01
TCGA-FB-AAQ1-01A	2.952978e-01	1.266174e-01	0	7.656284e-01	4.443249e-01	2.442550e+00	3.230997e-01	1.107522e+00	8.879919e-01	0
TCGA-2J-AAB9-01A	2.867523e-01	2.034306e-01	3.225810e-01	1.203342e+00	3.179107e-01	2.764075e+00	7.462728e-01	7.280358e-01	7.591782e-01	1.131425e-01
TCGA-2J-AABA-01A	0	4.072966e-01	0	9.834268e-01	1.808628e+00	2.285740e+00	1.076969e+00	0	2.977078e-01	2.221293e-01
TCGA-2J-AABR-01A	3.539544e-01	4.150795e-01	2.759585e-02	1.062298e+00	6.015431e-01	3.022370e+00	7.321036e-01	1.148003e+00	3.597171e-01	4.334874e-02
TCGA-FB-AAQ6-01A	3.092583e-01	8.535891e-02	0	9.068979e-01	2.122707e+00	2.125729e+00	3.659470e-01	0	1.710825e-01	3.643396e-01
TCGA-2J-AABE-01A	2.483134e-01	1.642718e-01	0	1.405059e+00	1.562736e+00	2.148903e+00	5.535734e-01	3.798943e-01	2.787043e-01	0
TCGA-2J-AABT-01A	0	1.573228e-01	0	7.766611e-01	1.725972e+00	2.990356e+00	2.425643e+00	0	0	2.693385e-02
TCGA-FB-AAPQ-01A	3.023212e-01	8.013361e-02	0	1.091466e+00	2.146386e+00	2.454657e+00	2.331272e-01	5.123974e-01	0	2.523771e-02
TCGA-HV-AA8V-01A	2.366794e-01	1.365903e-01	0	1.714652e+00	1.015296e+00	2.143914e+00	7.321793e-01	5.548882e-01	2.879581e-01	6.077248e-02
TCGA-2J-AABV-01A	1.624253e-01	1.475626e-01	6.170124e-01	5.068636e-01	6.126092e-01	1.292157e+00	1.042740e+00	6.755395e-01	2.380804e-01	6.541820e-01
TCGA-2J-AABF-01A	4.241752e-01	3.334489e-01	0	9.117099e-01	1.429391e+00	2.523249e+00	5.932758e-01	6.369758e-01	2.968675e-01	1.154577e-01
TCGA-2J-AABU-01A	0	1.738685e-01	0	1.152738e+00	1.210711e+00	2.583298e+00	1.038605e+00	0	1.259451e+00	0
TCGA-FB-AAPU-01A	2.362958e-01	1.516223e-01	0	7.186285e-01	2.920921e+00	2.911059e+00	3.832745e-01	0	1.536610e-01	6.048905e-01
TCGA-2J-AABH-01A	4.119840e-01	9.824249e-02	1.778365e-01	9.248600e-01	1.407097e+00	2.495914e+00	2.163660e-01	6.642492e-01	3.326877e-01	0
TCGA-FB-AAPY-01A	2.564980e-01	5.077611e-01	0	1.083491e+00	1.778623e+00	1.857090e+00	4.778834e-01	6.804615e-01	3.502670e-01	1.372218e-01
TCGA-2J-AAB1-01A	2.303849e-01	2.132836e-01	0	8.218818e-01	2.268434e+00	2.238350e+00	6.547540e-01	4.264512e-01	2.364099e-01	1.005314e-01
TCGA-XD-AAUG-01A	5.352600e-01	3.725564e-01	1.802472e-03	1.738773e+00	4.109162e-01	2.611201e+00	1.295081e+00	3.329061e-01	0	3.560325e-01
TCGA-2J-AAB4-01A	4.378069e-01	1.456704e-01	0	9.348443e-01	1.499649e+00	2.540155e+00	3.039252e-01	7.653511e-01	2.736937e-01	0
TCGA-2J-AABI-01A	0	8.458442e-01	0	1.458028e+00	0	3.080605e+00	0	0	1.586051e+00	1.306618e-01
TCGA-FB-AAPZ-01A	2.298119e-01	2.767185e-01	2.400750e-02	8.651903e-01	1.064581e+00	2.751841e+00	6.364304e-01	7.629490e-01	7.955062e-01	8.438833e-02
TCGA-XD-AAUH-01A	6.663276e-01	8.675199e-01	0	1.003239e+00	5.506085e-01	2.907317e+00	1.025222e+00	0	2.048550e-01	2.196001e-01
TCGA-3A-A9IX-01A	2.218524e-01	5.483679e-01	3.530643e-01	9.676276e-01	6.760792e-01	2.511819e+00	8.877320e-01	6.018287e-01	3.179507e-01	3.637179e-02
TCGA-2J-AABK-01A	5.085998e-01	1.849939e-01	9.571466e-03	3.558126e-01	1.505820e+00	2.378771e+00	6.928609e-01	8.414159e-01	2.865574e-01	9.233462e-03
TCGA-2J-AAB6-01A	5.282433e-01	0	0	1.386663e+00	0	2.431542e+00	2.631228e-01	0	1.717416e+00	7.981160e-02
TCGA-FB-AAQ0-01A	0	0	0	9.895319e-01	2.852956e+00	2.316541e+00	4.724706e-01	0	2.664873e-01	1.599324e-01
TCGA-XD-AAUI-01A	3.851827e-01	4.757941e-01	7.699014e-02	1.054008e+00	1.082520e+00	2.429421e+00	6.385647e-01	4.780060e-01	6.720310e-01	0
TCGA-2J-AAB8-01A	0	2.925442e-01	0	1.395774e+00	2.028709e+00	2.337553e+00	7.767301e-01	0	1.725238e-01	6.440999e-02
TCGA-3A-A9IZ-01A	0	0	0	1.067441e+00	1.264749e+00	2.773028e+00	4.219871e-01	9.444109e-01	4.200244e-01	0
TCGA-2J-AABO-01A	3.723386e-01	6.579001e-02	3.466591e-01	1.210797e+00	8.500589e-01	2.157021e+00	8.535407e-01	3.685805e-02	8.204467e-01	0
TCGA-Z5-AAPL-01A	0	1.420297e+00	0	7.358496e-01	1.450915e+00	2.901576e+00	6.740733e-01	0	5.720970e-01	2.165971e-01
TCGA-FB-AAQ2-01A	5.049665e-01	3.169295e-01	0	6.558298e-01	2.818887e-01	2.713887e+00	6.103549e-01	0	2.042972e+00	1.128248e-01
TCGA-F2-6879-01A	0	0	0	1.152083e+00	2.591141e+00	2.683771e+00	4.727981e-01	0	9.836397e-02	2.346555e-01
TCGA-HZ-7925-01A	2.635507e-01	8.334027e-02	0	1.538960e+00	1.124525e+00	2.719539e+00	8.908330e-01	0	2.116603e-01	0
TCGA-IB-7651-01A	3.205460e-01	2.198785e-01	1.217461e-02	1.251756e+00	1.002454e+00	3.232526e+00	6.094656e-01	3.800695e-01	2.740372e-01	3.836064e-02
TCGA-HZ-7926-01A	0	3.560445e-01	5.622169e-02	5.574521e-01	1.740069e+00	2.895491e+00	8.142222e-01	1.012392e+00	3.087702e-01	0
TCGA-IB-7885-01A	7.912952e-02	3.633892e-01	0	1.677055e+00	1.211625e+00	2.782894e+00	8.468700e-01	3.359724e-01	4.345482e-01	0
TCGA-IB-7652-01A	4.006042e-01	2.140615e-01	2.687989e-01	1.287945e+00	1.029687e+00	3.223126e+00	4.892645e-01	4.318204e-01	2.038766e-01	0
TCGA-IB-7644-01A	0	0	0	1.193775e+00	2.475780e+00	2.950575e+00	1.166436e+00	0	0	4.797918e-01
TCGA-IB-7887-01A	0	1.012272e-01	0	1.643521e+00	1.649986e+00	2.760646e+00	7.362532e-01	2.934457e-01	2.631912e-01	1.073797e-01
TCGA-IB-7889-01A	1.705432e-01	5.229440e-01	3.349371e-01	1.080754e+00	1.061405e+00	2.555368e+00	5.658512e-01	4.548293e-01	8.486061e-01	1.872098e-01
TCGA-IB-7646-01A	3.948892e-02	5.374614e-02	0	1.408625e+00	6.551392e-01	3.343527e+00	3.961838e-01	0	8.872232e-01	0
TCGA-IB-7886-01A	4.155846e-02	8.145482e-02	0	1.078884e+00	1.821792e+00	2.888274e+00	7.089689e-01	3.329827e-01	3.616257e-01	3.570305e-01
TCGA-IB-7893-01A	2.488811e-01	4.991044e-02	0	1.957847e+00	1.578595e-01	3.112498e+00	4.277740e-01	0	6.442514e-01	1.507228e-01
TCGA-HZ-7919-01A	3.293603e-01	3.947028e-02	0	1.126252e+00	1.767505e+00	3.213835e+00	5.141819e-01	4.527358e-01	6.797035e-01	8.648692e-02
TCGA-HZ-8001-01A	5.795202e-01	5.592489e-01	0	1.259429e+00	1.202883e-01	2.027308e+00	8.556040e-01	1.734092e-01	8.288729e-01	1.979322e-01
TCGA-IB-7647-01A	4.371292e-01	4.980041e-01	0	8.452143e-01	1.563634e+00	2.955574e+00	5.931594e-01	0	2.013511e-01	2.618869e-01
TCGA-IB-7897-01A	6.757625e-01	6.547557e-01	0	1.022402e+00	2.428080e-01	3.628436e+00	1.204462e+00	0	1.350772e-01	1.446619e-01
TCGA-IB-7888-01A	5.007485e-01	7.550345e-01	0	1.393321e+00	1.154231e+00	3.053316e+00	7.623724e-01	0	0	3.001233e-01
TCGA-HZ-8002-01A	3.467113e-01	4.582333e-01	4.185869e-02	9.135732e-01	3.521229e-01	3.020527e+00	9.413239e-01	9.091214e-01	0	0
TCGA-HZ-7922-01A	2.324961e-01	1.852466e-01	3.482914e-01	1.501664e+00	1.032999e+00	3.158454e+00	6.136122e-01	8.155561e-02	6.436701e-01	1.774208e-01
TCGA-HZ-8003-01A	4.944190e-01	5.103102e-01	5.820280e-01	1.209182e+00	4.209048e-01	3.135694e+00	6.895577e-01	1.038633e-01	2.254233e-01	3.475056e-01
TCGA-IB-7649-01A	3.657709e-01	2.905752e-01	4.060879e-02	1.223988e+00	1.146912e+00	3.064183e+00	6.832731e-01	8.964643e-01	1.734855e-01	2.901030e-01
TCGA-IB-7645-01A	3.411165e-01	6.791321e-01	0	1.410322e+00	1.207582e+00	3.330750e+00	9.949251e-01	0	0	1.621810e-01
TCGA-IB-7890-01A	4.013410e-01	1.137823e-01	0	1.715236e+00	4.411664e-01	2.896502e+00	4.900664e-01	0	8.631627e-01	3.572392e-02
TCGA-IB-7891-01A	3.939112e-01	3.938807e-01	2.466888e-01	1.346309e+00	6.746782e-01	3.182663e+00	5.655316e-01	6.707317e-01	8.556517e-02	2.385097e-01
TCGA-H6-8124-01A	2.254649e-01	0	0	1.605421e+00	7.133044e-01	3.194007e+00	4.625017e-01	3.979825e-01	9.960460e-01	3.311707e-01
TCGA-HZ-8315-01A	9.037835e-02	2.708579e-01	6.493144e-02	1.280290e+00	1.347962e+00	3.085585e+00	8.295212e-01	6.382318e-01	5.907259e-01	7.769682e-02
TCGA-HZ-8317-01A	0	2.775704e-02	3.599146e-01	8.768052e-01	1.228032e+00	2.961367e+00	1.758068e+00	7.599956e-01	1.533422e-01	2.659533e-01
TCGA-HZ-8519-01A	6.786988e-01	3.959854e-01	0	5.149982e-01	5.158335e-01	2.883423e+00	1.383319e+00	0	0	1.101099e-01
TCGA-HZ-8636-01A	3.752428e-01	1.948922e-01	0	1.524173e+00	1.277723e+00	3.237100e+00	6.353091e-01	2.352205e-01	4.442623e-01	2.872810e-02
TCGA-HZ-8637-01A	5.526839e-01	8.378189e-01	0	1.021173e+00	9.320599e-01	3.127607e+00	7.264088e-01	0	9.816574e-02	3.226982e-01
TCGA-IB-8127-01A	1.947646e-01	1.587334e-01	9.737861e-02	1.106518e+00	1.382411e+00	2.688226e+00	4.628519e-01	4.189390e-01	7.013954e-01	6.263149e-02
TCGA-IB-8126-01A	3.400080e-01	6.388132e-01	5.365342e-01	9.841423e-01	3.160304e-01	3.055960e+00	1.084195e+00	5.270698e-01	0	1.888688e-01
TCGA-F2-A44H-01A	3.351433e-01	1.223936e-01	4.158315e-01	1.466720e+00	1.881736e-01	2.258929e+00	8.497784e-01	4.386118e-01	0	1.144809e-01
TCGA-FB-A4P6-01A	2.950135e-01	2.709565e-01	2.559388e-02	5.847516e-01	1.162714e+00	2.620191e+00	1.053326e+00	1.150980e+00	0	0
TCGA-FB-A4P5-01A	4.539822e-01	6.816841e-01	9.739138e-02	1.252348e+00	7.347560e-01	2.454853e+00	8.403063e-01	3.790256e-01	6.426886e-01	0
TCGA-H6-A45N-01A	5.144069e-01	3.837842e-01	0	1.210457e+00	1.089008e+00	2.698520e+00	7.729184e-01	6.359050e-01	4.487758e-01	1.108825e-01
TCGA-HV-A5A3-01A	4.150294e-02	1.483173e-03	0	1.133168e+00	1.784061e+00	2.498637e+00	1.851030e-01	2.509603e-01	1.051303e+00	0
TCGA-HV-A5A5-01A	4.715808e-01	2.180154e-01	0	1.173418e+00	1.176012e+00	2.744429e+00	8.209304e-01	7.927206e-01	5.283346e-02	2.067814e-01
TCGA-HV-A5A4-01A	4.216679e-01	1.268454e-01	0	1.388134e+00	1.887240e+00	2.564446e+00	7.587696e-01	9.824200e-02	2.246993e-01	1.088283e-01
TCGA-HZ-A49H-01A	3.140249e-01	5.470129e-01	3.405221e-01	1.149403e+00	7.706938e-01	2.483170e+00	1.225850e+00	4.213215e-01	2.211383e-02	2.191465e-01
TCGA-HV-A5A6-01A	0	0	0	1.418293e+00	1.352480e+00	2.678961e+00	8.445972e-01	1.490543e-01	6.720116e-01	6.708274e-01
TCGA-HZ-A49G-01A	3.689394e-01	3.024526e-01	2.086737e-01	1.187166e+00	9.804463e-01	2.819201e+00	8.226288e-01	7.079094e-01	3.128101e-01	1.082876e-01
TCGA-HZ-A4BH-01A	4.309309e-01	5.268272e-01	0	1.004740e+00	1.323157e+00	2.583371e+00	6.134046e-01	0	6.247170e-01	0
TCGA-HZ-A49I-01A	1.537651e-01	5.239962e-01	0	1.069411e+00	1.779546e+00	2.357586e+00	5.045124e-01	2.026615e-01	1.925873e-01	7.049691e-02
TCGA-HZ-A4BK-01A	1.011438e-01	2.753334e-01	0	7.822669e-01	1.830719e+00	2.354467e+00	8.146436e-01	8.150175e-01	2.316803e-01	3.868559e-02
TCGA-M8-A5N4-01A	0	1.670257e-01	0	1.503943e+00	1.752576e+00	2.995776e+00	6.561545e-01	0	6.066169e-01	0
TCGA-F2-A44G-01A	2.254024e-02	2.971148e-02	8.535808e-02	1.562748e+00	1.720795e+00	2.783889e+00	6.467678e-01	3.653658e-01	6.260793e-01	0
TCGA-HZ-8005-01A	2.990492e-02	4.400064e-02	0	1.566013e+00	0	2.982884e+00	2.730180e-01	0	1.263148e+00	0
TCGA-PZ-A5RE-01A	1.846718e-01	1.064793e-01	0	1.599471e+00	2.109678e+00	2.203339e+00	5.266123e-01	0	7.536235e-01	6.654751e-01
TCGA-FB-A78T-01A	2.631196e-01	1.963649e-01	2.653143e-01	9.087431e-01	1.872257e+00	2.745654e+00	5.303633e-01	5.798430e-01	2.172392e-01	6.689436e-02
TCGA-FB-A5VM-01A	4.152882e-01	6.678351e-01	0	1.199982e+00	0	1.857582e+00	4.375261e-01	0	1.912779e+00	1.535510e-01
TCGA-US-A774-01A	1.709259e-01	3.495329e-01	1.991441e-01	1.432244e+00	1.075388e+00	2.547632e+00	8.082718e-01	7.559923e-01	3.451022e-01	7.580624e-02
TCGA-OE-A75W-01A	2.744230e-01	1.596411e-01	0	1.369865e+00	1.905084e+00	1.280453e+00	3.924595e-01	1.602072e-02	5.718073e-01	1.662316e-01
TCGA-US-A779-01A	4.241388e-01	6.339210e-02	0	5.446780e-01	2.164136e+00	2.269533e+00	6.360680e-01	3.821346e-01	5.633201e-01	1.860201e-01
TCGA-IB-A5SP-01A	3.843089e-01	0	1.467106e-01	3.101233e-01	2.326721e+00	2.217307e+00	4.610761e-01	2.547160e-01	4.560666e-01	1.099508e-01
TCGA-IB-A5SQ-01A	6.716316e-01	3.916295e-01	0	1.429209e+00	3.621361e-02	2.858710e+00	7.265006e-01	0	7.568406e-01	1.760702e-01
TCGA-US-A77G-01A	2.229235e-01	8.424606e-02	3.561258e-01	1.972482e-01	2.413603e+00	2.577094e+00	4.408208e-01	2.312438e-01	1.836149e-01	5.560424e-02
TCGA-US-A77E-01A	1.546287e-01	8.346783e-02	0	1.230370e+00	1.921833e+00	2.201129e+00	8.254872e-01	2.948260e-01	1.164693e-01	3.316755e-01
TCGA-Q3-A5QY-01A	0	1.314285e+00	0	1.014915e+00	9.734512e-01	2.061279e+00	7.658673e-01	0	5.991758e-01	0
TCGA-IB-A5ST-01A	0	9.264891e-01	0	1.276473e+00	1.421033e+00	2.606561e+00	1.127338e+00	0	2.400696e-01	3.576708e-01
TCGA-IB-A5SO-01A	4.032140e-01	5.161159e-01	0	1.422257e+00	1.434472e+00	2.238263e+00	5.542462e-01	2.131694e-01	2.711948e-01	1.628751e-01
TCGA-IB-A5SS-01A	8.652915e-02	1.056494e-01	0	1.797155e+00	4.976079e-01	2.949134e+00	3.978472e-01	0	1.157386e+00	8.564164e-02
TCGA-IB-A6UF-01A	1.607226e-01	0	8.112966e-02	7.002161e-01	6.055629e-01	2.597750e+00	3.654388e-01	1.022340e+00	9.490199e-01	0
TCGA-HV-A7OL-01A	1.622059e-01	5.420744e-01	0	1.164186e+00	2.154618e+00	1.204277e+00	9.458369e-02	0	9.736245e-01	4.767396e-02
TCGA-IB-A6UG-01A	1.370565e-01	4.259669e-01	4.800895e-01	5.694659e-01	3.532515e-01	2.451007e+00	3.808143e-01	8.239724e-01	8.360461e-01	0
TCGA-HZ-A77P-01A	1.733900e-01	7.240349e-03	8.122023e-02	6.694781e-01	1.262025e+00	2.314917e+00	2.221172e+00	3.364226e-01	0	4.201426e-01
TCGA-HZ-A77O-01A	1.527366e-01	1.134790e-01	4.307967e-01	1.325578e+00	6.896400e-01	2.450426e+00	4.717034e-01	5.719784e-01	1.107283e+00	1.573628e-01
TCGA-LB-A7SX-01A	2.136791e-01	2.546103e-01	0	6.008682e-01	1.578729e+00	2.466064e+00	8.770656e-01	1.507193e-01	9.029179e-01	0
TCGA-RB-A7B8-01A	2.767958e-01	3.803164e-01	0	1.799466e+00	1.623979e+00	2.340422e+00	8.121443e-01	0	9.373054e-03	1.135033e-01
TCGA-US-A776-01A	2.144464e-02	2.283255e-01	0	2.236903e-01	2.209011e+00	2.073504e+00	3.273051e-01	0	0	3.475935e+00
TCGA-HZ-A8P0-01A	9.278244e-02	2.500263e-01	9.857845e-03	1.173235e+00	1.387589e+00	2.077929e+00	7.203801e-01	9.038671e-01	1.107585e-01	1.631285e-01
TCGA-IB-A7LX-01A	0	1.415738e-01	0	8.482592e-01	9.438386e-01	2.799765e+00	3.373712e-01	6.905213e-01	1.353110e+00	9.681115e-02
TCGA-HZ-A77Q-01A	0	6.601433e-01	0	1.616395e+00	1.435815e+00	2.713512e+00	1.100771e+00	0	3.386877e-01	1.343551e-01
TCGA-IB-A7M4-01A	1.864194e-01	3.562290e-01	0	9.577550e-01	1.399168e+00	2.108339e+00	2.250754e-01	3.459776e-01	1.295034e+00	5.744253e-01
TCGA-XN-A8T5-01A	3.956106e-01	7.628432e-01	0	1.027226e+00	6.855094e-01	2.745354e+00	1.268676e+00	0	3.414007e-01	0
TCGA-LB-A8F3-01A	3.706837e-01	0	3.233220e-01	1.030557e+00	1.285165e-01	2.267821e+00	7.499156e-01	7.826546e-01	9.516098e-02	4.141783e-01
TCGA-YB-A89D-01A	4.678864e-01	1.908131e-01	0	1.473795e+00	1.608169e+00	2.274554e+00	6.940137e-01	0	2.894200e-01	2.275495e-01
TCGA-YY-A8LH-01A	2.737691e-01	1.903075e-01	0	5.920271e-01	2.554130e+00	2.531322e+00	2.672776e-01	2.471950e-02	7.466839e-01	2.879282e-01
TCGA-S4-A8RP-01A	3.887450e-01	2.025772e-01	6.003277e-04	1.193234e+00	1.688195e+00	2.716652e+00	7.982474e-01	6.025812e-01	1.770015e-01	2.892075e-01
TCGA-XN-A8T3-01A	4.000694e-01	2.043865e-01	1.835407e-01	1.138503e+00	0	2.625529e+00	4.876014e-01	7.139463e-01	6.813877e-01	0
TCGA-F2-A8YN-01A	1.267290e-01	0	0	1.318185e+00	1.789367e+00	2.265041e+00	4.690609e-01	2.844959e-01	5.624176e-01	1.265614e-01
TCGA-S4-A8RO-01A	4.089771e-01	1.935471e-01	0	1.257461e+00	1.314153e+00	2.827813e+00	3.577453e-01	1.378903e-01	9.766303e-01	1.317136e-01
TCGA-HZ-A8P1-01A	2.094830e-01	3.087281e-02	0	6.506549e-01	2.703182e+00	2.265543e+00	4.795991e-01	2.264996e-01	0	6.396701e-01
TCGA-IB-AAUM-01A	3.385101e-01	4.280144e-01	5.256239e-01	7.207628e-01	9.447808e-01	2.318812e+00	8.842714e-01	5.033393e-01	0	3.009493e-01
TCGA-IB-AAUP-01A	2.028908e-01	9.414808e-01	0	1.092728e+00	1.130629e+00	2.349228e+00	7.273621e-01	6.314144e-02	4.139534e-01	9.054384e-02
TCGA-IB-AAUT-01A	2.643726e-01	4.058165e-01	1.216568e-01	1.035442e+00	6.868117e-01	2.370894e+00	8.531269e-01	1.044167e+00	0	3.816460e-01
TCGA-YH-A8SY-01A	6.318032e-02	9.689236e-02	0	2.215236e+00	1.081605e+00	2.356370e+00	4.919316e-01	0	9.685975e-01	7.883455e-02
TCGA-IB-AAUU-01A	3.299485e-01	1.239158e-01	0	9.343070e-01	2.020042e+00	2.485538e+00	3.876785e-01	4.996535e-01	3.733179e-01	1.285175e-01
TCGA-IB-AAUS-01A	1.704621e-01	5.578852e-01	0	1.827762e+00	5.989644e-01	2.639552e+00	9.750617e-01	3.483281e-01	3.745521e-01	0
TCGA-Q3-AA2A-01A	0	3.015234e-01	0	1.262504e+00	2.605824e+00	2.467433e+00	9.154557e-01	0	3.145146e-01	3.326049e-01
TCGA-S4-A8RM-01A	1.740690e-01	2.457917e-01	0	5.898577e-01	2.985536e+00	2.891193e+00	6.058334e-01	1.088318e-01	0	1.977191e-01
TCGA-2L-AAQA-01A	1.285648e-01	2.812386e-02	0	1.191222e+00	2.425509e+00	2.490359e+00	3.206427e-01	1.181012e-02	3.024922e-01	0
TCGA-2L-AAQL-01A	4.249478e-01	6.343117e-02	6.030902e-02	8.905860e-01	1.359758e+00	1.583651e+00	8.970543e-01	5.241271e-01	3.236483e-01	2.120691e-02
TCGA-3A-A9I5-01A	6.042032e-01	3.684540e-01	0	8.611225e-01	1.430081e-01	1.785078e+00	5.675706e-01	6.502485e-01	8.704081e-03	1.838019e-01
TCGA-3A-A9I9-01A	3.464465e-01	1.244303e-01	3.922192e-01	9.206455e-01	1.010441e+00	2.001799e+00	6.754477e-01	5.632920e-01	3.845616e-01	0
TCGA-3A-A9I7-01A	2.933555e-02	2.522024e-01	4.827468e-02	1.098059e+00	1.754134e+00	2.022306e+00	1.371894e+00	4.534247e-02	4.759319e-01	2.705685e-01
TCGA-3E-AAAY-01A	2.978460e-01	3.725759e-01	1.234725e-01	9.607640e-01	1.294479e+00	2.177904e+00	8.742234e-01	6.141799e-01	1.288621e-01	0
TCGA-3E-AAAZ-01A	0	1.979505e-02	2.960876e-01	8.364800e-01	1.638845e+00	2.246713e+00	1.689315e+00	0	3.067186e-01	1.558456e-01
TCGA-F2-A7TX-01A	3.294810e-01	3.151213e-01	2.871230e-01	6.558562e-01	3.026440e-01	2.829336e+00	2.397691e-01	4.553905e-01	1.164537e+00	0
TCGA-IB-AAUN-01A	2.632791e-01	1.605824e-01	3.854040e-01	1.187646e+00	8.673881e-01	2.807433e+00	4.331623e-01	4.085181e-01	1.009605e+00	0
TCGA-IB-AAUO-01A	6.539389e-02	1.826415e-01	0	1.187826e+00	1.117883e+00	2.424473e+00	5.195931e-01	6.821432e-01	1.214890e+00	2.063628e-02
TCGA-3A-A9IC-01A	3.688821e-02	0	0	1.857475e+00	1.232240e+00	2.370455e+00	1.308743e+00	9.765147e-02	2.787334e-01	5.098405e-02
TCGA-IB-AAUR-01A	1.640785e-01	1.202628e+00	0	1.170922e+00	1.076975e+00	2.327321e+00	8.200071e-01	0	2.120140e-01	1.635542e-01
TCGA-FB-A545-01A	2.116450e-01	0	0	1.413042e+00	8.723256e-01	3.001214e+00	4.385778e-01	5.737132e-01	1.015917e+00	0
