sampleID	D8.4_MIPS-UTX-MLL2-3-COMPLEX	D7.6_WEST-ADRENOCORTICAL-TUMOR-MARKERS-DN	D11.9_RUNNE-GENDER-EFFECT-UP	D9.3_MATHEW-FANCONI-ANEMIA-GENES	D11.8_REACTOME-BETA-DEFENSINS	D7.4_GAUTSCHI-SRC-SIGNALING	D11.11_NEUROPEPTIDE-HORMONE-ACTIVITY	D9.4_REACTOME-BETA-DEFENSINS	D9.1_MODULE-42
TCGA-P7-A5NX-01A-11R-A35K-07	2.022219e+00	2.755206e-01	5.951295e-01	2.833264e+00	6.163872e-01	1.647820e+00	0	1.963098e+00	6.733608e-01
TCGA-P7-A5NY-05A-11R-A35K-07	2.207592e+00	5.878621e-01	1.171299e+00	0	3.449236e-01	1.658272e+00	0	5.791376e-01	3.718437e+00
TCGA-P7-A5NY-01A-12R-A35K-07	2.249850e+00	3.175634e-01	5.683862e-01	3.035209e-01	7.008439e-01	0	0	4.897860e-01	4.653779e+00
TCGA-P8-A5KC-11A-11R-A35K-07	8.000848e-01	4.428975e+00	8.253769e-01	1.114691e+00	5.118776e-01	6.458691e-01	0	9.646180e-01	1.021435e+00
TCGA-P8-A5KC-01A-11R-A35K-07	2.276932e+00	3.774899e-01	8.536369e-01	0	3.553667e+00	1.197270e+00	9.658090e-02	1.395628e+00	0
TCGA-P8-A5KD-11A-11R-A35K-07	8.149544e-01	5.050111e+00	0	1.005806e+00	8.994195e-01	0	0	3.173336e-01	1.031003e+00
TCGA-P8-A5KD-01A-11R-A35K-07	2.258672e+00	3.890725e-01	5.737774e-01	7.363968e-01	2.117774e-01	1.038258e+00	6.308855e-01	1.299808e-01	4.373174e+00
TCGA-P8-A6RX-01A-11R-A35K-07	2.326756e+00	0	7.685524e-01	1.042439e+00	2.181832e-02	4.655225e+00	0	1.955241e+00	0
TCGA-P8-A6RY-01A-12R-A35K-07	1.598727e+00	3.963459e-01	8.090121e-01	2.710227e+00	9.144653e-01	1.501986e+00	0	2.512894e+00	1.804553e-01
TCGA-PR-A5PF-01A-11R-A35K-07	1.905702e+00	0	8.066481e-02	1.035311e+00	3.606563e+00	0	6.304630e-01	9.019838e-01	1.003176e+00
TCGA-PR-A5PG-01A-11R-A35K-07	2.354755e+00	0	7.045355e-01	1.483832e-01	4.452439e-01	5.215298e-01	0	6.333032e-01	4.650262e+00
TCGA-PR-A5PH-01A-11R-A35K-07	2.039161e+00	2.114171e-01	5.667200e-01	2.649637e-01	4.008761e+00	0	0	7.219593e-01	8.382087e-01
TCGA-QR-A6GO-01A-11R-A35K-07	1.541979e+00	5.561784e-01	1.491405e+00	9.244952e-01	1.779690e-01	1.531832e+00	2.069817e-01	1.445975e+00	3.170946e+00
TCGA-QR-A6GR-01A-11R-A35K-07	1.170167e+00	1.532286e+00	6.572419e-01	5.849406e-01	0	1.757001e+00	2.443492e-01	1.223498e+00	3.238334e+00
TCGA-QR-A6GS-01A-11R-A35K-07	2.225048e+00	1.754948e-01	1.016444e+00	7.165141e-02	7.686860e-01	1.948779e+00	7.829656e-02	1.446628e+00	3.065695e+00
TCGA-QR-A6GT-01A-11R-A35K-07	2.100028e+00	6.257674e-01	1.325410e+00	3.035980e+00	1.805046e-01	3.824430e+00	0	0	5.532111e-02
TCGA-QR-A6GU-01A-11R-A35K-07	2.369244e+00	0	5.644465e-01	3.187385e+00	4.280577e-01	2.512347e+00	0	1.201897e+00	0
TCGA-QR-A6GW-01A-11R-A35K-07	1.884174e+00	2.092885e-01	9.631779e-01	1.407045e+00	0	1.607126e+00	8.425887e-01	5.023293e-01	4.172100e+00
TCGA-QR-A6GX-01A-11R-A35K-07	2.005435e+00	1.569803e-01	5.502433e-01	3.613351e+00	1.029584e+00	1.452325e+00	0	1.197663e+00	0
TCGA-QR-A6GY-01A-11R-A35K-07	1.850955e+00	1.648359e-01	6.313522e-01	2.418826e-01	1.832152e+00	1.006271e+00	0	3.741935e+00	5.116387e-01
TCGA-QR-A6GZ-05A-11R-A35K-07	1.456393e+00	0	4.324164e-01	1.762917e+00	1.969363e-01	3.760451e+00	0	2.158822e+00	4.275444e-01
TCGA-QR-A6GZ-01A-11R-A35K-07	1.463092e+00	2.331666e-01	5.442883e-01	8.589808e-01	1.739959e-01	4.599603e+00	0	2.097749e+00	8.012491e-02
TCGA-QR-A6H0-01A-11R-A35K-07	1.007253e+00	3.530983e-01	9.945833e-01	4.470975e+00	4.707003e-01	3.044483e+00	0	0	0
TCGA-QR-A6H1-01A-11R-A35K-07	1.462528e+00	3.550685e-01	8.434860e-01	4.304787e-01	2.047151e-01	9.895807e-01	1.138949e-01	1.420898e+00	3.939811e+00
TCGA-QR-A6H2-01A-11R-A35K-07	6.417730e-01	6.379400e-01	1.009064e+00	2.572755e+00	1.823519e-01	1.336768e+00	3.027906e-01	3.450913e+00	1.080185e+00
TCGA-QR-A6H3-01A-11R-A35K-07	2.424857e-01	2.640770e-01	8.863675e-01	4.949033e+00	0	3.289494e+00	0	0	2.046678e-01
TCGA-QR-A6H4-01A-11R-A35K-07	1.277489e+00	4.360556e-01	1.132902e+00	3.098270e-01	1.273865e+00	1.341667e+00	1.179814e-01	9.209744e-01	3.599596e+00
TCGA-QR-A6H5-01A-11R-A35K-07	2.588207e+00	2.333252e-02	4.229523e-01	3.210820e-01	5.387702e-01	4.419836e+00	0	1.747976e+00	1.733221e-01
TCGA-QR-A6H6-01A-11R-A35K-07	2.031589e+00	4.641548e-02	4.678796e-01	3.992467e+00	3.918104e-01	2.351636e+00	0	1.322886e-01	4.252741e-01
TCGA-QR-A6ZZ-01A-11R-A35K-07	1.761842e+00	0	0	9.727395e-01	2.218779e-01	4.170565e+00	0	1.918566e+00	2.865726e-01
TCGA-QR-A700-01A-11R-A35K-07	1.356888e+00	9.400537e-01	5.119184e-01	2.496736e+00	5.717610e-01	1.835229e+00	1.268522e+00	1.703328e+00	3.969340e-01
TCGA-QR-A702-01A-11R-A35K-07	1.541362e+00	2.199124e-01	7.622276e-01	1.951877e+00	1.024101e-01	7.293757e-01	0	1.671997e+00	3.559315e+00
TCGA-QR-A703-01A-11R-A35K-07	1.599279e+00	8.973238e-02	5.104891e-01	1.359025e+00	0	3.692574e+00	0	2.393551e+00	5.250950e-01
TCGA-QR-A705-01A-11R-A35K-07	1.078885e+00	9.895620e-02	8.109595e-01	4.039397e+00	3.095720e-01	2.355595e+00	0	1.463361e+00	1.599832e-01
TCGA-QR-A706-01A-11R-A35K-07	2.056561e+00	2.775344e-01	5.507372e-01	5.773620e-01	5.932214e-01	3.822892e+00	0	2.179187e+00	8.776094e-02
TCGA-QR-A707-01A-11R-A35K-07	1.519586e+00	1.167226e-01	3.107184e-01	2.059106e+00	3.030292e-02	1.558929e-01	1.101775e-01	1.347480e+00	4.118560e+00
TCGA-QR-A708-01A-11R-A35K-07	5.051751e-01	2.976726e-01	1.022577e-01	3.033609e+00	8.500781e-01	9.763075e-01	1.154307e+00	1.866774e+00	1.088879e+00
TCGA-QR-A70A-01A-11R-A35K-07	5.870840e-01	2.401741e-01	6.923701e-01	2.831148e+00	2.604094e-01	2.399587e+00	0	2.832757e+00	4.141302e-01
TCGA-QR-A70C-01A-21R-A35K-07	1.171634e+00	2.324418e-01	7.414772e-01	3.899177e-01	3.570593e+00	1.071164e+00	4.602605e-01	1.506536e+00	5.705772e-01
TCGA-QR-A70D-01A-11R-A35K-07	2.107860e+00	1.359996e-01	5.610701e-01	3.935633e+00	2.656911e-01	1.894076e+00	0	4.109132e-02	1.063425e+00
TCGA-QR-A70E-01A-11R-A35K-07	1.708636e+00	4.304220e-02	3.483597e-01	2.974837e+00	2.386117e-01	1.152124e+00	0	1.622342e+00	1.782428e+00
TCGA-QR-A70G-01B-11R-A35K-07	1.804644e+00	2.103206e+00	7.874928e-01	8.733128e-02	1.658228e+00	5.909518e-01	7.195046e-01	1.730582e+00	1.444891e+00
TCGA-QR-A70H-01A-12R-A35K-07	1.616274e+00	2.595250e-02	1.247342e-01	9.862336e-01	3.251100e+00	0	6.008782e-01	1.397100e+00	1.033791e+00
TCGA-QR-A70I-01A-11R-A35K-07	2.574173e+00	0	1.414384e+00	2.854243e+00	1.845163e-01	2.945105e+00	0	9.827704e-01	7.629926e-01
TCGA-QR-A70J-01A-11R-A35K-07	1.889750e+00	3.214263e-01	1.142494e+00	2.856568e-01	3.599908e-01	4.726398e+00	0	9.062835e-01	1.154595e+00
TCGA-QR-A70K-01A-12R-A35K-07	1.561047e+00	3.031078e-01	1.184456e+00	1.014234e+00	0	7.666379e-01	0	8.375826e-01	4.558996e+00
TCGA-QR-A70M-01A-11R-A35K-07	1.100251e+00	4.147161e-01	7.437526e-01	1.016228e+00	0	8.003806e-01	4.032136e-01	9.882881e-01	4.410064e+00
TCGA-QR-A70N-01A-12R-A35K-07	1.652928e+00	1.190046e-01	4.958467e-01	6.552009e-01	1.922248e-01	4.638029e+00	0	2.162299e+00	2.092280e-01
TCGA-QR-A70O-01A-11R-A35K-07	7.695767e-01	4.326231e-01	4.744381e-01	9.494104e-01	4.842291e-01	1.053183e+00	3.105475e-01	7.373878e-01	4.190605e+00
TCGA-QR-A70P-01A-11R-A35K-07	1.489115e+00	0	3.178546e-01	5.076519e+00	3.838040e-01	1.503607e+00	0	0	6.514432e-01
TCGA-QR-A70Q-01A-13R-A35K-07	1.111522e+00	1.785362e-01	1.110157e+00	4.179810e+00	3.135615e-01	2.587388e+00	0	1.149547e+00	2.695141e-02
TCGA-QR-A70R-01A-11R-A35K-07	1.089752e+00	3.748698e-01	7.356506e-01	4.783370e-01	1.564855e+00	1.000091e+00	0	2.412891e+00	1.617624e+00
TCGA-QR-A70T-01A-11R-A35K-07	9.916037e-01	0	6.806149e-01	3.852839e+00	2.816797e-01	1.622018e+00	0	1.782088e+00	1.306138e+00
TCGA-QR-A70U-01A-11R-A35K-07	1.500000e+00	2.902869e-01	9.289111e-01	1.444181e+00	3.293015e-01	7.209008e-01	7.720468e-02	6.676333e-01	4.284610e+00
TCGA-QR-A70V-01A-11R-A35K-07	9.837996e-01	1.373392e-01	2.503829e-01	3.028293e+00	0	0	0	7.107557e-01	4.357182e+00
TCGA-QR-A70W-01A-12R-A35K-07	8.425777e-01	3.046196e-01	6.220992e-01	1.536615e+00	0	5.466178e-01	3.008355e-02	7.441941e-01	4.963573e+00
TCGA-QR-A70X-01A-11R-A35K-07	1.221091e+00	1.553024e+00	8.412846e-01	6.694032e-01	5.596505e-01	1.023283e+00	1.277133e+00	6.661703e-01	3.533770e+00
TCGA-QR-A7IN-01A-11R-A35K-07	1.716826e+00	1.843691e-01	4.437993e-01	1.466018e+00	0	2.634276e+00	0	2.894692e+00	7.313807e-01
TCGA-QR-A7IP-01A-11R-A35K-07	1.840378e+00	1.346602e-01	3.472754e-01	3.764377e+00	3.196486e-01	1.772367e+00	0	9.331236e-01	6.122576e-01
TCGA-QT-A5XJ-01A-11R-A35K-07	1.871262e+00	5.455648e-01	3.667634e-01	3.457711e+00	8.048557e-01	1.377131e+00	0	5.477705e-01	6.666214e-01
TCGA-QT-A5XK-01A-11R-A35K-07	2.269032e+00	2.451628e-01	8.345570e-01	2.121278e-01	5.561705e-01	1.083319e+00	1.614639e-01	3.328650e-01	4.441208e+00
TCGA-QT-A5XL-01A-11R-A35K-07	2.414972e+00	1.484344e-02	1.017693e+00	7.907378e-01	1.162059e-01	4.473506e+00	0	2.208284e+00	0
TCGA-QT-A5XM-01A-11R-A35K-07	2.377652e+00	4.694518e-01	1.088650e+00	1.163307e-01	6.666821e-01	1.292685e+00	4.658251e-01	1.279222e+00	2.941886e+00
TCGA-QT-A5XN-01A-11R-A35K-07	2.194780e+00	2.747008e-01	1.283213e+00	1.615706e+00	0	1.200136e+00	2.750318e-01	6.788619e-01	4.202552e+00
TCGA-QT-A5XO-01A-11R-A35K-07	2.085712e+00	1.357527e+00	4.061783e-01	4.331919e-01	2.220347e-01	8.618949e-01	1.139479e-01	1.433919e+00	3.251652e+00
TCGA-QT-A5XP-01A-11R-A35K-07	2.242919e+00	3.826538e-01	9.224414e-01	3.283002e-01	8.235434e-01	1.484184e+00	7.018675e-01	1.359000e+00	2.757093e+00
TCGA-QT-A69Q-01A-11R-A35K-07	2.056023e+00	5.293868e-01	7.825031e-01	1.423291e+00	7.988368e-03	1.801294e+00	0	3.442987e+00	8.389878e-01
TCGA-QT-A7U0-01A-11R-A35K-07	2.541401e+00	0	5.408628e-01	1.307551e+00	0	2.546363e+00	0	2.395795e+00	1.016526e+00
TCGA-RM-A68T-01A-11R-A35K-07	1.756347e+00	4.019885e-01	1.391363e+00	3.973273e+00	3.809956e-01	3.347232e+00	0	0	0
TCGA-RM-A68W-01A-11R-A35K-07	8.218406e-01	3.546661e-01	8.382333e-01	4.276735e+00	2.631599e-01	2.673331e+00	0	8.693548e-01	0
TCGA-RT-A6Y9-01A-12R-A35K-07	1.553904e+00	5.300254e-01	8.098906e-01	2.855503e+00	6.524435e-01	1.349455e+00	2.745291e-01	2.230855e+00	8.696296e-01
TCGA-RT-A6YA-01A-12R-A35K-07	1.354539e+00	3.148116e-01	1.333402e+00	0	8.528366e-01	1.913582e+00	2.299989e-01	1.675843e+00	3.360103e+00
TCGA-RT-A6YC-01A-12R-A35K-07	2.576453e+00	2.840772e-01	1.908252e+00	5.181908e-01	5.710059e-01	2.052768e+00	5.199427e-01	7.885607e-01	3.315824e+00
TCGA-RW-A67V-01A-11R-A35K-07	1.971126e-01	5.066107e-01	3.868891e-01	1.803478e+00	0	6.265652e-01	0	3.571081e+00	1.879124e+00
TCGA-RW-A67W-01A-11R-A35K-07	8.306898e-01	7.831042e-01	4.984326e-01	8.362188e-01	4.701746e-01	7.860047e-01	6.770156e-01	1.364353e+00	3.781743e+00
TCGA-RW-A67X-01A-11R-A35K-07	1.846080e+00	3.134584e-01	8.420986e-01	3.618641e-01	2.308113e-02	4.934936e+00	7.630721e-02	2.319123e+00	1.147510e-01
TCGA-RW-A67Y-01A-11R-A35K-07	2.131344e+00	0	2.484478e-01	2.214401e+00	9.363140e-02	0	0	7.963692e-01	4.209136e+00
TCGA-RW-A680-01A-11R-A35K-07	8.600809e-01	0	5.120570e-01	4.439315e+00	1.066304e+00	2.103756e+00	0	0	3.164842e-01
TCGA-RW-A681-01A-11R-A35K-07	1.282404e+00	0	0	4.325644e+00	0	0	0	3.967596e+00	2.936838e-01
TCGA-RW-A684-01A-12R-A35K-07	1.287428e+00	5.590733e-01	9.144279e-01	6.684592e-01	2.025550e-01	9.341385e-01	2.512899e-01	1.603167e+00	3.642444e+00
TCGA-RW-A685-01A-11R-A35K-07	1.062754e+00	1.621885e+00	3.089385e-01	1.333003e+00	2.702688e-01	5.543051e-01	8.253134e-01	3.891410e-01	3.885284e+00
TCGA-RW-A686-06A-11R-A35K-07	1.256915e+00	4.054910e-02	8.724468e-01	1.226933e+00	2.900348e+00	8.081996e-01	2.133858e-01	1.503172e+00	9.679178e-01
TCGA-RW-A686-01A-11R-A35K-07	1.420966e+00	7.874103e-02	6.923223e-01	1.322887e+00	2.801859e+00	4.539443e-01	1.760397e-01	1.626581e+00	9.619602e-01
TCGA-RW-A688-01A-11R-A35K-07	1.898192e+00	4.148051e-02	3.068015e-01	2.505032e+00	8.048239e-02	0	0	6.955537e-01	4.284892e+00
TCGA-RW-A689-01A-11R-A35K-07	1.805325e+00	5.833395e-01	1.285842e+00	4.597505e-01	2.695343e-01	1.151847e+00	4.838994e-01	8.670634e-01	4.263811e+00
TCGA-RW-A68A-01A-11R-A35K-07	1.956436e+00	1.206226e-01	4.794747e-01	6.640026e-01	4.291861e-01	6.866570e-01	0	5.331433e-01	4.180382e+00
TCGA-RW-A68B-01A-11R-A35K-07	2.117520e+00	3.959125e-02	5.661524e-01	1.209193e+00	2.994482e-01	7.806863e-01	0	6.106372e-01	3.968339e+00
TCGA-RW-A68C-01A-11R-A35K-07	2.130257e+00	1.098634e-01	4.616901e-01	5.232637e-02	3.911338e-01	4.426691e+00	0	2.559224e+00	0
TCGA-RW-A68D-01A-11R-A35K-07	2.129682e+00	1.445584e-02	2.876934e-01	2.418938e+00	5.085134e-01	1.489306e+00	0	1.624306e+00	1.486893e+00
TCGA-RW-A68F-01A-11R-A35K-07	1.522900e+00	4.605856e-02	2.574416e-01	4.692072e+00	1.110092e-01	1.515841e+00	0	1.871066e+00	0
TCGA-RW-A68G-01A-11R-A35K-07	6.850551e-01	2.091476e+00	6.617074e-01	4.475396e-01	9.652417e-01	1.039649e+00	2.773351e-01	2.385633e+00	1.726757e+00
TCGA-RW-A7CZ-01A-11R-A35K-07	2.021357e+00	8.233985e-02	3.587781e-01	4.185915e+00	1.129456e-01	2.422960e+00	0	5.782475e-01	1.111923e-01
TCGA-RW-A7D0-01A-11R-A35K-07	1.662599e+00	3.764802e-01	5.610900e-01	5.890586e-01	2.733698e-01	1.256336e+00	7.495815e-01	9.674322e-01	3.673930e+00
TCGA-RW-A8AZ-01A-11R-A35K-07	1.820878e+00	1.933038e-01	1.213441e+00	1.177375e+00	3.043225e+00	1.119298e+00	7.672209e-01	1.640085e+00	0
TCGA-RX-A8JQ-01A-11R-A35L-07	2.401771e+00	6.333811e-02	1.060626e+00	6.867441e-01	3.730670e-02	1.890977e+00	2.424970e-01	1.082167e+00	3.313053e+00
TCGA-S7-A7WL-01A-11R-A35L-07	2.076672e+00	6.772367e-02	1.047990e+00	1.488646e+00	0	1.090755e+00	0	1.345844e+00	4.020901e+00
TCGA-S7-A7WM-01A-12R-A35L-07	1.856178e+00	6.677734e-01	1.560848e+00	1.399476e+00	7.484316e-02	2.010144e+00	9.548337e-01	7.788783e-01	3.335250e+00
TCGA-S7-A7WN-01A-12R-A35L-07	2.148400e+00	3.028000e-01	1.501705e+00	9.035419e-01	0	1.563520e+00	6.811700e-01	1.366107e+00	3.367294e+00
TCGA-S7-A7WO-01A-11R-A35L-07	9.967266e-01	3.736564e+00	3.017423e-01	6.840292e-01	4.425414e-01	6.627610e-01	2.948397e-01	4.983816e-01	2.178422e+00
TCGA-S7-A7WP-01A-11R-A35L-07	2.535944e+00	9.282717e-02	1.235164e-01	3.038056e-01	0	3.677558e+00	0	2.931506e+00	0
TCGA-S7-A7WQ-01A-12R-A35L-07	2.395628e+00	0	4.148656e-01	2.831836e-01	1.465610e-01	4.834902e+00	0	2.054231e+00	0
TCGA-S7-A7WR-01A-11R-A35L-07	2.149471e+00	3.081475e-01	9.711045e-01	8.386524e-01	1.847826e-01	7.599944e-01	1.390598e-01	4.293758e-01	4.690017e+00
TCGA-S7-A7WT-01A-12R-A35L-07	1.708795e+00	2.785277e-01	1.455808e+00	1.138152e+00	8.210050e-01	9.340224e-01	0	2.786941e+00	2.055410e+00
TCGA-S7-A7WU-01A-11R-A35L-07	1.622385e+00	1.547759e-01	5.513330e-01	2.352923e+00	9.620506e-01	1.606409e+00	0	2.495190e+00	6.636102e-01
TCGA-S7-A7WV-01A-11R-A35L-07	1.739050e+00	1.880018e+00	1.623731e+00	6.490219e-01	1.629968e-01	3.283165e+00	5.756615e-01	1.357740e+00	9.147313e-01
TCGA-S7-A7WW-01A-11R-A35L-07	1.562904e+00	1.624322e+00	7.418927e-01	1.584689e+00	0	2.578618e+00	3.278591e-01	3.020790e+00	0
TCGA-S7-A7WX-01A-11R-A35L-07	1.757631e+00	6.234147e-01	9.424217e-01	5.457099e-01	3.022138e-01	1.187000e+00	2.864058e-01	4.763455e-01	4.228476e+00
TCGA-S7-A7X0-01A-12R-A35L-07	2.237779e+00	7.064921e-02	8.526804e-01	9.096055e-01	4.587599e-01	3.361989e+00	0	2.238486e+00	4.723355e-01
TCGA-S7-A7X1-01A-11R-A35L-07	2.269703e+00	0	4.998165e-01	7.510838e-01	2.222002e-01	4.547184e+00	0	2.116882e+00	1.282430e-01
TCGA-S7-A7X2-01A-12R-A35L-07	1.482586e+00	4.654304e-01	9.182325e-01	5.737238e-01	3.210792e-01	1.057306e+00	5.052523e-01	3.285823e-01	4.672007e+00
TCGA-SA-A6C2-01A-11R-A35L-07	1.968041e+00	3.635879e-01	1.064502e+00	2.755485e+00	4.222704e-02	1.584796e+00	0	2.081994e+00	1.209997e+00
TCGA-SP-A6QC-01A-11R-A35L-07	5.368632e-01	8.868030e-01	1.119421e+00	1.486197e+00	3.835201e-02	1.181546e+00	1.123751e-01	4.603892e-01	4.212378e+00
TCGA-SP-A6QD-01A-12R-A35L-07	1.564909e+00	1.246338e-01	1.069023e+00	3.770947e+00	2.930534e-01	3.066543e+00	0	1.036169e+00	0
TCGA-SP-A6QF-01A-12R-A35L-07	5.825627e-01	6.022980e-01	1.421950e+00	9.698743e-01	4.474500e-01	1.175388e+00	6.597505e-01	9.362042e-01	4.356458e+00
TCGA-SP-A6QG-01A-12R-A35L-07	1.866703e+00	9.088869e-02	3.810964e-01	3.445093e+00	1.810793e-01	1.771973e+00	0	7.296749e-01	1.197365e+00
TCGA-SP-A6QH-01A-21R-A35L-07	1.299373e+00	7.020820e-01	5.976402e-01	6.583517e-01	1.229173e+00	3.881744e+00	0	1.031560e+00	0
TCGA-SP-A6QI-01A-12R-A35L-07	1.436601e+00	2.755011e-01	1.212755e+00	1.517189e+00	7.205860e-02	6.794401e-01	0	1.015031e+00	4.316821e+00
TCGA-SP-A6QJ-01A-11R-A35L-07	1.308481e+00	4.123144e-01	7.112151e-01	7.392343e-01	5.780979e-01	1.032923e+00	7.760688e-01	9.146865e-01	3.851415e+00
TCGA-SP-A6QK-01A-11R-A35L-07	9.919173e-01	2.556074e+00	8.951734e-01	4.204788e-01	2.467249e-01	1.186935e+00	5.887243e-01	6.875970e-01	3.247929e+00
TCGA-SQ-A6I4-11A-11R-A35L-07	1.317840e+00	5.234918e+00	7.063575e-01	1.191689e+00	8.928441e-01	2.553793e-01	0	4.419151e-01	2.407058e-01
TCGA-SQ-A6I4-01A-11R-A35L-07	1.898221e+00	7.689603e-01	1.126320e+00	2.218317e+00	1.972426e-01	2.047474e+00	1.504173e+00	1.957214e-01	2.345087e+00
TCGA-SQ-A6I6-01A-11R-A35L-07	2.305957e+00	0	5.597447e-01	1.338727e+00	4.639821e-01	3.147526e-01	0	1.649117e-01	4.827877e+00
TCGA-SR-A6MP-01A-11R-A35L-07	2.223767e+00	7.769079e-01	7.321126e-01	7.992283e-03	3.085978e-01	1.406364e+00	2.252076e-01	1.210451e+00	3.441988e+00
TCGA-SR-A6MQ-01A-11R-A35L-07	2.158128e+00	2.093058e-01	9.814518e-01	1.123004e+00	1.562080e-01	1.241998e+00	1.731628e-01	8.609290e-01	3.736951e+00
TCGA-SR-A6MR-01A-11R-A35L-07	1.422079e+00	2.995289e-01	1.612180e+00	2.543155e+00	2.781929e-01	2.587379e+00	0	1.916569e+00	9.592166e-01
TCGA-SR-A6MS-01A-11R-A35L-07	1.441882e+00	6.194074e-01	6.061646e-01	1.066807e+00	4.784978e-01	1.723691e+00	3.021925e-01	4.078900e+00	0
TCGA-SR-A6MT-01A-11R-A35L-07	1.969912e+00	3.056383e-01	5.409448e-01	3.610341e+00	0	1.254510e+00	1.319069e-01	3.166320e+00	1.399400e-01
TCGA-SR-A6MU-01A-11R-A35L-07	5.775694e-01	2.215231e+00	2.473574e-01	7.453181e-01	3.131318e-01	6.305528e-01	7.158172e-01	2.206718e+00	2.158760e+00
TCGA-SR-A6MV-01A-11R-A35L-07	6.430861e-01	4.103671e-01	7.074615e-01	7.868707e-01	5.338589e-01	2.239904e+00	0	2.086811e+00	2.206062e+00
TCGA-SR-A6MX-05A-11R-A35L-07	1.375401e-01	4.142092e-01	7.881246e-02	4.673981e+00	0	2.849093e+00	1.228626e-01	2.350251e-01	6.775871e-01
TCGA-SR-A6MX-06A-11R-A35L-07	1.802267e+00	4.608080e-02	0	5.225730e+00	4.218547e-02	1.703561e+00	0	0	3.025059e-01
TCGA-SR-A6MX-01A-11R-A35L-07	1.776961e+00	5.011387e-01	7.677020e-02	4.744715e+00	7.329674e-02	1.840986e+00	2.886034e-02	0	3.020864e-01
TCGA-SR-A6MY-01A-11R-A35L-07	1.930599e+00	3.811984e-01	1.404773e+00	9.482258e-01	2.602292e-01	1.837128e+00	5.493699e-01	8.658109e-01	3.546966e+00
TCGA-SR-A6MZ-01A-11R-A35L-07	1.484838e+00	1.993780e+00	5.951604e-01	0	3.601783e-01	8.334746e-01	4.050394e-01	6.199906e-01	3.771359e+00
TCGA-SR-A6N0-01A-11R-A35L-07	1.587174e+00	2.849275e+00	5.637726e-01	1.529157e+00	2.731493e-01	1.306962e+00	1.748264e-01	2.598579e+00	1.761184e-01
TCGA-TT-A6YJ-01A-11R-A35L-07	1.940793e+00	3.027006e-02	3.383408e-01	2.431576e+00	0	0	0	2.448987e-01	4.605065e+00
TCGA-TT-A6YK-01A-11R-A35L-07	1.581504e+00	3.051768e-01	1.384432e+00	8.090435e-01	4.829422e-01	3.280772e+00	0	1.851027e+00	1.298515e+00
TCGA-TT-A6YN-01A-12R-A35L-07	2.301823e+00	3.079171e-01	7.086125e-01	7.896261e-01	4.242965e-01	3.671158e-01	0	8.637867e-01	4.165794e+00
TCGA-TT-A6YO-01A-11R-A35L-07	2.265321e-01	5.708537e+00	3.730245e-01	1.719799e+00	5.007696e-01	0	0	8.093780e-01	3.253166e-01
TCGA-TT-A6YP-01A-21R-A35L-07	2.593970e+00	0	0	2.286054e-01	3.707848e-01	4.290262e+00	0	2.039673e+00	0
TCGA-W2-A7H5-01B-11R-A35L-07	2.118519e+00	2.079334e-01	2.267380e-01	7.468483e-02	1.136497e+00	2.110160e-01	0	2.169370e-01	4.414424e+00
TCGA-W2-A7H7-01A-11R-A35L-07	1.459695e+00	6.479559e-01	2.562054e-01	3.379846e+00	6.730109e-02	2.661980e+00	4.278217e-02	1.004241e+00	2.257872e-01
TCGA-W2-A7HA-01B-11R-A35L-07	2.421537e+00	3.620091e-01	7.236504e-01	8.914057e-03	0	1.584228e+00	6.933076e-02	5.331041e-01	4.147497e+00
TCGA-W2-A7HB-01A-11R-A35L-07	2.202499e+00	9.794270e-01	3.046382e-01	1.155651e+00	3.904293e-02	0	1.775850e-01	1.702149e-01	4.641279e+00
TCGA-W2-A7HC-01A-11R-A35L-07	1.974973e+00	3.619266e-01	1.051512e+00	7.398345e-01	3.535899e-01	1.319640e+00	5.276299e-01	1.899053e-01	4.353633e+00
TCGA-W2-A7HD-01A-11R-A35L-07	1.888735e+00	3.627835e-01	4.900812e-01	1.356188e+00	0	6.142525e-01	5.483693e-01	4.787294e-01	4.686256e+00
TCGA-W2-A7HE-01A-11R-A35L-07	1.603775e+00	2.183653e+00	3.465803e-01	6.314338e-01	3.962230e-01	1.588246e-01	5.878657e-01	1.396186e-01	3.867603e+00
TCGA-W2-A7HF-01A-11R-A35L-07	1.799350e+00	3.181892e-01	4.848995e-02	1.116448e+00	2.998435e-01	4.906419e-01	0	8.356062e-02	4.486836e+00
TCGA-W2-A7HH-01A-11R-A35L-07	2.384973e+00	6.817683e-02	4.030213e-01	2.060188e+00	6.591147e-01	1.024122e+00	0	1.320897e+00	1.878867e+00
TCGA-W2-A7UY-01A-11R-A35L-07	7.271901e-01	4.232655e-01	3.331170e-01	6.321115e-02	0	3.686422e+00	2.949744e-01	1.069469e+00	2.833760e+00
TCGA-WB-A80K-01A-11R-A35L-07	2.483452e+00	3.514255e-01	5.624031e-01	1.046965e+00	3.238057e+00	3.591879e-01	6.909746e-01	0	1.042819e+00
TCGA-WB-A80L-01A-11R-A35L-07	1.763793e+00	1.167480e+00	4.585221e-01	5.705944e-01	2.837921e-01	1.614233e+00	8.616526e-02	3.548912e+00	6.109827e-01
TCGA-WB-A80M-01A-11R-A35L-07	1.255216e+00	3.785189e-01	6.668800e-01	1.709555e+00	2.652165e-01	8.170863e-01	3.489298e-02	3.226522e+00	1.425113e+00
TCGA-WB-A80N-01A-11R-A35L-07	1.871991e+00	4.581032e-01	9.057435e-01	1.086328e+00	3.249471e-01	1.217195e+00	5.012835e-01	1.106336e-02	4.309063e+00
TCGA-WB-A80O-01A-11R-A35L-07	2.269487e+00	5.685795e-01	1.308243e+00	2.232046e-01	7.145803e-01	1.515829e+00	4.995390e-01	0	4.088833e+00
TCGA-WB-A80P-01A-11R-A35L-07	2.067658e+00	0	6.375039e-01	3.644691e+00	0	2.582581e+00	0	5.113003e-01	7.386633e-01
TCGA-WB-A80Q-01A-11R-A35L-07	4.960396e-01	2.923316e-01	0	4.958847e-01	4.000754e+00	7.427675e-02	0	1.953801e+00	5.296916e-01
TCGA-WB-A80V-01A-12R-A35L-07	1.085516e+00	1.133682e-01	0	1.497537e+00	2.548826e-01	0	1.820996e-01	2.218807e-01	5.573321e+00
TCGA-WB-A80Y-01A-11R-A35L-07	1.593292e+00	5.484907e-01	3.775593e-01	1.140509e+00	1.176276e+00	1.084839e+00	8.512661e-02	3.732318e+00	5.625261e-01
TCGA-WB-A814-01A-11R-A35L-07	1.940624e+00	1.142086e-01	3.676886e-01	1.058511e+00	0	3.407822e+00	0	2.459982e+00	5.828486e-01
TCGA-WB-A815-01A-11R-A35L-07	1.701974e+00	5.769910e-01	8.109152e-01	1.071268e+00	1.009142e+00	2.062949e+00	0	2.926284e+00	3.743435e-01
TCGA-WB-A816-01A-11R-A35L-07	1.319677e+00	2.622735e+00	2.862168e-01	2.310616e-01	4.646353e-01	1.008665e+00	3.911960e-01	1.853090e+00	1.439304e+00
TCGA-WB-A817-01A-11R-A35L-07	1.849588e+00	2.006982e+00	5.776295e-01	9.089055e-01	0	1.540876e+00	2.411828e-01	3.032490e+00	6.106139e-01
TCGA-WB-A818-01A-11R-A35L-07	2.173185e+00	3.703252e-01	5.289262e-01	9.362813e-01	1.559204e-01	6.886780e-01	6.409751e-01	6.188615e-01	4.181421e+00
TCGA-WB-A819-01A-11R-A35L-07	1.974875e+00	2.649631e-01	7.649541e-01	9.796807e-01	2.951615e-01	9.244884e-01	6.344572e-01	0	4.554557e+00
TCGA-WB-A81A-01A-11R-A35L-07	1.554509e+00	4.217514e-01	1.441991e-01	2.616769e+00	3.163825e-01	1.231000e+00	0	3.710552e+00	6.041303e-02
TCGA-WB-A81D-01A-11R-A35L-07	2.185986e+00	7.208003e-01	5.578465e-01	4.910425e-01	7.674087e-02	5.907544e-01	2.850966e-01	4.522327e-01	4.794640e+00
TCGA-WB-A81E-01A-11R-A35L-07	2.070789e+00	0	4.529748e-01	3.401464e+00	1.424942e-01	2.271369e+00	0	9.650950e-01	7.817046e-01
TCGA-WB-A81F-01A-11R-A35L-07	2.206728e+00	1.209350e-01	8.200506e-01	9.291261e-01	2.887918e-01	2.029849e+00	4.025272e-01	1.322163e+00	2.502409e+00
TCGA-WB-A81G-01A-11R-A35L-07	1.912307e+00	4.118478e-01	6.536523e-01	3.880032e+00	0	2.649374e+00	0	5.066458e-02	5.760937e-01
TCGA-WB-A81H-01A-11R-A35L-07	1.713299e+00	1.977219e+00	7.797708e-01	3.245823e-01	4.636758e-01	1.100530e+00	7.015602e-01	9.341859e-01	3.021004e+00
TCGA-WB-A81I-01A-11R-A35L-07	1.823240e+00	6.077033e-01	6.061318e-01	2.163058e+00	5.392370e-01	1.103047e+00	2.634773e-01	3.691999e+00	0
TCGA-WB-A81J-01A-11R-A35L-07	1.629182e+00	4.601703e-01	9.600491e-01	1.709263e+00	0	1.326502e+00	3.091496e-01	1.767473e+00	3.259556e+00
TCGA-WB-A81K-01A-11R-A35L-07	1.555171e+00	1.535845e+00	3.754228e-01	4.483483e-01	0	1.884214e+00	2.918623e-01	2.775729e+00	1.232810e+00
TCGA-WB-A81M-01A-11R-A35L-07	1.575784e+00	2.233222e-01	3.020944e-01	1.650727e+00	5.718736e-01	0	0	3.475638e+00	1.574657e+00
TCGA-WB-A81N-01A-11R-A35L-07	2.016425e+00	2.167752e-01	5.030771e-01	1.149828e+00	6.248010e-01	1.313150e+00	6.149786e-01	1.106989e+00	3.122765e+00
TCGA-WB-A81P-01A-11R-A35L-07	2.050667e+00	3.982546e-01	8.376004e-01	2.026469e+00	7.395103e-01	8.422677e-01	2.387005e-01	2.085675e+00	2.053531e+00
TCGA-WB-A81Q-01A-11R-A35L-07	2.098527e+00	4.758041e-02	4.770448e-01	7.899065e-01	3.729135e-02	9.435339e-01	3.101794e-01	6.999392e-01	4.203030e+00
TCGA-WB-A81R-01A-11R-A35L-07	1.760632e+00	3.605723e-01	8.028718e-02	1.047839e+00	7.137546e-01	0	6.716915e-01	4.615827e-01	4.698714e+00
TCGA-WB-A81S-01A-11R-A35L-07	2.371610e+00	1.478832e-01	1.296968e+00	2.428892e-01	3.950109e-01	1.774020e+00	1.261688e-01	1.401541e+00	3.178149e+00
TCGA-WB-A81T-01A-11R-A35L-07	1.989806e+00	1.157721e+00	5.186443e-01	7.742947e-01	2.674858e-01	7.614808e-01	1.097356e+00	5.376839e-01	3.658566e+00
TCGA-WB-A81V-01A-11R-A35L-07	1.348360e+00	7.982556e-01	6.702256e-01	6.455198e-01	2.266759e-01	1.269469e+00	1.454381e-01	1.277179e+00	3.577026e+00
TCGA-WB-A81W-01A-11R-A35L-07	2.031686e+00	5.737704e-03	6.791906e-01	7.817021e-01	1.277487e-01	7.307062e-01	2.468031e-01	6.919424e-01	4.650567e+00
TCGA-WB-A820-01A-11R-A35L-07	2.306825e+00	4.435465e-01	6.617748e-01	1.350150e-01	4.452140e-01	1.468835e+00	4.561015e-01	0	3.947144e+00
TCGA-WB-A821-01A-11R-A35L-07	2.036251e+00	1.553697e-01	3.582180e-01	1.402516e+00	1.630824e-01	2.452584e+00	0	2.431299e+00	8.755620e-01
TCGA-WB-A822-01A-11R-A35L-07	2.119767e+00	4.513068e-01	1.543309e+00	3.093845e+00	0	4.024904e+00	7.761396e-02	4.917638e-01	0
TCGA-XG-A823-01A-11R-A35L-07	2.888439e-01	2.043535e+00	2.204724e-01	2.470316e+00	4.225855e-02	2.546973e+00	2.243722e-01	9.329631e-01	6.845589e-01
