sampleID	D9.8_GNF2-TTN	D10.8_REACTOME-BETA-DEFENSINS	D11.10_MODULE-432	D11.1_MIPS-UTX-MLL2-3-COMPLEX	D13.5_CHASSOT-SKIN-WOUND	D11.3_chr11q11	D11.4_MANNOSYLTRANSFERASE-ACTIVITY	D11.5_EPITHELIAL-CELL-DIFFERENTIATION	D10.6_BIOCARTA-TCAPOPTOSIS-PATHWAY	D11.2_GNF2-GLTSCR2
TCGA-2A-A8VL-01A-21R-A37L-07	4.088128e-01	5.693580e-01	3.596481e-02	2.189795e+00	1.693113e+00	1.556887e+00	1.517218e+00	1.653617e+00	0	1.319626e+00
TCGA-2A-A8VO-01A-11R-A37L-07	1.125906e+00	2.907305e-01	3.854639e-02	1.764778e+00	1.511595e+00	7.441450e-01	2.081690e+00	0	1.243477e+00	1.508185e+00
TCGA-2A-A8VT-01A-11R-A37L-07	0	4.445436e-01	8.268421e-01	2.863985e+00	8.681847e-01	1.332715e+00	1.702754e-01	1.044833e+00	1.220182e-01	2.481764e+00
TCGA-2A-A8VV-01A-11R-A37L-07	6.695851e-01	5.327311e-01	7.757347e-02	1.908792e+00	8.276882e-01	2.879997e+00	5.981419e-01	3.844806e-01	7.420648e-01	1.707241e+00
TCGA-2A-A8VX-01A-11R-A37L-07	7.389799e-01	5.453510e-01	0	1.703115e+00	9.810087e-01	5.473307e-01	1.301724e+00	1.944740e-01	6.970916e-01	2.884052e+00
TCGA-2A-A8W1-01A-11R-A37L-07	0	3.224744e-01	3.434795e-01	2.666296e+00	1.142164e+00	9.368803e-01	1.911565e+00	1.593523e-01	0	2.484580e+00
TCGA-2A-A8W3-01A-11R-A37L-07	1.780532e-01	4.653107e-01	1.698226e-02	3.018358e+00	1.016444e+00	1.028650e+00	5.952229e-01	8.418639e-01	5.496816e-01	2.439812e+00
TCGA-2A-AAYF-01A-11R-A41O-07	5.947730e-01	4.758833e-01	3.285935e-02	2.028217e+00	1.231707e+00	8.496942e-01	2.440053e+00	1.351452e-01	1.068061e+00	1.250926e+00
TCGA-2A-AAYO-01A-11R-A41O-07	1.122338e+00	1.930795e-01	7.535436e-02	1.749492e+00	1.286878e+00	6.505463e-01	1.983141e+00	1.251794e-02	1.515731e+00	1.584750e+00
TCGA-2A-AAYU-01A-11R-A41O-07	8.360853e-01	4.359535e-01	7.114603e-01	2.110461e+00	1.058314e+00	2.479606e+00	6.841220e-01	1.629737e-01	3.111311e-01	1.641095e+00
TCGA-4L-AA1F-01A-11R-A41O-07	1.111396e+00	4.765988e-01	1.053162e+00	2.111607e+00	1.317059e+00	3.912191e-01	0	0	1.698184e+00	2.098117e+00
TCGA-CH-5737-01A-11R-1580-07	1.060372e-01	7.420593e-01	4.700517e-01	2.612098e+00	1.483411e+00	5.574333e-01	2.351760e+00	2.632792e-01	5.954150e-01	1.061175e+00
TCGA-CH-5738-01A-11R-1580-07	2.259826e-01	1.658250e-01	0	2.382925e+00	1.621925e+00	1.585703e+00	7.075073e-01	2.159582e-01	2.165477e+00	7.982022e-01
TCGA-CH-5739-01A-11R-1580-07	4.352002e-01	1.423728e-01	4.912925e-02	2.565830e+00	1.226535e+00	2.186632e+00	4.168730e-01	8.968439e-04	1.547934e+00	1.323799e+00
TCGA-CH-5740-01A-11R-1580-07	8.831365e-02	2.327620e-01	2.728216e-01	2.358056e+00	6.772834e-01	2.698793e+00	4.230984e-01	3.589561e-01	1.257818e+00	1.541044e+00
TCGA-CH-5741-01A-11R-1580-07	0	7.728664e-01	6.782523e-01	2.307174e+00	1.124633e+00	2.875151e+00	4.221754e-01	1.020886e-01	2.203041e-02	1.677517e+00
TCGA-CH-5743-01A-21R-1580-07	0	8.996408e-01	0	2.658141e+00	1.638828e+00	5.111259e-01	5.028282e-01	1.742624e+00	1.113303e+00	1.029276e+00
TCGA-CH-5744-01A-11R-1580-07	3.969007e-02	2.653084e-01	9.041201e-01	2.179754e+00	1.730138e+00	2.326168e+00	3.701934e-01	7.565085e-01	5.240023e-01	1.456002e+00
TCGA-CH-5745-01A-11R-1580-07	2.791634e-01	2.874587e-01	2.114872e-02	2.281050e+00	1.513817e+00	1.040056e+00	5.515001e-01	1.015624e+00	1.628539e+00	1.426178e+00
TCGA-CH-5746-01A-11R-1580-07	0	5.806626e-01	0	2.759482e+00	9.576353e-01	1.885571e+00	1.050257e+00	1.186437e+00	6.942851e-01	1.046185e+00
TCGA-CH-5748-01A-11R-1580-07	1.142717e-01	3.039952e-01	2.218393e-02	2.793637e+00	5.624344e-01	1.089602e+00	1.905200e+00	6.148772e-01	1.234040e+00	1.149680e+00
TCGA-CH-5750-01A-11R-1580-07	0	2.657829e-01	0	2.827318e+00	1.063270e+00	1.177048e+00	9.127283e-01	1.437692e-01	1.455419e+00	1.796020e+00
TCGA-CH-5751-01A-11R-1580-07	3.988552e-01	2.177032e-01	0	3.736713e+00	7.090769e-01	0	3.894117e-01	0	8.232497e-01	3.320628e+00
TCGA-CH-5752-01A-11R-1580-07	6.539868e-01	3.572858e-01	0	3.356664e+00	8.668398e-01	2.488009e+00	3.781726e-01	0	0	2.328400e+00
TCGA-CH-5753-01A-11R-1580-07	0	2.490641e-02	2.012962e-01	3.351810e+00	1.462841e+00	1.173704e+00	6.947943e-01	2.586819e-01	7.711507e-01	1.993044e+00
TCGA-CH-5754-01A-11R-1580-07	1.590993e-01	2.963374e-01	9.807775e-01	2.283427e+00	1.146597e+00	1.266947e+00	0	6.106599e-01	1.240992e+00	2.126257e+00
TCGA-CH-5761-11A-01R-1580-07	0	8.038527e-01	1.029163e-01	2.382215e+00	1.231882e+00	7.117873e-01	1.238878e+00	1.785437e+00	1.085146e+00	8.184239e-01
TCGA-CH-5761-01A-11R-1580-07	3.621836e-01	7.612519e-01	1.208263e+00	2.720527e+00	7.977048e-01	0	5.770536e-01	6.772710e-01	4.095712e-01	2.493459e+00
TCGA-CH-5762-01A-11R-1580-07	2.984150e-01	2.358972e-01	0	2.844469e+00	1.277850e+00	1.192695e+00	4.982222e-01	8.309989e-01	1.480401e+00	1.270671e+00
TCGA-CH-5763-01A-11R-1580-07	3.863980e-01	6.461807e-01	1.001952e-01	2.757757e+00	1.536075e+00	4.889186e-01	6.348469e-01	1.993808e+00	7.076652e-01	1.150217e+00
TCGA-CH-5764-01A-21R-1580-07	1.013937e-01	2.336912e-01	0	2.932341e+00	1.097813e+00	2.223371e+00	3.860651e-01	5.049968e-01	1.105906e+00	1.381324e+00
TCGA-CH-5765-01A-11R-1580-07	1.275855e-01	3.358961e-01	1.829782e-01	2.726604e+00	9.489124e-01	2.716319e+00	2.235862e-01	4.074487e-01	7.471063e-01	1.614977e+00
TCGA-CH-5766-01A-11R-1580-07	0	4.309450e-01	9.588017e-01	2.459783e+00	1.456200e+00	1.189340e+00	6.633417e-01	7.079484e-01	1.005977e+00	1.244274e+00
TCGA-CH-5767-11B-01R-1789-07	1.351990e-01	8.609868e-01	1.698755e-02	2.600018e+00	1.973999e+00	2.878478e-01	7.704099e-01	2.173989e+00	7.309207e-01	1.010389e+00
TCGA-CH-5767-01A-11R-1789-07	5.114005e-01	7.197977e-01	0	2.681758e+00	1.694898e+00	4.985498e-01	2.710465e+00	0	6.797151e-01	8.867609e-01
TCGA-CH-5768-11A-01R-1580-07	7.743683e-02	1.036216e+00	1.259166e-01	2.782006e+00	7.456790e-01	6.039700e-01	8.769073e-01	2.643715e+00	0	1.520014e+00
TCGA-CH-5768-01A-11R-1580-07	0	3.370932e-01	0	2.552192e+00	7.314413e-01	2.118035e+00	7.752492e-01	1.580928e-01	1.531870e+00	1.437198e+00
TCGA-CH-5769-11A-01R-1580-07	2.096896e-01	4.100197e-01	6.838743e-01	1.874241e+00	1.067409e+00	1.999699e+00	0	2.673950e-01	1.823740e+00	1.580622e+00
TCGA-CH-5769-01A-11R-1580-07	2.182959e-01	4.054920e-01	6.862303e-01	1.967647e+00	9.936279e-01	2.054845e+00	2.549619e-02	2.003211e-01	1.820686e+00	1.506817e+00
TCGA-CH-5771-01A-21R-1580-07	5.003595e-01	4.104672e-01	1.862687e-01	2.283606e+00	1.315914e+00	8.027992e-01	5.516495e-01	9.088346e-01	1.716105e+00	1.456382e+00
TCGA-CH-5772-01A-11R-1580-07	7.903197e-01	4.954802e-01	0	2.930229e+00	1.058279e+00	8.708115e-01	1.912500e+00	1.740352e-01	3.044514e-01	1.655465e+00
TCGA-CH-5788-01A-11R-1580-07	0	6.664175e-01	0	2.204542e+00	2.246873e-01	4.284861e-01	1.029598e+00	0	1.815257e+00	2.373909e+00
TCGA-CH-5789-01A-11R-1580-07	2.562408e-01	5.655151e-01	1.207477e-01	2.757783e+00	1.617622e+00	9.276110e-01	1.377224e+00	1.445651e+00	7.962242e-01	5.501016e-01
TCGA-CH-5790-01A-11R-1580-07	0	3.277521e-01	3.306008e-01	2.493241e+00	8.834315e-01	2.793691e+00	2.188414e-01	3.519719e-02	1.298808e+00	1.408211e+00
TCGA-CH-5791-01A-11R-1580-07	1.239928e-02	4.701800e-01	1.052853e+00	2.408930e+00	5.486981e-01	1.983358e+00	0	3.073631e-01	1.168956e+00	1.830984e+00
TCGA-CH-5792-01A-11R-1580-07	4.219391e-01	3.099285e-01	3.623997e-01	2.333002e+00	1.111395e+00	4.082506e-01	1.162115e+00	9.246086e-01	1.824095e+00	1.200866e+00
TCGA-CH-5794-01A-11R-1580-07	3.651798e-02	4.960291e-01	5.553351e-01	2.212444e+00	1.170135e+00	2.626519e+00	2.150162e-01	2.204106e-01	1.155694e+00	1.414670e+00
TCGA-EJ-5494-01A-01R-1580-07	4.342157e-01	3.325924e-01	0	3.000144e+00	1.340257e+00	7.518676e-01	1.490913e+00	9.990778e-01	3.155024e-01	1.712863e+00
TCGA-EJ-5495-01A-01R-1580-07	4.188856e-01	1.117994e+00	3.997755e-01	2.823164e+00	7.733360e-01	1.525331e+00	1.788015e-01	3.659438e-01	1.296527e+00	1.111634e+00
TCGA-EJ-5496-01A-01R-1580-07	6.723540e-02	5.059346e-01	4.372320e-02	2.789777e+00	6.811859e-01	2.577707e+00	8.348408e-01	8.696712e-01	5.983402e-01	1.153440e+00
TCGA-EJ-5497-01A-02R-1580-07	2.441014e-01	3.982367e-01	1.602704e-01	2.794628e+00	9.053396e-01	2.124467e+00	8.947908e-01	7.926867e-01	1.113863e+00	6.999069e-01
TCGA-EJ-5498-01A-01R-1580-07	5.022386e-01	4.723174e-01	2.336177e-01	2.923663e+00	1.047969e+00	1.481309e+00	5.717079e-01	1.423521e+00	8.049637e-01	9.037365e-01
TCGA-EJ-5499-01A-01R-1580-07	6.354888e-02	5.151720e-01	1.647709e-01	2.597369e+00	4.684655e-01	1.960485e+00	3.837475e-01	7.134009e-01	1.409411e+00	1.525541e+00
TCGA-EJ-5501-01A-01R-1580-07	3.237405e-01	4.647255e-01	6.047038e-01	2.392051e+00	9.280238e-01	1.496413e+00	7.026573e-01	1.132594e+00	7.891181e-01	1.497679e+00
TCGA-EJ-5502-01A-01R-1580-07	5.838783e-01	1.832190e-01	8.321941e-02	2.460940e+00	1.191612e+00	1.175322e+00	1.180232e+00	7.630087e-01	1.670046e+00	7.847707e-01
TCGA-EJ-5503-01A-01R-1580-07	2.426252e-01	7.493354e-01	1.375617e-01	2.484158e+00	1.096219e+00	9.685317e-01	9.325211e-01	2.060461e+00	7.530306e-01	1.063403e+00
TCGA-EJ-5504-01A-01R-1580-07	6.643667e-01	1.598892e-01	3.910758e-01	2.685261e+00	7.257357e-01	1.078589e+00	1.536648e+00	3.012946e-01	1.194869e+00	1.335848e+00
TCGA-EJ-5505-01A-01R-1580-07	3.220612e-01	5.715913e-01	0	3.121499e+00	4.642794e-01	7.046035e-01	2.425706e+00	1.283975e+00	2.672374e-01	1.002139e+00
TCGA-EJ-5506-01A-01R-1580-07	0	8.693939e-01	3.835774e-01	2.925197e+00	6.226284e-01	7.043270e-01	6.809306e-01	2.472008e+00	0	1.574848e+00
TCGA-EJ-5507-01A-01R-1580-07	2.739941e-01	5.899333e-01	1.362908e+00	2.166911e+00	5.717597e-01	1.950179e+00	3.281993e-01	0	1.401094e+00	1.309987e+00
TCGA-EJ-5508-01A-02R-1580-07	1.476332e-01	1.434563e-01	0	3.183801e+00	8.116898e-01	1.624246e+00	9.005142e-01	9.733490e-01	1.135564e+00	1.084835e+00
TCGA-EJ-5509-01A-01R-1580-07	4.737949e-01	4.329078e-01	0	2.593491e+00	7.950334e-01	5.682395e-01	1.750380e+00	3.981692e-01	1.685748e+00	1.283015e+00
TCGA-EJ-5510-01A-01R-1580-07	1.330121e-01	3.220034e-01	6.574190e-01	2.604297e+00	7.124049e-01	1.080445e+00	6.432176e-01	1.392874e+00	1.023776e+00	1.583442e+00
TCGA-EJ-5511-01A-01R-1580-07	5.350360e-01	2.410069e-01	3.184170e-01	2.494169e+00	5.894702e-01	1.630198e+00	4.764243e-01	5.799129e-01	1.212036e+00	1.789531e+00
TCGA-EJ-5512-01A-01R-1580-07	4.268808e-01	5.687134e-01	6.770895e-03	2.418441e+00	8.292235e-01	1.699011e+00	1.264832e+00	1.256823e+00	9.205760e-01	8.700765e-01
TCGA-EJ-5514-01A-01R-1580-07	6.876651e-01	4.749518e-01	1.282873e+00	2.468572e+00	8.635484e-01	3.128238e-01	4.299148e-01	1.800119e-02	1.518668e+00	1.693146e+00
TCGA-EJ-5515-01A-01R-1580-07	5.371150e-01	7.460385e-01	7.797995e-02	3.063625e+00	8.684549e-01	7.000405e-01	1.770144e+00	1.930052e+00	1.271668e-02	8.320530e-01
TCGA-EJ-5516-01A-01R-1580-07	3.420421e-01	2.762089e-01	6.546287e-01	2.969159e+00	8.879877e-01	2.076816e+00	5.459420e-01	4.697463e-01	1.127783e+00	7.221072e-01
TCGA-EJ-5517-01A-01R-1580-07	1.112856e+00	4.528738e-01	1.979730e-01	2.624397e+00	1.115701e+00	1.070066e+00	2.118648e+00	0	7.807046e-01	8.459547e-01
TCGA-EJ-5518-01A-01R-1580-07	1.065932e+00	4.172852e-01	8.206744e-01	2.291534e+00	1.258898e+00	4.361852e-01	1.274775e+00	3.965682e-01	9.131556e-01	1.416043e+00
TCGA-EJ-5519-01A-01R-1580-07	2.528089e-01	1.969202e-01	6.747710e-01	2.906296e+00	8.549105e-01	1.011291e+00	8.492288e-01	1.032062e+00	3.835453e-01	2.070761e+00
TCGA-EJ-5521-01A-01R-1580-07	2.386001e-01	7.585495e-01	1.272383e+00	1.336309e+00	7.750517e-01	2.290280e+00	2.042509e-01	4.573713e-01	1.582671e+00	1.200264e+00
TCGA-EJ-5522-01A-01R-1580-07	2.352354e-01	1.677631e-01	4.652234e-01	2.971888e+00	5.669790e-01	1.710245e+00	6.284047e-01	1.108956e+00	9.013821e-01	1.310810e+00
TCGA-EJ-5524-01A-01R-1580-07	4.623968e-01	2.617588e-01	5.971517e-01	3.083340e+00	6.794733e-01	2.036988e+00	8.541794e-02	5.292656e-01	7.390689e-01	1.651790e+00
TCGA-EJ-5525-01A-01R-1580-07	5.368014e-01	6.174408e-01	0	3.087495e+00	4.133185e-01	1.214945e+00	0	0	1.082464e+00	2.709007e+00
TCGA-EJ-5526-01A-01R-1580-07	2.365193e-01	1.875087e-01	1.485251e-01	3.184214e+00	7.500306e-01	1.378399e+00	4.884493e-01	1.216527e+00	9.724183e-01	1.518726e+00
TCGA-EJ-5527-01A-01R-1580-07	2.731171e-01	1.641353e-01	4.443265e-01	3.050771e+00	7.930183e-01	1.652724e+00	3.344730e-01	8.700656e-01	1.102141e+00	1.335323e+00
TCGA-EJ-5530-01A-01R-1580-07	7.201773e-01	2.037541e-01	5.428499e-01	2.455024e+00	7.942000e-01	2.864531e+00	3.153199e-01	1.479208e-01	7.943398e-01	1.398883e+00
TCGA-EJ-5531-01A-01R-1580-07	3.263583e-01	4.912198e-01	1.682093e-01	2.616532e+00	7.363361e-01	5.562370e-01	1.751749e+00	8.297650e-01	1.664099e+00	8.125023e-01
TCGA-EJ-5532-01A-01R-1580-07	6.484640e-01	4.064078e-01	1.978757e-01	2.923722e+00	9.185613e-01	4.987051e-01	2.078201e+00	7.425957e-01	5.343332e-01	1.320799e+00
TCGA-EJ-5542-01A-01R-1580-07	2.998902e-01	3.744425e-01	4.767432e-01	2.861604e+00	3.398923e-01	2.109866e+00	4.113354e-01	7.081575e-01	1.098840e+00	1.194501e+00
TCGA-EJ-7115-11A-01R-2118-07	4.641933e-01	9.093272e-01	2.286858e-01	2.308781e+00	8.072409e-01	7.911739e-01	1.204408e+00	2.147332e+00	6.092178e-01	9.869939e-01
TCGA-EJ-7115-01A-11R-2118-07	3.466261e-01	5.196519e-01	0	2.504550e+00	8.701093e-01	6.821908e-01	1.329589e+00	1.356814e+00	1.070916e+00	1.464146e+00
TCGA-EJ-7123-11A-01R-1965-07	1.949500e+00	1.192049e+00	0	2.984308e+00	1.239363e+00	5.547179e-01	1.386936e+00	1.001651e+00	0	5.423108e-01
TCGA-EJ-7123-01A-11R-1965-07	2.576803e-01	4.588358e-01	7.697216e-02	2.748399e+00	8.347359e-01	6.280824e-01	2.422051e+00	1.270596e-01	1.204793e+00	1.172003e+00
TCGA-EJ-7125-11A-01R-1965-07	7.328457e-01	9.389989e-01	1.020967e-01	2.158691e+00	9.393353e-01	6.690868e-01	1.891986e+00	1.768211e+00	3.243811e-01	8.785152e-01
TCGA-EJ-7125-01A-11R-1965-07	9.451617e-01	6.844081e-01	0	2.853314e+00	1.553001e+00	5.318611e-01	2.172602e+00	0	3.179317e-01	1.400709e+00
TCGA-EJ-7218-01B-11R-A32O-07	3.525389e-01	3.979720e-01	2.009853e-02	2.472466e+00	9.688372e-01	7.246056e-01	2.468933e+00	5.818677e-01	7.562668e-01	1.496672e+00
TCGA-EJ-7312-01B-21R-A32O-07	3.292441e-01	6.389384e-01	1.124070e-01	2.150788e+00	7.122697e-01	4.897213e-01	1.953381e+00	9.637593e-01	6.275777e-01	2.160094e+00
TCGA-EJ-7314-11A-01R-2118-07	7.992697e-01	8.064446e-01	2.157588e-02	2.940625e+00	1.500013e+00	6.749635e-01	1.124716e+00	1.719129e+00	4.305043e-01	6.269411e-01
TCGA-EJ-7314-01A-31R-2118-07	0	6.067842e-01	2.134952e-01	2.389075e+00	1.266664e+00	2.038538e+00	4.699685e-01	1.046885e+00	6.381711e-01	1.527393e+00
TCGA-EJ-7315-11A-01R-2118-07	9.224562e-01	7.748557e-01	9.089530e-02	3.039326e+00	1.058587e+00	4.055032e-01	7.415583e-01	1.410312e+00	9.520089e-01	8.998505e-01
TCGA-EJ-7315-01A-31R-2118-07	5.284322e-01	3.639523e-01	1.114815e+00	1.864704e+00	5.474040e-01	1.686403e+00	0	0	2.025274e+00	1.780352e+00
TCGA-EJ-7317-11A-01R-2118-07	4.796164e-01	9.340156e-01	9.224356e-02	2.914430e+00	9.575991e-01	5.748465e-01	1.912408e+00	2.180086e+00	0	7.007239e-01
TCGA-EJ-7317-01A-31R-2118-07	6.484861e-01	7.752194e-01	0	2.696684e+00	8.694387e-01	5.754111e-01	2.784030e+00	8.905404e-01	9.584898e-02	1.099055e+00
TCGA-EJ-7318-01B-11R-A32O-07	4.249182e-01	4.157315e-01	1.752594e-01	1.435034e+00	9.232514e-01	1.466392e+00	1.211623e+00	7.852410e-01	1.428285e+00	1.877039e+00
TCGA-EJ-7321-11A-01R-2263-07	3.707681e-01	9.072232e-01	1.422870e-01	2.613688e+00	1.536238e+00	2.757705e-01	1.163291e+00	2.552244e+00	1.919867e-01	1.024057e+00
TCGA-EJ-7321-01A-31R-2263-07	0	1.759358e-01	4.517533e-02	2.725006e+00	8.755938e-01	2.589384e+00	2.985844e-01	1.831607e-01	1.192822e+00	1.749549e+00
TCGA-EJ-7325-01B-11R-A32O-07	1.784275e-01	3.411740e-01	0	4.921478e-01	1.269128e+00	2.070299e+00	4.005109e-01	8.546896e-01	1.685992e+00	2.730142e+00
TCGA-EJ-7327-11A-01R-2118-07	2.599890e-01	9.855861e-01	1.024208e-01	2.936324e+00	5.014575e-01	7.854229e-01	2.178365e+00	1.891019e+00	0	7.989159e-01
TCGA-EJ-7327-01A-11R-2118-07	3.460332e-01	2.644487e-01	3.948916e-01	2.676375e+00	5.352110e-01	1.763177e+00	0	1.314952e+00	9.778143e-01	1.784663e+00
TCGA-EJ-7328-11A-01R-2118-07	1.309039e+00	1.031607e+00	0	2.741861e+00	1.311795e+00	4.089490e-01	1.056176e+00	1.647185e+00	3.416712e-01	7.753080e-01
TCGA-EJ-7328-01A-31R-2118-07	3.212897e-01	2.983683e-01	0	2.430232e+00	8.621155e-01	1.707979e+00	2.931481e-01	8.980830e-01	1.515250e+00	1.759059e+00
TCGA-EJ-7330-11A-01R-2118-07	9.059254e-01	1.083997e+00	1.667870e-02	2.637513e+00	1.432794e+00	3.708195e-01	7.558904e-01	1.731310e+00	6.029597e-01	1.014986e+00
TCGA-EJ-7330-01A-11R-2118-07	3.770158e-01	8.724070e-01	1.034289e-02	2.841814e+00	1.250101e+00	3.978164e-01	1.272642e+00	1.383019e+00	8.334656e-01	1.055686e+00
TCGA-EJ-7331-11A-01R-2118-07	1.239257e+00	6.729146e-01	0	2.991073e+00	8.595266e-01	6.201947e-01	1.594879e+00	1.505424e+00	3.644821e-01	6.934192e-01
TCGA-EJ-7331-01A-11R-2118-07	7.208138e-01	4.510683e-01	0	3.239191e+00	1.029841e+00	3.006891e-01	2.074329e+00	8.459980e-01	7.180615e-01	9.395852e-01
TCGA-EJ-7781-11A-01R-2118-07	1.160643e+00	9.504324e-01	0	3.065972e+00	1.114337e+00	3.056511e-01	6.655896e-01	1.775090e+00	5.376418e-01	9.562134e-01
TCGA-EJ-7781-01A-11R-2118-07	3.512898e-01	2.595008e-01	0	3.055471e+00	8.951079e-01	6.614845e-01	1.697767e+00	9.332297e-01	1.176705e+00	9.935756e-01
TCGA-EJ-7782-11A-01R-2118-07	3.619309e-01	7.023680e-01	2.369511e-01	2.584649e+00	1.293278e+00	4.141411e-01	1.425006e+00	1.776374e+00	6.472860e-01	9.717368e-01
TCGA-EJ-7782-01A-11R-2118-07	2.774697e-01	4.942861e-01	4.204225e-01	2.946110e+00	7.788063e-01	5.487320e-01	1.158490e+00	5.446163e-01	8.840342e-01	1.889657e+00
TCGA-EJ-7783-11A-01R-2118-07	1.865544e+00	1.375790e+00	0	2.422369e+00	1.253233e+00	5.272057e-01	5.901371e-01	1.108365e+00	1.965531e-01	1.254954e+00
TCGA-EJ-7783-01A-11R-2118-07	1.432551e-01	2.979589e-01	8.438226e-02	3.165339e+00	9.676359e-01	1.528007e+00	2.901655e-01	1.743816e+00	6.078588e-01	1.488462e+00
TCGA-EJ-7784-11A-01R-2118-07	3.100229e-01	1.038113e+00	1.444678e-01	2.936478e+00	1.174460e+00	2.573707e-01	1.099956e+00	2.121833e+00	4.697559e-01	8.007372e-01
TCGA-EJ-7784-01A-11R-2118-07	3.139895e-02	2.048503e-01	1.380771e-01	2.830628e+00	4.595397e-01	2.074892e+00	3.884752e-01	5.068232e-01	1.035500e+00	2.074684e+00
TCGA-EJ-7785-11A-01R-2118-07	1.057891e+00	7.515773e-01	0	2.751131e+00	1.033684e+00	5.661310e-01	1.536029e+00	1.730265e+00	2.352682e-01	9.074253e-01
TCGA-EJ-7785-01A-11R-2118-07	4.937416e-01	4.127526e-01	1.081838e-02	2.891544e+00	9.554699e-01	1.826068e+00	6.500136e-01	5.587264e-01	1.435915e+00	7.979376e-01
TCGA-EJ-7786-11A-01R-2118-07	9.818017e-01	8.231868e-01	0	3.024588e+00	1.472476e+00	4.110922e-01	8.782817e-01	1.504032e+00	6.736356e-01	7.940202e-01
TCGA-EJ-7786-01A-11R-2118-07	1.015343e+00	4.249515e-01	0	2.733077e+00	1.019193e+00	8.029091e-01	2.425468e+00	5.815051e-01	6.006767e-01	7.520029e-01
TCGA-EJ-7788-01A-11R-2118-07	8.246861e-01	1.710729e-01	4.641445e-01	2.651286e+00	4.788620e-01	1.667392e+00	4.047608e-01	4.470499e-01	9.085487e-01	2.028991e+00
TCGA-EJ-7789-11A-01R-2118-07	3.186891e-01	1.177085e+00	2.478491e-01	2.682266e+00	1.164138e+00	2.369834e-01	1.481285e+00	2.203608e+00	2.581954e-01	8.237012e-01
TCGA-EJ-7789-01A-11R-2118-07	3.797905e-01	6.615993e-01	3.892338e-02	3.557928e+00	3.350048e-01	1.995593e-01	1.388225e+00	0	0	3.448367e+00
TCGA-EJ-7791-01A-11R-2118-07	6.437664e-01	5.717298e-01	2.623766e-01	2.604396e+00	1.219335e+00	4.050722e-01	1.425519e+00	1.365173e+00	1.027951e+00	8.973895e-01
TCGA-EJ-7792-11A-01R-2118-07	5.757877e-01	8.995203e-01	8.437239e-02	2.790327e+00	1.079751e+00	4.020918e-01	1.030920e+00	1.934426e+00	6.798259e-01	9.558638e-01
TCGA-EJ-7792-01A-11R-2118-07	1.340555e+00	3.144002e-01	1.599143e-01	2.316994e+00	1.151072e+00	9.690058e-01	1.385350e+00	2.082416e-01	1.547446e+00	8.109720e-01
TCGA-EJ-7793-11A-01R-2263-07	6.853257e-01	9.510611e-01	4.999367e-03	2.789533e+00	1.123712e+00	5.141372e-01	1.424948e+00	1.984024e+00	3.549880e-01	7.106294e-01
TCGA-EJ-7793-01A-31R-2263-07	3.657450e-01	7.708738e-01	2.728958e-01	2.434129e+00	5.052743e-01	2.082251e+00	1.347168e+00	1.503242e+00	3.332368e-01	8.682111e-01
TCGA-EJ-7794-11A-01R-2118-07	3.913084e-01	1.324942e+00	5.027736e-02	2.817467e+00	1.395534e+00	8.011466e-02	6.102691e-01	1.817856e+00	1.007997e+00	8.314200e-01
TCGA-EJ-7794-01A-11R-2118-07	3.708846e-01	4.258355e-01	0	2.698588e+00	1.019476e+00	3.591543e-01	1.675004e+00	9.682290e-01	1.621990e+00	8.209374e-01
TCGA-EJ-7797-11A-01R-2263-07	9.169395e-01	9.058056e-01	0	2.527542e+00	1.144203e+00	6.113644e-01	1.471903e+00	2.020011e+00	0	1.081583e+00
TCGA-EJ-7797-01A-11R-2263-07	1.213982e-01	3.721368e-01	1.634535e-01	2.542942e+00	1.078758e+00	1.912035e+00	8.200252e-01	1.114792e+00	9.887356e-01	1.144910e+00
TCGA-EJ-8468-01A-21R-2403-07	4.726950e-01	6.788199e-01	8.438036e-02	2.566320e+00	1.436659e+00	0	1.572231e+00	8.675758e-01	1.256533e+00	1.131748e+00
TCGA-EJ-8469-01A-11R-2403-07	7.300268e-02	4.563768e-01	2.047733e-01	3.010552e+00	6.877972e-01	1.914301e+00	0	2.487471e-01	6.443738e-01	2.528473e+00
TCGA-EJ-8470-01A-11R-2403-07	0	1.045293e-01	0	2.954022e+00	1.191188e+00	3.349819e-01	1.579729e+00	4.216633e-01	1.688559e+00	1.398502e+00
TCGA-EJ-8472-01A-11R-2403-07	1.981408e-01	4.277177e-01	3.760878e-01	2.501513e+00	1.071127e+00	1.593287e+00	0	1.384964e+00	3.400710e-01	2.384208e+00
TCGA-EJ-8474-01A-11R-2403-07	5.080843e-01	2.640275e-01	3.041641e-01	2.299050e+00	6.360929e-01	1.324126e+00	4.532676e-01	5.722279e-01	1.304530e+00	2.273000e+00
TCGA-EJ-A46B-01A-31R-A250-07	4.522009e-01	8.429786e-01	0	2.435768e+00	8.760386e-01	5.298399e-01	2.080224e+00	2.218756e+00	8.150132e-03	1.189006e+00
TCGA-EJ-A46D-01A-21R-A32Y-07	2.506336e-01	5.774594e-01	4.556228e-02	2.105801e+00	9.767493e-01	1.577750e+00	8.808474e-01	1.645387e+00	8.831731e-01	1.434638e+00
TCGA-EJ-A46E-01A-31R-A250-07	1.237777e-01	8.365347e-01	0	2.342650e+00	2.105381e+00	4.346189e-01	3.693399e-01	2.240644e+00	5.934039e-01	1.523566e+00
TCGA-EJ-A46F-01A-31R-A250-07	1.346099e-02	4.066963e-01	4.806180e-01	1.409870e+00	6.458308e-01	3.185706e+00	0	8.130474e-02	3.713595e-01	3.352837e+00
TCGA-EJ-A46G-01A-31R-A26U-07	4.505462e-01	2.766122e-01	2.591059e-01	2.499359e+00	1.220273e+00	7.752642e-01	5.091899e-01	6.563932e-01	7.580317e-01	2.700918e+00
TCGA-EJ-A46H-01A-31R-A26U-07	3.672905e-01	8.850181e-01	5.903181e-02	2.830687e+00	1.835038e+00	0	3.736018e-01	2.621087e+00	3.140764e-01	1.406270e+00
TCGA-EJ-A46I-01A-12R-A26U-07	3.716002e-01	6.608082e-01	0	2.321570e+00	1.044651e+00	6.059191e-01	1.435356e+00	1.847260e+00	8.346650e-01	1.167635e+00
TCGA-EJ-A65B-01A-12R-A30B-07	5.538398e-01	1.201769e+00	9.463334e-01	6.789710e-01	1.342014e+00	5.746496e-01	9.162442e-01	1.430868e+00	1.034607e+00	1.831485e+00
TCGA-EJ-A65D-01A-11R-A30B-07	2.746875e-02	4.130082e-01	3.699534e-01	1.180605e+00	6.609645e-01	3.032525e+00	6.948468e-02	0	5.410155e-01	3.651381e+00
TCGA-EJ-A65E-01A-11R-A29R-07	9.604651e-02	2.854647e-01	0	2.691265e+00	1.182356e+00	5.679425e-01	1.933905e+00	1.308668e+00	4.449999e-01	1.664839e+00
TCGA-EJ-A65F-01A-21R-A311-07	4.045816e-01	1.983355e-01	2.874204e-01	2.943059e+00	1.318401e+00	1.557627e+00	4.048720e-01	8.245749e-01	0	2.545237e+00
TCGA-EJ-A65G-01A-21R-A29R-07	8.710495e-01	6.038493e-01	0	2.206266e+00	1.227535e+00	7.982545e-01	2.788238e+00	4.671109e-01	3.252907e-01	1.115914e+00
TCGA-EJ-A65J-01A-11R-A311-07	2.895489e-01	8.031022e-01	6.065983e-01	2.412506e+00	1.052737e+00	2.884689e-01	1.617124e+00	0	8.749682e-01	2.096073e+00
TCGA-EJ-A65M-01A-11R-A29R-07	3.438044e-01	2.867323e-01	5.215899e-02	1.786815e+00	9.909758e-01	7.623995e-01	2.041357e+00	7.665264e-01	1.438205e+00	1.569755e+00
TCGA-EJ-A6RA-01A-11R-A33R-07	2.908443e-01	4.509110e-01	2.268372e-01	1.767296e+00	1.070484e+00	7.413503e-01	1.368584e+00	2.005030e+00	8.000638e-01	1.704881e+00
TCGA-EJ-A6RC-01A-11R-A32O-07	1.135818e+00	3.034408e-01	0	2.062424e+00	1.258274e+00	5.259590e-01	1.745166e+00	7.508205e-01	1.399567e+00	1.165209e+00
TCGA-EJ-A7NF-01A-11R-A33R-07	1.153070e-01	3.681497e-01	4.628391e-02	2.030940e+00	8.133332e-01	2.973324e+00	7.384717e-01	6.056302e-01	7.121150e-01	1.768001e+00
TCGA-EJ-A7NG-01A-31R-A33R-07	5.218232e-01	4.597015e-01	0	2.238332e+00	1.329970e+00	5.929923e-01	1.068407e+00	1.935650e+00	1.004748e+00	1.312188e+00
TCGA-EJ-A7NH-01A-12R-A33R-07	4.372121e-01	2.901683e-01	0	2.441691e+00	9.367876e-01	8.683344e-01	1.319846e+00	2.157275e+00	2.245257e-01	1.902820e+00
TCGA-EJ-A7NJ-01A-22R-A352-07	0	8.100320e-01	2.369406e-01	2.640052e+00	9.486610e-01	2.158841e-01	1.489249e+00	2.723643e+00	0	1.570769e+00
TCGA-EJ-A7NK-01A-12R-A352-07	2.825211e-01	7.012348e-01	9.661837e-02	2.197817e+00	1.106717e+00	7.164929e-01	9.693407e-01	2.506722e+00	5.524203e-01	1.418041e+00
TCGA-EJ-A7NM-01A-21R-A33R-07	3.331729e-01	2.122692e-01	2.577378e-01	2.335410e+00	7.144989e-01	1.118190e+00	9.600901e-02	5.259105e-01	1.283111e+00	2.968305e+00
TCGA-EJ-A7NN-01A-11R-A33R-07	2.928949e-01	1.424246e-01	7.486275e-01	2.260519e+00	1.197532e+00	3.576742e-01	1.233462e+00	9.306184e-01	1.261607e+00	1.721036e+00
TCGA-EJ-A8FN-01A-11R-A352-07	1.479299e+00	3.111586e-01	4.323610e-02	2.254720e+00	1.225409e+00	7.405304e-01	2.312685e+00	4.378372e-02	6.654482e-01	1.341446e+00
TCGA-EJ-A8FO-11A-11R-A36G-07	8.741046e-01	1.540297e+00	5.470498e-02	2.209695e+00	1.668806e+00	1.321836e-01	2.502258e-01	2.524545e+00	0	1.573444e+00
TCGA-EJ-A8FO-01A-21R-A36G-07	4.100679e-01	6.531914e-01	3.279231e-01	2.276353e+00	1.043350e+00	1.754862e+00	1.161761e+00	1.635537e+00	2.797505e-01	1.108282e+00
TCGA-EJ-A8FP-01A-21R-A36G-07	3.737687e-01	6.827710e-01	1.204726e-03	2.561788e+00	1.191752e+00	4.270515e-01	1.300114e+00	2.257956e+00	5.645262e-01	1.220087e+00
TCGA-EJ-A8FS-01A-11R-A352-07	0	5.220782e-01	0	2.348155e+00	6.332343e-01	2.294044e-01	2.333111e+00	4.595843e-01	1.204709e+00	1.823719e+00
TCGA-EJ-A8FU-01A-11R-A36G-07	6.082622e-01	4.676457e-01	3.492878e-02	2.483697e+00	1.434804e+00	7.476832e-01	9.322763e-01	1.953854e+00	5.851672e-01	1.396282e+00
TCGA-EJ-AB20-01A-12R-A41O-07	1.345993e+00	1.382216e+00	0	1.787581e+00	1.468542e+00	7.085609e-01	2.488473e-01	1.833693e+00	0	2.077228e+00
TCGA-EJ-AB27-01A-11R-A41O-07	4.070525e-01	3.941212e-01	1.088980e-01	2.298132e+00	1.401842e+00	6.544649e-01	1.738568e+00	1.615064e+00	7.915558e-01	1.129144e+00
TCGA-FC-7708-01A-11R-2118-07	4.400191e-01	3.068165e-01	2.523109e-01	2.538953e+00	1.266265e+00	1.444242e+00	7.704822e-01	9.290341e-01	1.285440e+00	1.077388e+00
TCGA-FC-7961-01A-11R-A29R-07	6.523792e-01	6.460010e-01	1.955534e-01	2.531742e+00	7.356845e-01	1.774284e-01	1.497411e+00	1.572488e-01	1.513873e+00	1.743716e+00
TCGA-FC-A4JI-01A-11R-A250-07	0	9.683698e-01	6.864982e-02	3.178445e+00	5.142327e-01	0	1.450822e+00	0	0	3.457749e+00
TCGA-FC-A5OB-01A-11R-A29R-07	0	8.682161e-01	6.888080e-01	2.986520e+00	5.457108e-01	3.518517e-01	2.076793e+00	3.882764e-01	0	2.257404e+00
TCGA-FC-A66V-01A-21R-A30B-07	1.545021e-01	9.434694e-01	3.043108e-01	1.401982e+00	1.104338e+00	4.883512e-01	1.215932e+00	2.943348e+00	1.722268e-01	1.995444e+00
TCGA-FC-A6HD-01A-11R-A31N-07	0	3.873054e-01	6.480521e-03	1.644168e+00	1.208995e+00	1.024511e+00	1.695074e+00	9.361130e-01	0	3.111293e+00
TCGA-FC-A8O0-01A-41R-A37L-07	4.680305e-01	1.068397e+00	0	2.412242e+00	7.184034e-01	6.124533e-01	1.066385e+00	2.220704e+00	0	2.058359e+00
TCGA-G9-6329-01A-13R-1965-07	5.409358e-01	5.878479e-01	6.902853e-02	2.152980e+00	1.045927e+00	1.833225e+00	6.098248e-01	1.261334e+00	8.671464e-01	1.483497e+00
TCGA-G9-6332-01A-11R-1789-07	1.175809e-01	7.044793e-01	5.858046e-01	2.057090e+00	6.034180e-01	3.153653e+00	6.779656e-01	8.578236e-02	2.568692e-01	1.803533e+00
TCGA-G9-6333-11A-01R-1965-07	4.303817e-01	2.213808e+00	2.155237e-01	1.835964e+00	1.234879e+00	2.053462e-01	2.631924e-01	2.603754e+00	1.798405e-01	1.510525e+00
TCGA-G9-6333-01A-12R-1965-07	5.423246e-01	4.053596e-01	1.477773e-02	2.394431e+00	1.757401e+00	2.650280e-01	2.158806e+00	1.121424e+00	5.825085e-01	1.323474e+00
TCGA-G9-6336-01A-11R-1789-07	7.047128e-02	6.309841e-01	2.345531e-01	2.014089e+00	1.200727e+00	1.329178e+00	1.067633e+00	1.734621e+00	9.159498e-01	1.209407e+00
TCGA-G9-6338-01A-12R-1965-07	1.845679e+00	3.379913e-01	1.336388e-01	1.770395e+00	1.573378e+00	6.488214e-01	2.186822e+00	0	5.842333e-01	1.717462e+00
TCGA-G9-6339-01A-12R-A311-07	9.683338e-02	3.863980e-01	6.928924e-01	1.541565e+00	1.202632e+00	1.576246e+00	6.491408e-01	1.128709e+00	1.130427e+00	1.812095e+00
TCGA-G9-6342-11A-02R-1965-07	6.162518e-01	8.800286e-01	1.568229e-01	2.208396e+00	1.064018e+00	7.250458e-01	2.051381e+00	1.738639e+00	3.421504e-01	7.537424e-01
TCGA-G9-6342-01A-11R-1965-07	2.232708e-01	5.918679e-01	7.744173e-01	2.133197e+00	1.152387e+00	2.157956e+00	5.423270e-01	1.036117e+00	5.704557e-01	1.279959e+00
TCGA-G9-6343-01A-21R-1965-07	9.355364e-01	6.283160e-01	3.040101e-02	1.686393e+00	1.259058e+00	9.446733e-01	2.724197e+00	3.127136e-01	8.002406e-01	1.192549e+00
TCGA-G9-6347-01A-11R-A31N-07	1.716260e+00	7.143835e-01	5.282578e-03	5.204597e-01	1.331198e+00	9.291653e-01	1.747383e+00	1.229850e-01	1.784120e+00	1.491212e+00
TCGA-G9-6348-11A-01R-1789-07	1.257125e+00	1.025860e+00	0	2.038232e+00	1.321794e+00	6.795268e-01	1.334298e+00	1.862709e+00	1.922224e-01	1.183930e+00
TCGA-G9-6348-01A-11R-1789-07	4.330079e-01	4.804020e-01	5.878778e-01	1.800884e+00	1.363356e+00	9.931697e-01	7.455367e-01	5.127917e-01	1.775189e+00	1.431771e+00
TCGA-G9-6351-11A-01R-1965-07	6.267382e-01	1.152979e+00	3.768125e-02	2.234169e+00	1.075788e+00	1.205321e+00	1.432436e+00	2.180152e+00	0	8.919134e-01
TCGA-G9-6351-01A-21R-1965-07	3.077091e-01	7.494753e-01	1.991250e-01	2.074325e+00	1.102848e+00	2.024949e+00	1.322987e+00	1.308544e+00	6.110149e-01	8.110838e-01
TCGA-G9-6353-01A-11R-1965-07	6.406174e-01	7.416103e-01	3.685812e-02	2.012451e+00	1.167932e+00	1.310672e+00	1.325362e+00	2.194239e+00	2.409375e-01	1.184535e+00
TCGA-G9-6354-01A-11R-A311-07	2.708376e-01	3.502361e-01	4.854875e-01	1.647598e+00	1.328792e+00	2.553810e+00	1.174412e+00	9.068206e-01	3.543058e-01	1.528122e+00
TCGA-G9-6356-11A-01R-1789-07	0	9.319808e-01	4.169816e-01	2.226063e+00	1.554876e+00	1.092965e-01	1.088116e+00	2.319917e+00	9.022963e-03	1.578518e+00
TCGA-G9-6356-01A-11R-1789-07	2.175706e-01	4.465230e-01	2.192074e-01	2.260273e+00	8.149982e-01	1.607535e+00	4.560056e-01	1.160710e+00	1.553125e+00	1.371793e+00
TCGA-G9-6361-01A-21R-1965-07	8.756076e-01	6.781836e-01	4.928517e-01	1.584412e+00	9.359577e-01	2.151083e+00	1.949002e-01	2.339553e-01	1.222423e+00	1.862285e+00
TCGA-G9-6362-11A-01R-1789-07	8.750302e-01	3.215933e-01	4.338156e-01	2.408446e+00	1.515207e+00	2.674935e+00	4.206799e-01	2.518801e-01	0	1.971236e+00
TCGA-G9-6362-01A-11R-1789-07	6.248470e-01	2.990128e-01	4.736458e-01	1.987587e+00	1.131772e+00	2.661832e+00	6.865397e-01	1.039192e-01	0	2.350274e+00
TCGA-G9-6363-11A-01R-1789-07	4.139261e-01	1.026225e+00	3.784016e-01	1.915446e+00	5.828065e-01	1.465481e+00	0	1.270431e+00	1.298689e+00	1.740350e+00
TCGA-G9-6363-01A-21R-1789-07	5.889998e-01	7.307692e-01	8.095637e-01	1.731273e+00	6.319334e-01	2.321795e+00	2.654975e-01	0	1.545481e+00	1.522344e+00
TCGA-G9-6364-01A-21R-1789-07	8.270703e-01	4.778316e-01	7.140439e-01	2.149123e+00	7.273666e-01	2.351664e+00	6.400471e-01	3.424998e-01	9.898216e-01	1.084422e+00
TCGA-G9-6365-11A-01R-1789-07	1.711341e-02	1.258527e+00	1.871468e-01	1.944187e+00	1.831200e+00	3.710808e-01	4.886692e-01	2.922519e+00	5.064458e-02	1.638976e+00
TCGA-G9-6365-01A-11R-1789-07	7.823637e-01	5.770096e-01	1.219161e-01	1.734889e+00	9.038066e-01	2.071086e+00	2.587460e-01	6.906067e-01	1.623785e+00	1.417607e+00
TCGA-G9-6366-01A-11R-2118-07	4.185355e-01	7.175759e-01	1.332917e+00	1.834417e+00	9.449644e-01	1.043713e+00	1.533122e+00	3.341524e-01	7.259132e-01	1.322079e+00
TCGA-G9-6367-01A-11R-1789-07	6.496775e-01	9.807106e-01	5.498984e-02	2.403475e+00	1.096831e+00	7.376861e-01	1.849848e+00	2.256391e+00	6.016891e-02	7.671298e-01
TCGA-G9-6369-01A-21R-1965-07	8.844989e-01	8.744550e-01	1.758500e-02	1.875214e+00	1.316969e+00	4.373773e-01	3.144812e+00	0	5.340872e-01	1.481144e+00
TCGA-G9-6370-01A-11R-1789-07	3.324411e-01	9.949918e-01	2.498526e-01	2.545486e+00	1.323571e+00	3.370292e-01	8.197860e-01	2.579005e+00	3.010459e-01	1.188023e+00
TCGA-G9-6371-01A-11R-1789-07	4.477242e-01	4.561755e-01	2.596966e-02	2.450418e+00	8.081193e-01	1.688778e+00	1.608542e+00	7.611556e-01	4.715903e-01	1.570320e+00
TCGA-G9-6373-01A-11R-1789-07	6.516202e-01	3.666467e-01	7.590253e-01	1.657432e+00	1.135081e+00	2.155738e+00	2.332632e-01	4.126936e-02	1.347435e+00	1.936737e+00
TCGA-G9-6377-01A-11R-1965-07	1.596528e-01	3.512436e-01	5.065804e-01	1.943817e+00	1.287454e+00	1.849310e+00	6.653836e-01	3.806747e-01	1.478018e+00	1.489244e+00
TCGA-G9-6378-01A-11R-1789-07	1.195963e+00	5.441155e-01	0	2.225932e+00	1.007716e+00	7.690960e-01	1.718151e+00	1.069202e+00	5.918740e-01	1.409932e+00
TCGA-G9-6379-01A-11R-A31N-07	3.498083e-01	4.074804e-01	1.123275e-01	8.109562e-01	1.382293e+00	8.099883e-01	1.014484e+00	1.777433e+00	1.538760e+00	2.099422e+00
TCGA-G9-6384-11A-01R-1858-07	1.019835e+00	1.000709e+00	0	2.413714e+00	1.719787e+00	5.582541e-01	1.811730e+00	2.046654e+00	0	6.989071e-01
TCGA-G9-6384-01A-11R-1789-07	4.161273e-01	4.068955e-01	3.121758e-01	2.872967e+00	1.461618e+00	1.654149e+00	9.124853e-01	1.256135e+00	3.553059e-01	9.986647e-01
TCGA-G9-6385-01A-11R-1789-07	5.798630e-01	6.674271e-01	0	2.322111e+00	1.085759e+00	1.196076e+00	1.527537e+00	1.701141e+00	5.787693e-01	9.366732e-01
TCGA-G9-6494-01A-11R-1789-07	5.729948e-01	4.252884e-01	5.453350e-01	2.600209e+00	8.183660e-01	1.038956e+00	1.232071e+00	1.207988e+00	1.374224e-01	1.842161e+00
TCGA-G9-6496-11A-01R-1789-07	7.326472e-01	1.083220e+00	2.731174e-01	1.828012e+00	1.482005e+00	5.037747e-01	6.633261e-01	2.527968e+00	3.359691e-01	1.444951e+00
TCGA-G9-6496-01A-11R-1789-07	4.758444e-01	4.404693e-01	3.126568e-01	1.874133e+00	1.243991e+00	3.808335e-01	1.799148e+00	5.276616e-01	9.743580e-01	2.171884e+00
TCGA-G9-6498-01A-12R-A311-07	9.197878e-01	4.913546e-01	0	1.783439e+00	1.907220e+00	3.872797e-01	1.628721e+00	5.021731e-01	1.009810e+00	1.750660e+00
TCGA-G9-6499-11A-02R-1965-07	6.139561e-01	9.780393e-01	2.969309e-02	2.075079e+00	8.290081e-01	5.183587e-01	6.848179e-01	7.628502e-01	1.660019e+00	1.781057e+00
TCGA-G9-6499-01A-12R-1965-07	2.781396e-01	5.719512e-01	0	1.965523e+00	1.425630e+00	7.790542e-01	2.336124e+00	4.003193e-01	1.464804e+00	8.905924e-01
TCGA-G9-7509-01A-11R-A41O-07	4.960363e-01	4.393523e-01	3.069695e-02	2.357263e+00	1.198389e+00	1.915293e+00	1.182955e+00	1.381242e+00	2.828448e-01	1.304296e+00
TCGA-G9-7510-01A-11R-2263-07	4.435114e-01	3.576917e-01	2.104833e-01	2.250967e+00	1.568997e+00	3.240728e-01	1.632440e+00	1.073210e+00	1.243055e+00	1.279289e+00
TCGA-G9-7519-01A-11R-2263-07	1.177534e+00	6.564485e-01	2.330342e-01	1.625333e+00	1.479775e+00	6.576608e-01	2.360602e+00	3.971928e-01	9.146217e-01	1.010193e+00
TCGA-G9-7521-01A-11R-2263-07	7.694883e-01	5.250006e-01	1.203974e+00	2.685631e+00	9.504971e-01	0	8.919114e-01	2.108771e-01	7.150413e-01	2.175407e+00
TCGA-G9-7522-01A-11R-2263-07	4.474961e-01	4.584564e-01	5.659048e-01	2.266489e+00	1.216466e+00	1.725700e+00	1.113177e+00	1.113817e+00	7.382302e-01	8.864987e-01
TCGA-G9-7523-01A-11R-2263-07	2.092037e+00	6.867275e-01	7.706237e-02	2.152079e+00	1.465862e+00	6.027785e-01	1.202131e+00	0	7.871865e-01	1.580646e+00
TCGA-G9-7525-01A-31R-2263-07	5.126023e-01	8.870357e-01	6.808228e-01	1.254852e+00	6.527954e-01	2.881619e+00	2.159267e-01	0	1.570364e+00	1.592134e+00
TCGA-G9-A9S0-01A-11R-A41O-07	2.225138e-01	6.884478e-01	1.234637e+00	1.301024e+00	7.352467e-01	2.158482e-01	8.257087e-01	2.292848e-01	1.859893e+00	2.205713e+00
TCGA-G9-A9S4-01A-11R-A41O-07	0	1.279501e-01	0	2.485200e+00	1.095112e+00	1.933449e+00	4.622739e-01	1.209956e+00	2.059161e-02	2.876613e+00
TCGA-G9-A9S7-01A-11R-A41O-07	0	3.435944e-01	5.732541e-01	2.122936e+00	7.578361e-01	2.147934e+00	4.916502e-01	7.079381e-01	6.733120e-01	2.296199e+00
TCGA-H9-7775-01A-11R-2118-07	6.468818e-01	4.252712e-01	5.324721e-01	1.946676e+00	6.729766e-01	2.184410e+00	5.523559e-01	4.066461e-01	1.239204e+00	1.457504e+00
TCGA-H9-A6BX-01A-31R-A311-07	9.279296e-01	8.956270e-01	0	2.355969e+00	1.030514e+00	4.810379e-01	9.206263e-01	1.822589e+00	7.825347e-01	1.289772e+00
TCGA-H9-A6BY-01A-11R-A30B-07	6.044613e-01	5.372214e-01	0	1.175987e+00	6.790667e-01	3.213207e+00	6.042152e-01	7.184540e-01	4.413762e-01	2.428464e+00
TCGA-HC-7075-01A-11R-1965-07	5.754028e-01	4.901450e-01	8.546445e-02	2.398773e+00	1.105645e+00	6.886742e-01	2.473904e+00	0	1.035727e+00	1.271988e+00
TCGA-HC-7077-01A-11R-1965-07	0	3.207676e-01	7.365614e-01	2.252404e+00	4.116407e-01	2.156417e+00	9.509966e-01	1.577969e-01	8.488618e-01	1.931571e+00
TCGA-HC-7078-01A-11R-2118-07	1.950606e-01	2.734162e-01	0	2.625433e+00	1.096134e+00	2.982571e-01	1.645691e+00	1.149796e+00	1.054665e+00	1.806999e+00
TCGA-HC-7079-01A-11R-1965-07	1.096343e-01	6.356590e-01	7.043431e-02	2.624823e+00	1.590518e+00	8.660978e-02	1.248590e-01	7.196482e-01	2.254529e+00	1.431451e+00
TCGA-HC-7080-01A-11R-1965-07	1.582445e-01	4.469837e-01	2.248298e-01	2.738989e+00	1.053326e+00	5.474255e-01	2.150600e+00	3.073433e-01	1.569446e-01	2.340242e+00
TCGA-HC-7081-01A-11R-1965-07	7.005608e-01	4.232302e-01	9.760114e-01	2.160790e+00	6.002037e-01	1.913016e+00	0	4.347833e-02	1.524480e+00	1.628443e+00
TCGA-HC-7209-01A-11R-2118-07	0	4.794332e-01	6.409172e-01	2.308319e+00	1.311928e+00	2.146983e+00	4.821319e-01	2.926809e-01	1.357727e+00	9.953208e-01
TCGA-HC-7210-01A-11R-2118-07	4.413230e-01	4.956285e-01	4.242715e-01	2.954412e+00	1.708848e+00	2.779312e-01	1.559466e+00	6.468492e-01	8.448427e-01	1.030790e+00
TCGA-HC-7211-11A-01R-2118-07	1.977300e-02	5.932233e+00	0	1.467241e+00	1.309330e+00	1.924516e-01	5.999443e-01	0	3.198718e-01	3.719872e-01
TCGA-HC-7211-01A-11R-2118-07	0	3.162070e-01	3.318704e-01	3.164486e+00	1.709278e+00	5.312472e-01	1.818501e+00	5.772600e-01	7.223691e-01	8.481961e-01
TCGA-HC-7212-01A-11R-2118-07	2.655290e-01	2.773184e-01	7.005688e-01	2.807406e+00	8.298307e-01	2.784006e+00	0	0	4.394817e-01	1.994464e+00
TCGA-HC-7213-01A-11R-2118-07	1.305273e-01	3.863572e-01	9.922124e-01	2.153057e+00	8.323180e-01	1.540794e+00	0	3.869213e-01	1.382031e+00	2.066653e+00
TCGA-HC-7230-01A-11R-2118-07	8.417827e-02	6.810706e-01	5.231744e-01	2.268938e+00	1.077442e+00	2.991602e+00	3.343049e-01	3.415846e-01	4.800147e-01	1.441202e+00
TCGA-HC-7231-01A-11R-2118-07	0	7.232137e-01	8.025861e-01	2.154540e+00	5.311676e-01	2.236786e+00	3.902971e-01	2.217036e-02	1.590048e+00	1.325113e+00
TCGA-HC-7232-01A-11R-2118-07	3.604169e-01	7.663693e-01	8.588571e-01	2.406458e+00	6.568106e-01	1.988747e+00	2.020590e-01	9.643607e-01	4.750348e-01	1.608274e+00
TCGA-HC-7233-01A-11R-2118-07	4.314193e-01	2.135563e-01	2.011256e-01	2.365504e+00	1.016239e+00	8.271658e-01	1.202205e+00	8.863294e-02	2.194346e+00	1.152819e+00
TCGA-HC-7736-01A-11R-2118-07	2.960846e-01	3.772269e-01	7.169451e-01	2.492442e+00	1.744124e+00	4.648000e-01	6.323231e-01	1.370976e+00	8.354779e-01	1.451485e+00
TCGA-HC-7737-11A-02R-2118-07	2.126780e-01	5.297495e+00	3.459808e-03	1.873252e+00	9.799496e-01	1.331083e-01	2.565605e-01	1.889006e-01	8.811344e-01	2.469440e-01
TCGA-HC-7737-01A-11R-2118-07	3.691256e-01	4.902001e-01	8.896580e-03	2.645246e+00	1.869031e+00	3.196609e-01	1.752897e+00	5.409233e-01	1.421241e+00	8.264229e-01
TCGA-HC-7738-11A-01R-2118-07	4.814562e-01	5.619766e+00	0	1.818262e+00	1.286657e+00	1.689092e-01	1.213175e-01	1.507357e-01	3.136920e-01	3.842329e-01
TCGA-HC-7738-01A-11R-2118-07	2.564115e-01	5.565109e-01	0	2.598525e+00	7.457934e-01	8.886067e-01	2.140039e+00	4.269669e-01	1.138436e+00	1.207487e+00
TCGA-HC-7740-11A-01R-2118-07	1.934074e-01	5.332596e+00	0	1.810424e+00	1.099555e+00	1.319888e-01	1.904545e-01	1.353613e-01	7.304888e-01	4.804980e-01
TCGA-HC-7740-01A-11R-2118-07	5.129447e-01	6.773839e-01	0	2.382846e+00	1.580926e+00	4.901316e-01	1.241446e+00	1.933319e+00	8.579459e-01	8.681998e-01
TCGA-HC-7742-11A-01R-2118-07	2.578753e-01	1.157608e+00	2.759039e-01	2.247374e+00	1.010491e+00	6.889299e-01	1.171301e+00	2.086146e+00	6.883491e-01	8.702445e-01
TCGA-HC-7742-01A-11R-2118-07	5.841252e-01	7.609496e-01	7.261737e-01	2.244531e+00	1.038298e+00	6.792863e-01	1.102725e+00	8.184204e-01	8.343662e-01	1.519697e+00
TCGA-HC-7744-01A-11R-2118-07	0	5.614051e-01	5.789002e-01	2.280611e+00	4.832610e-01	2.805900e+00	2.216342e-01	0	1.324774e+00	1.530987e+00
TCGA-HC-7745-11A-01R-2118-07	6.494848e-01	5.223539e+00	0	1.782054e+00	1.082394e+00	1.252344e-01	1.078835e-02	4.505938e-01	4.008281e-01	6.407566e-01
TCGA-HC-7745-01A-11R-2118-07	2.891872e-01	4.617985e-01	4.043479e-02	2.468164e+00	1.250374e+00	6.503220e-01	6.132739e-01	1.875088e+00	1.048963e+00	1.681095e+00
TCGA-HC-7747-11A-01R-2118-07	2.192041e-01	5.959941e+00	0	1.547380e+00	9.679405e-01	1.364826e-01	3.002731e-01	6.832684e-02	5.229758e-01	4.112124e-01
TCGA-HC-7747-01A-11R-2118-07	2.468023e-02	6.283431e-01	2.022378e-01	2.157420e+00	8.208628e-01	1.271598e+00	9.808342e-01	1.422487e+00	1.262360e+00	1.309060e+00
TCGA-HC-7748-01A-11R-2118-07	3.102180e-01	2.766532e-01	4.793291e-01	2.734538e+00	1.305643e+00	1.746100e+00	4.529641e-01	9.329552e-01	9.256797e-01	1.114706e+00
TCGA-HC-7749-01A-11R-2118-07	3.951443e-01	3.875074e-01	6.020746e-01	2.465466e+00	6.512572e-01	8.913026e-01	8.013159e-01	7.984176e-01	9.161197e-01	2.152354e+00
TCGA-HC-7750-01A-11R-2118-07	8.562133e-01	9.307015e-01	0	2.138545e+00	8.978247e-01	7.447732e-01	1.936939e+00	9.485878e-01	1.065263e+00	8.157185e-01
TCGA-HC-7752-11A-01R-2118-07	9.158088e-01	1.168253e+00	0	2.187196e+00	8.599001e-01	7.265240e-01	1.007213e+00	1.652325e+00	7.306286e-01	1.286779e+00
TCGA-HC-7752-01A-11R-2118-07	5.911152e-01	3.928135e-01	0	1.324628e+00	1.204511e+00	1.038194e+00	1.626534e+00	7.772819e-01	8.875994e-01	2.369520e+00
TCGA-HC-7817-01B-11R-A29R-07	4.245833e-01	6.011794e-01	5.575345e-01	1.825827e+00	9.667745e-01	7.953912e-01	6.500255e-01	6.806492e-01	2.115043e+00	1.270244e+00
TCGA-HC-7818-01A-11R-2118-07	1.098005e-01	5.211717e-01	8.726525e-02	2.279463e+00	1.146642e+00	1.563382e+00	1.047929e+00	7.812077e-01	1.553672e+00	9.606607e-01
TCGA-HC-7819-11A-01R-2118-07	4.466390e-01	1.114799e+00	0	2.865408e+00	7.053539e-01	5.540441e-01	1.720863e+00	2.459644e+00	0	9.015943e-01
TCGA-HC-7819-01A-11R-2118-07	4.588634e-02	4.459161e-01	3.110419e-01	2.522489e+00	1.177227e+00	2.925461e+00	7.391569e-01	3.538037e-01	3.798258e-01	1.381236e+00
TCGA-HC-7820-01A-11R-2118-07	2.752415e-01	5.244152e-01	2.242933e-01	2.125141e+00	7.773212e-01	1.909208e+00	1.314192e+00	9.829059e-01	8.692654e-01	1.191027e+00
TCGA-HC-7821-01A-12R-2118-07	6.197274e-01	1.537455e-01	5.565821e-01	2.824340e+00	1.085543e+00	1.517091e+00	3.588684e-01	1.640639e-01	4.461651e-01	2.513540e+00
TCGA-HC-8213-01A-11R-A29R-07	1.286505e-02	3.985496e-01	1.283167e-01	2.123878e+00	7.358007e-01	2.882480e+00	1.144358e+00	0	1.199366e+00	1.363574e+00
TCGA-HC-8216-01A-11R-A29R-07	2.042761e-01	2.439462e-01	1.505319e-01	2.530088e+00	7.992830e-01	7.108508e-01	1.301342e+00	7.211537e-01	1.405591e+00	1.777351e+00
TCGA-HC-8256-01A-11R-2263-07	2.236773e-01	5.470572e-01	7.373890e-02	2.773243e+00	7.289447e-01	9.744798e-01	2.253814e+00	9.405601e-01	2.551216e-01	1.437654e+00
TCGA-HC-8257-01A-11R-2263-07	2.094190e-01	2.216296e-01	0	2.885860e+00	6.676648e-01	1.802997e+00	1.057432e+00	7.728662e-01	5.265868e-01	1.937935e+00
TCGA-HC-8258-11A-01R-2263-07	0	5.938369e+00	0	1.492298e+00	1.181756e+00	1.092759e-01	4.590595e-01	1.765448e-02	5.578047e-01	3.067899e-01
TCGA-HC-8258-01A-11R-2263-07	6.267002e-02	7.947488e-01	0	2.418673e+00	1.526471e+00	1.567854e-01	1.902987e+00	1.860191e+00	6.443772e-01	1.107694e+00
TCGA-HC-8259-11A-01R-2263-07	8.508507e-01	9.046436e-01	0	2.594842e+00	1.199285e+00	4.903303e-01	1.852801e+00	2.097204e+00	0	9.967846e-01
TCGA-HC-8259-01A-11R-2263-07	4.005110e-01	5.452781e-01	9.002413e-02	2.042978e+00	8.819698e-01	2.534678e+00	1.172401e+00	5.321396e-01	6.536366e-01	1.366127e+00
TCGA-HC-8260-11A-01R-2263-07	4.776188e-01	1.115806e+00	0	2.605879e+00	1.074231e+00	4.501614e-01	1.697880e+00	2.557207e+00	0	1.081514e+00
TCGA-HC-8260-01A-11R-2263-07	1.989221e-01	7.007767e-01	5.745987e-02	2.543223e+00	1.021076e+00	1.116118e+00	1.006336e+00	2.032710e+00	2.685732e-01	1.575120e+00
TCGA-HC-8261-01A-11R-2263-07	2.878723e-01	2.975862e-01	0	2.510997e+00	6.798267e-01	3.118845e-01	2.172191e+00	7.206977e-01	1.228246e+00	1.701864e+00
TCGA-HC-8262-11A-01R-2263-07	1.164619e-02	1.505600e+00	6.817468e-02	2.671944e+00	1.861522e+00	0	3.836039e-01	2.603332e+00	3.093351e-02	1.361517e+00
TCGA-HC-8262-01A-11R-2263-07	0	5.563920e-01	1.790795e-01	2.244332e+00	6.615775e-01	1.697332e+00	6.101234e-01	1.372588e+00	9.225874e-01	1.792369e+00
TCGA-HC-8264-01B-11R-2403-07	1.417732e+00	4.668537e-01	3.689004e-01	2.290305e+00	8.666740e-01	0	1.618525e+00	5.721558e-01	2.401574e-01	2.069604e+00
TCGA-HC-8265-01A-11R-2263-07	1.690712e-01	6.053417e-01	0	2.486873e+00	1.114291e+00	5.603091e-01	1.220739e+00	9.159774e-01	9.926878e-01	2.118933e+00
TCGA-HC-8266-01A-11R-2263-07	2.194903e-01	4.042414e-01	6.927449e-02	2.739407e+00	9.298575e-01	1.993253e-01	1.093908e+00	1.366650e+00	1.356496e+00	1.633762e+00
TCGA-HC-A48F-01A-11R-A250-07	4.756386e-01	4.482450e-01	1.351790e+00	2.147587e+00	6.926974e-01	2.077385e+00	5.915619e-02	1.510423e-01	2.380945e-01	2.505691e+00
TCGA-HC-A4ZV-01A-11R-A26U-07	3.603514e-01	4.223248e-01	2.067342e-01	2.788082e+00	8.444647e-01	1.583917e-01	2.765883e-01	4.452609e-01	1.077255e+00	3.271684e+00
TCGA-HC-A631-01A-11R-A29R-07	1.814969e-01	7.174860e-01	9.899134e-01	2.131654e+00	5.580213e-01	1.194710e+00	1.963619e-01	3.090802e-01	8.035742e-01	2.720165e+00
TCGA-HC-A632-01A-11R-A29R-07	6.852438e-01	4.029352e-01	1.712259e-01	2.684285e+00	5.591854e-01	1.993248e+00	0	0	8.669386e-01	2.677782e+00
TCGA-HC-A6AL-01A-11R-A30B-07	3.605398e-01	2.087212e-01	6.005783e-01	1.299916e+00	1.142900e+00	1.305818e+00	8.474822e-01	5.779352e-01	1.227390e+00	2.624122e+00
TCGA-HC-A6AN-01A-11R-A30B-07	4.107261e-01	4.115400e-01	7.303683e-01	9.031948e-01	9.271044e-01	2.347099e+00	7.772196e-01	0	1.558041e+00	2.011051e+00
TCGA-HC-A6AO-01A-11R-A30B-07	0	4.326002e-01	3.138583e-01	1.533012e+00	1.119339e+00	9.224491e-01	1.688558e+00	0	1.538119e+00	2.347816e+00
TCGA-HC-A6AP-01A-11R-A30B-07	5.989910e-01	5.816128e-01	2.112182e-02	1.117318e+00	1.154798e+00	9.109271e-01	1.884050e+00	4.493641e-01	1.862491e+00	1.580751e+00
TCGA-HC-A6AQ-01A-11R-A30B-07	2.900056e-01	4.176605e-01	1.135205e-01	1.151763e+00	8.744466e-01	1.690281e+00	1.255743e+00	1.428785e+00	1.039941e+00	2.055223e+00
TCGA-HC-A6AS-01A-11R-A30B-07	5.909474e-01	2.544608e-01	2.354203e-01	8.909466e-01	1.677679e+00	8.696864e-01	9.697420e-01	1.266515e+00	1.667200e+00	1.934990e+00
TCGA-HC-A6HX-01A-11R-A31N-07	2.424039e-01	1.070459e+00	1.362071e-01	8.649119e-01	1.696148e+00	5.021132e-01	6.561044e-01	2.407070e+00	7.029107e-01	2.327159e+00
TCGA-HC-A6HY-01A-11R-A31N-07	8.218013e-02	4.317740e-01	2.240695e-01	1.618044e+00	9.595809e-01	2.517945e+00	9.234732e-01	1.123347e+00	6.301786e-01	1.828379e+00
TCGA-HC-A76W-01A-11R-A33R-07	4.929217e-01	8.744516e-01	0	2.321163e+00	1.245795e+00	5.737939e-01	4.290777e-01	1.162669e+00	9.911673e-01	2.216059e+00
TCGA-HC-A76X-01A-11R-A33R-07	4.290518e-01	4.255717e-01	1.413242e-01	2.066890e+00	9.293641e-01	3.436507e+00	4.532140e-01	0	5.114861e-01	1.836260e+00
TCGA-HC-A8CY-01A-11R-A36G-07	1.696920e-02	4.099432e-02	2.404334e-01	2.795418e+00	8.753382e-01	7.167267e-01	7.664531e-01	5.513313e-01	8.794000e-01	2.915788e+00
TCGA-HC-A8D0-01A-11R-A36G-07	3.076332e-01	5.522752e-01	0	2.117072e+00	8.711691e-01	1.611774e+00	9.757273e-02	1.113212e+00	1.443003e+00	1.958744e+00
TCGA-HC-A8D1-01A-11R-A36G-07	1.775886e-01	2.714397e-01	2.177601e-02	2.487157e+00	1.347131e+00	1.532813e+00	5.063537e-01	1.523205e+00	9.768111e-01	1.489855e+00
TCGA-HC-A9TE-01A-11R-A41O-07	4.988080e-01	6.552275e-01	1.051215e+00	1.878252e+00	1.139650e+00	5.990935e-01	0	4.888311e-01	1.345039e+00	2.379548e+00
TCGA-HC-A9TH-01A-11R-A41O-07	2.232790e-01	6.053613e-01	1.454739e+00	1.953667e+00	6.929689e-01	7.385497e-01	0	1.445742e-01	1.676347e+00	2.285453e+00
TCGA-HI-7168-01A-11R-2118-07	8.650208e-01	8.119567e-01	2.340386e-01	2.130276e+00	1.477714e+00	4.785393e-01	2.431994e-01	1.319629e+00	6.203834e-01	2.365859e+00
TCGA-HI-7169-01A-11R-2118-07	1.785432e+00	1.008055e+00	0	1.276209e+00	1.317290e+00	1.361425e+00	9.244096e-01	1.456557e+00	0	1.665162e+00
TCGA-HI-7170-01A-11R-2118-07	6.738906e-01	8.213255e-01	1.799887e-01	1.835482e+00	1.537386e+00	4.132476e-01	8.690165e-01	1.135696e+00	1.724372e+00	1.104053e+00
TCGA-HI-7171-01A-12R-2118-07	3.915024e-01	5.110955e-01	3.654450e-01	2.282182e+00	6.852616e-01	2.364384e+00	0	0	8.964079e-01	2.530540e+00
TCGA-J4-8198-01A-11R-2263-07	5.458112e-01	2.976974e-01	0	2.810253e+00	7.335236e-01	2.103111e+00	5.130742e-01	1.042574e+00	5.063096e-01	1.763126e+00
TCGA-J4-8200-01A-11R-A29R-07	1.263789e+00	3.461930e-01	1.751701e-01	2.212651e+00	1.533905e+00	7.229085e-01	1.971471e+00	4.950900e-02	1.085141e+00	9.566229e-01
TCGA-J4-A67K-01A-21R-A30B-07	3.200971e-02	1.863094e-01	0	1.144498e+00	1.340855e+00	2.637524e+00	2.301098e-01	1.712180e-01	1.890276e+00	2.255870e+00
TCGA-J4-A67L-01A-11R-A30B-07	3.693776e-01	3.720961e-01	8.532597e-01	9.305968e-01	1.168762e+00	1.920564e+00	9.053599e-01	2.003102e-01	1.759157e+00	1.671539e+00
TCGA-J4-A67M-01A-11R-A30B-07	4.624424e-01	2.965531e-01	2.542226e-01	1.075555e+00	1.153201e+00	9.758150e-01	7.939446e-01	1.089921e+00	1.904224e+00	2.139853e+00
TCGA-J4-A67N-01A-11R-A30B-07	2.092379e-01	2.231685e-01	7.880798e-01	9.748605e-01	1.548650e+00	2.086722e+00	5.592890e-01	7.912302e-01	8.103303e-01	2.444006e+00
TCGA-J4-A67O-01A-11R-A30B-07	1.051387e+00	7.371366e-01	1.479776e-02	5.697787e-01	1.727346e+00	1.842562e+00	1.547908e+00	7.759808e-01	1.064779e+00	1.402864e+00
TCGA-J4-A67Q-01A-21R-A30B-07	1.089203e+00	5.519659e-01	0	5.353094e-01	1.601050e+00	1.094066e+00	9.605245e-01	7.704411e-01	1.915182e+00	1.806867e+00
TCGA-J4-A67R-01A-21R-A30B-07	4.254354e-01	3.770973e-01	8.421867e-02	9.952372e-01	1.667364e+00	2.011267e+00	7.326351e-01	8.847867e-01	1.775326e+00	1.437085e+00
TCGA-J4-A67S-01A-11R-A30B-07	1.909747e-01	3.825539e-01	3.077275e-01	9.956181e-01	1.699873e+00	2.234477e+00	8.399188e-01	7.643666e-01	1.201413e+00	1.770406e+00
TCGA-J4-A67T-01A-11R-A311-07	3.172283e-01	3.418061e-01	2.349398e-02	2.217324e+00	1.607320e+00	1.269652e+00	1.395812e+00	1.122005e+00	9.467964e-01	1.171736e+00
TCGA-J4-A6G1-01A-11R-A311-07	2.240948e-01	5.724642e-01	1.915984e-01	2.091879e+00	1.083015e+00	1.228267e+00	2.470244e-02	1.060178e+00	1.760611e+00	1.726123e+00
TCGA-J4-A6G3-01A-11R-A311-07	1.152813e-01	3.299872e-01	1.199998e-01	2.510500e+00	1.550966e+00	5.105192e-01	9.247536e-01	1.037214e+00	1.574306e+00	1.367601e+00
TCGA-J4-A6M7-01A-11R-A31N-07	7.965571e-01	4.512725e-01	6.368756e-02	2.372041e+00	1.002550e+00	3.307569e+00	5.135258e-01	1.021469e-01	1.533951e-01	1.638417e+00
TCGA-J4-A83I-01A-11R-A36G-07	2.017175e-01	1.731682e-01	8.297902e-01	2.463104e+00	1.179784e+00	1.963154e+00	0	3.821677e-01	7.887801e-01	2.195695e+00
TCGA-J4-A83J-11A-11R-A36G-07	4.038098e-01	5.208873e-01	0	2.413030e+00	2.128412e+00	5.409438e-03	1.026933e+00	2.315715e+00	6.485743e-01	1.269831e+00
TCGA-J4-A83J-01A-11R-A36G-07	0	1.834233e-01	3.244249e-01	2.282177e+00	1.971216e+00	6.425034e-01	1.830975e+00	4.339407e-01	1.337363e+00	1.174036e+00
TCGA-J4-A83K-01A-11R-A352-07	5.320360e-01	4.105449e-01	0	2.106098e+00	1.211726e+00	2.018927e+00	8.070277e-01	1.190797e+00	8.154653e-01	1.389297e+00
TCGA-J4-A83L-01A-11R-A352-07	8.570207e-01	3.558025e-01	0	2.395665e+00	1.681945e+00	7.113185e-01	1.857994e+00	9.976940e-01	6.098385e-01	1.148330e+00
TCGA-J4-A83M-01A-11R-A352-07	1.067616e-01	1.337556e-01	1.731793e-01	2.013149e+00	1.404661e+00	1.462002e+00	5.938537e-01	7.968916e-01	1.403704e+00	1.933290e+00
TCGA-J4-A83N-01A-11R-A352-07	8.043254e-02	2.711897e-01	5.938528e-02	2.128252e+00	1.587676e+00	2.302330e+00	1.040232e+00	5.808567e-01	7.745822e-01	1.511831e+00
TCGA-J4-AATV-01A-11R-A41O-07	4.049202e-01	4.299015e-01	0	2.021092e+00	2.032337e+00	7.990575e-01	1.069181e+00	1.268210e+00	1.442559e+00	9.794499e-01
TCGA-J4-AATZ-01A-11R-A41O-07	0	4.151463e-01	1.172689e+00	2.609070e+00	1.141038e+00	7.285304e-01	8.357127e-01	8.659317e-01	3.606483e-01	2.120113e+00
TCGA-J4-AAU2-01A-11R-A41O-07	6.163415e-01	5.017078e-01	0	2.357219e+00	1.677519e+00	6.616776e-01	2.681058e+00	5.036266e-01	4.633359e-01	1.049712e+00
TCGA-J9-A52B-01A-11R-A26U-07	4.611593e-01	4.089630e-01	6.447090e-01	2.040956e+00	9.528297e-01	1.877425e+00	7.183782e-02	8.689862e-01	5.949530e-01	2.378253e+00
TCGA-J9-A52C-01A-11R-A26U-07	6.354917e-01	5.199171e-01	9.565548e-02	2.029220e+00	1.775164e+00	4.380692e-01	4.710468e-01	1.474280e+00	1.139150e+00	1.891293e+00
TCGA-J9-A52D-01A-11R-A29R-07	0	7.249970e-01	0	2.004453e+00	4.769517e-01	4.796912e-01	2.345380e+00	0	1.102652e+00	2.044016e+00
TCGA-J9-A52E-01A-11R-A26U-07	6.194773e-01	9.560000e-01	2.003252e-02	1.515175e+00	5.967667e-01	5.742276e-01	0	1.168471e-01	2.265280e+00	2.814308e+00
TCGA-J9-A8CK-01A-11R-A352-07	5.667410e-01	3.887016e-01	1.965705e-01	1.722449e+00	1.391544e+00	1.582748e+00	0	1.259410e+00	1.142805e+00	2.189569e+00
TCGA-J9-A8CL-01A-11R-A352-07	6.319980e-01	1.957072e-01	0	2.741187e+00	5.602094e-01	5.069910e-02	9.211903e-01	6.226120e-01	1.173291e+00	3.000208e+00
TCGA-J9-A8CM-01A-11R-A352-07	7.086382e-01	4.633914e-01	3.278097e-01	2.006583e+00	8.496848e-01	1.547755e+00	0	3.729041e-01	1.374599e+00	2.485629e+00
TCGA-J9-A8CN-01A-11R-A352-07	8.550504e-01	3.069177e-01	0	2.226018e+00	2.116452e+00	2.968880e-01	2.723053e+00	0	2.912564e-01	1.728413e+00
TCGA-J9-A8CP-01A-11R-A352-07	6.060250e-01	2.815828e-01	2.848656e-01	2.509469e+00	1.345629e+00	3.507853e-01	1.646866e+00	9.385726e-01	4.633361e-01	2.048960e+00
TCGA-KC-A4BL-01A-31R-A250-07	1.906337e-01	5.480666e-01	9.123055e-02	2.466270e+00	1.649164e+00	2.475496e-01	4.223434e-01	2.015451e+00	9.410604e-01	1.785192e+00
TCGA-KC-A4BN-01A-61R-A250-07	0	4.510728e-01	7.341230e-02	2.524541e+00	1.639995e+00	1.531662e+00	1.623274e+00	1.130304e+00	5.440182e-01	8.757572e-01
TCGA-KC-A4BR-01A-32R-A32Y-07	1.175411e+00	3.613361e-01	0	2.293656e+00	2.135875e+00	1.394436e+00	9.957729e-01	1.031039e+00	3.372540e-01	1.289124e+00
TCGA-KC-A4BV-01A-31R-A26U-07	7.684800e-01	2.772373e-01	5.597488e-01	2.505707e+00	9.812728e-01	1.488790e+00	0	4.964293e-01	6.092067e-01	2.568734e+00
TCGA-KC-A7F3-01A-21R-A33R-07	1.457504e-01	4.227811e-01	0	2.079145e+00	1.582522e+00	5.089478e-01	1.686560e+00	7.052626e-01	1.592880e+00	1.345904e+00
TCGA-KC-A7F5-01A-11R-A33R-07	5.592272e-02	7.655738e-01	2.340286e-01	2.010077e+00	8.849232e-01	5.366010e-01	1.759178e+00	4.348839e-01	2.289411e-01	3.094410e+00
TCGA-KC-A7F6-01A-11R-A33R-07	1.947219e-01	3.438331e-01	5.805890e-02	1.823329e+00	1.183610e+00	1.899001e+00	1.803517e-01	8.875534e-01	1.470008e+00	2.025055e+00
TCGA-KC-A7FA-01A-21R-A33R-07	5.855250e-01	2.325696e-01	4.032118e-01	1.769683e+00	1.541374e+00	1.140970e+00	1.241997e+00	1.821672e-01	1.249562e+00	1.909190e+00
TCGA-KC-A7FD-01A-11R-A33R-07	0	4.098219e-01	1.283260e-01	2.430499e+00	1.157001e+00	1.645756e+00	1.051211e+00	4.207753e-01	6.435238e-01	2.130866e+00
TCGA-KC-A7FE-01A-12R-A33R-07	1.151620e+00	3.993766e-01	0	2.400313e+00	1.314869e+00	5.127450e-01	1.660027e+00	1.382334e+00	5.642407e-01	1.296111e+00
TCGA-KK-A59V-01A-11R-A29R-07	1.422971e-01	2.219841e-01	1.304203e-01	2.046163e+00	1.265901e+00	2.837285e-01	4.190638e-01	2.639442e-01	1.631091e+00	3.185005e+00
TCGA-KK-A59X-01A-11R-A29R-07	5.306673e-01	6.638592e-01	5.901027e-01	1.970931e+00	1.214628e+00	0	2.050948e+00	0	1.025659e+00	2.033349e+00
TCGA-KK-A59Y-01A-11R-A26U-07	6.242136e-02	5.652888e-01	8.129747e-01	1.791214e+00	9.215311e-01	2.521653e+00	3.658213e-01	3.057676e-01	7.965583e-01	1.959252e+00
TCGA-KK-A59Z-01A-12R-A26U-07	6.149873e-01	4.482474e-01	0	2.397502e+00	1.311824e+00	1.164583e-01	1.158678e+00	6.786834e-01	1.301530e+00	2.079154e+00
TCGA-KK-A5A1-01A-11R-A29R-07	5.514564e-01	2.504683e-01	0	2.872342e+00	6.939380e-01	2.505769e-01	1.608531e+00	1.996299e-01	7.966356e-01	2.631708e+00
TCGA-KK-A6DY-01A-12R-A311-07	0	1.598935e-01	3.803273e-01	2.360865e+00	1.506699e+00	1.679286e+00	1.659177e-01	8.611053e-01	1.198824e+00	1.802005e+00
TCGA-KK-A6E0-01A-11R-A311-07	1.297634e-01	5.899678e-01	4.301444e-01	2.321757e+00	8.818101e-01	4.944945e-01	2.187477e+00	3.237694e-01	9.199631e-01	1.651717e+00
TCGA-KK-A6E1-01A-11R-A311-07	0	6.469759e-01	1.387779e+00	1.627711e+00	1.105507e+00	2.087134e+00	0	0	1.089220e+00	2.082363e+00
TCGA-KK-A6E2-01A-11R-A311-07	1.855346e-01	2.905475e-01	1.755825e-01	2.916478e+00	7.511142e-01	3.102628e+00	8.467763e-02	2.530609e-01	0	2.521532e+00
TCGA-KK-A6E3-01A-21R-A30B-07	8.889475e-01	5.663264e-01	1.144654e-01	1.131102e+00	1.442369e+00	9.495684e-01	1.940235e+00	1.235345e+00	1.068566e+00	1.298466e+00
TCGA-KK-A6E4-01A-11R-A30B-07	4.758681e-01	3.454567e-01	2.843157e-02	1.237105e+00	1.320312e+00	3.227345e+00	8.151861e-01	0	8.658278e-01	2.085238e+00
TCGA-KK-A6E5-01A-11R-A311-07	2.885014e-01	2.565832e-01	1.181323e-01	2.101997e+00	9.561946e-01	7.031065e-01	1.603930e+00	1.137025e+00	1.127343e+00	1.791120e+00
TCGA-KK-A6E6-01A-11R-A311-07	5.142990e-01	1.681776e-01	5.847263e-01	1.970055e+00	1.343933e+00	2.458724e+00	1.961982e-01	2.112221e-01	1.258451e+00	1.530216e+00
TCGA-KK-A6E7-01A-11R-A31N-07	4.560163e-01	1.252022e+00	4.945489e-01	1.761427e+00	1.268115e+00	6.140264e-01	1.281484e+00	2.837992e-01	5.023844e-01	2.342653e+00
TCGA-KK-A6E8-01A-11R-A31N-07	6.969145e-01	6.136767e-01	3.380709e-02	2.280755e+00	9.043687e-01	7.507349e-01	2.573404e+00	0	3.710334e-01	2.268594e+00
TCGA-KK-A7AP-01A-12R-A33R-07	4.359833e-02	4.540421e-01	1.918859e-01	2.729780e+00	5.527907e-01	9.204060e-01	2.095300e-01	8.076766e-01	1.160448e-03	4.029458e+00
TCGA-KK-A7AQ-01A-11R-A33R-07	4.690576e-01	6.731469e-01	2.730496e-01	1.280657e+00	1.105706e+00	2.353225e-01	1.842010e+00	6.740425e-01	1.363939e+00	2.177868e+00
TCGA-KK-A7AU-01A-11R-A32O-07	0	3.436300e-01	7.706353e-01	2.276673e+00	5.803539e-01	2.570298e+00	1.474905e-01	4.969480e-01	0	3.087772e+00
TCGA-KK-A7AV-01A-11R-A32O-07	1.546650e-01	7.633447e-02	0	2.399875e+00	1.286681e+00	2.688944e-01	1.643978e+00	1.129984e+00	1.412526e+00	1.700622e+00
TCGA-KK-A7AW-01A-11R-A32O-07	1.081978e-01	1.685205e-01	3.772883e-01	6.226670e-01	9.227035e-01	1.716634e+00	1.032190e+00	4.010345e-01	1.629199e+00	2.880518e+00
TCGA-KK-A7AY-01A-11R-A33R-07	1.764290e-01	3.908336e-01	6.077945e-01	1.402432e+00	1.130697e+00	1.927148e+00	7.506347e-01	5.608557e-01	7.870507e-01	2.506944e+00
TCGA-KK-A7AZ-01A-12R-A32O-07	4.996765e-02	3.083985e-01	1.184882e-01	1.717085e+00	7.247286e-01	1.075388e+00	3.136577e-01	8.329495e-01	1.214195e+00	3.394509e+00
TCGA-KK-A7B0-01A-11R-A32O-07	3.816020e-01	5.390856e-01	0	7.928990e-01	9.412531e-01	2.022013e-01	1.451695e+00	9.578674e-01	2.293138e+00	2.235773e+00
TCGA-KK-A7B1-01A-11R-A32O-07	4.678694e-01	5.580614e-01	4.491469e-01	1.693326e+00	1.260554e+00	2.245446e+00	0	3.408319e-01	1.505031e+00	1.682774e+00
TCGA-KK-A7B2-01A-12R-A32O-07	3.336423e-01	3.126626e-01	2.847506e-01	1.549260e+00	1.576299e+00	9.973008e-01	5.928892e-01	1.579001e+00	1.284415e+00	1.955153e+00
TCGA-KK-A7B3-01A-11R-A33R-07	4.703864e-01	1.046019e-01	5.206570e-01	1.900880e+00	9.764184e-01	1.018753e+00	2.482845e-01	1.363374e+00	9.436606e-01	2.750959e+00
TCGA-KK-A7B4-01A-11R-A32O-07	1.208404e-01	3.538890e-01	5.930336e-01	2.145590e+00	6.191987e-01	1.674209e+00	0	4.127054e-01	1.101088e+00	2.818752e+00
TCGA-KK-A8I4-01A-11R-A36G-07	5.372973e-01	2.402590e-01	6.669859e-01	1.978246e+00	1.342309e+00	1.162790e+00	2.458945e-02	7.289438e-01	1.620967e+00	1.927504e+00
TCGA-KK-A8I5-01A-11R-A36G-07	5.977584e-01	2.613245e-01	5.381285e-01	1.658241e+00	1.566149e+00	2.026646e+00	4.184759e-01	0	1.408169e+00	1.652025e+00
TCGA-KK-A8I6-01A-11R-A36G-07	1.374082e-02	3.780614e-01	5.789304e-01	1.998950e+00	7.126403e-01	2.142039e+00	3.839839e-01	8.665884e-01	1.088584e+00	1.872293e+00
TCGA-KK-A8I7-01A-21R-A36G-07	4.071949e-01	5.422775e-01	3.449045e-01	2.355373e+00	1.194071e+00	2.415368e-01	1.225964e+00	1.251172e+00	1.058920e+00	1.692393e+00
TCGA-KK-A8I8-01A-11R-A36G-07	9.524271e-02	3.574273e-01	0	2.467310e+00	6.288916e-01	2.070207e+00	0	6.638944e-01	6.893719e-01	2.961911e+00
TCGA-KK-A8I9-01A-11R-A36G-07	3.135815e-01	2.902472e-01	1.268508e-01	2.080718e+00	1.521417e+00	9.725546e-02	1.382400e+00	6.775455e-01	1.681226e+00	1.913673e+00
TCGA-KK-A8IA-01A-11R-A36G-07	1.350936e-01	4.781627e-01	1.070625e+00	2.153605e+00	6.462803e-01	1.500349e+00	0	2.871931e-01	7.224955e-01	2.898169e+00
TCGA-KK-A8IB-01A-11R-A36G-07	2.902243e-01	4.654282e-01	5.999318e-02	1.437182e+00	1.392071e+00	1.304898e-01	1.079583e+00	4.879312e-01	2.377669e+00	2.022780e+00
TCGA-KK-A8IC-01A-11R-A36G-07	2.596480e-01	5.562941e-01	6.163556e-01	2.118006e+00	1.406783e+00	1.267389e+00	1.114329e-02	1.006629e+00	1.331412e+00	1.637073e+00
TCGA-KK-A8ID-01A-11R-A36G-07	1.205775e-01	5.104492e-01	3.836395e-01	3.039014e+00	1.188731e+00	5.088104e-01	1.445727e+00	3.004523e-01	0	2.769754e+00
TCGA-KK-A8IF-01A-11R-A36G-07	2.198553e-01	8.143540e-01	0	1.942959e+00	5.937975e-01	1.232588e-01	1.514089e+00	0	1.253424e+00	2.951686e+00
TCGA-KK-A8IG-01A-11R-A36G-07	1.316811e+00	2.710457e-01	1.083363e-01	2.386714e+00	1.504240e+00	3.506952e-01	1.683316e+00	4.357626e-01	6.077911e-01	1.870754e+00
TCGA-KK-A8IH-01A-11R-A36G-07	2.107420e-01	2.633754e-01	1.001478e+00	1.431289e+00	1.226897e+00	1.613593e+00	1.569427e-01	2.837028e-02	1.939794e+00	1.930516e+00
TCGA-KK-A8II-01A-11R-A36G-07	0	2.530827e-01	7.769380e-01	2.354347e+00	1.199574e+00	3.174621e+00	1.488510e-02	0	4.100523e-01	2.062236e+00
TCGA-KK-A8IJ-01A-11R-A352-07	3.685108e-01	2.601711e-01	1.884279e-01	2.620999e+00	1.745155e+00	7.049996e-01	1.719097e+00	9.979604e-01	3.032746e-01	1.577448e+00
TCGA-KK-A8IK-01A-11R-A36G-07	1.845053e-02	8.741138e-01	0	2.387516e+00	5.371655e-01	4.594298e-01	1.511340e+00	7.635696e-02	4.106201e-01	3.388714e+00
TCGA-KK-A8IL-01A-11R-A36G-07	3.162593e-02	1.227121e-01	1.667738e-01	2.325622e+00	1.496873e+00	2.769865e-01	9.830539e-01	1.152903e+00	1.590383e+00	1.834000e+00
TCGA-KK-A8IM-01A-11R-A36G-07	2.638514e-01	2.085636e-01	4.911658e-01	2.315314e+00	8.997166e-01	1.347825e+00	2.671358e-01	1.390810e+00	1.042786e+00	1.928799e+00
TCGA-M7-A71Y-01A-22R-A32O-07	2.067615e-01	8.181327e-01	1.192480e-01	1.874674e+00	1.002835e+00	7.839279e-01	2.867281e-01	2.490048e+00	6.073837e-01	2.192015e+00
TCGA-M7-A71Z-01A-12R-A32O-07	0	5.861791e-01	2.913380e-01	1.572102e+00	8.932443e-01	3.337428e+00	1.704537e-01	4.695970e-01	9.879653e-02	2.773228e+00
TCGA-M7-A720-01A-12R-A32O-07	2.049931e-01	8.286030e-01	1.909176e-01	2.201744e+00	9.248354e-01	6.688180e-01	7.857409e-01	2.647239e+00	4.953381e-01	1.544842e+00
TCGA-M7-A721-01A-12R-A32O-07	2.650792e-01	5.426287e-01	2.957989e-01	2.243053e+00	1.020765e+00	7.487350e-01	1.574198e+00	9.945938e-01	1.144063e+00	1.405392e+00
TCGA-M7-A722-01A-12R-A36G-07	1.762929e-01	7.156758e-01	0	1.019922e+00	7.886814e-01	4.547782e-01	1.393492e+00	3.219607e-01	1.289476e+00	3.410933e+00
TCGA-M7-A723-01A-12R-A32O-07	8.061875e-01	5.610092e-01	1.144091e-01	1.640710e+00	1.273118e+00	6.598723e-01	1.792230e+00	1.081489e+00	1.173079e+00	1.386400e+00
TCGA-M7-A724-01A-12R-A32O-07	2.410225e-02	4.124821e-01	5.715291e-01	2.130500e+00	1.509520e+00	4.033236e-01	1.998256e+00	0	0	3.422380e+00
TCGA-M7-A725-01A-12R-A32O-07	0	3.882168e-01	1.285242e+00	2.208262e+00	8.470934e-01	5.724162e-01	7.743642e-01	4.100782e-01	1.006913e+00	2.334068e+00
TCGA-MG-AAMC-01A-11R-A41O-07	2.466819e-01	2.330093e-01	7.416627e-01	1.427742e+00	1.366510e+00	3.104053e+00	4.024950e-01	8.225720e-02	4.481218e-01	2.271482e+00
TCGA-QU-A6IL-01A-11R-A31N-07	3.173068e-01	2.769024e-01	0	9.140035e-01	1.857726e+00	9.202924e-01	1.738759e+00	3.613626e-01	1.351899e+00	2.388087e+00
TCGA-QU-A6IM-01A-11R-A31N-07	3.965105e-01	4.153706e-01	0	5.580792e-01	1.689657e+00	8.092273e-01	2.025600e+00	1.058420e+00	1.479945e+00	1.778401e+00
TCGA-QU-A6IN-01A-11R-A31N-07	1.976465e-01	5.883234e-01	3.446414e-01	3.701640e-01	1.414425e+00	2.935543e+00	8.963556e-02	0	1.314201e+00	2.785278e+00
TCGA-QU-A6IO-01A-11R-A31N-07	2.763162e-01	3.911704e-01	0	8.750045e-01	1.603518e+00	7.796602e-01	1.964640e+00	1.186734e+00	1.148637e+00	2.054909e+00
TCGA-QU-A6IP-01A-11R-A31N-07	3.706129e-01	2.700824e-01	0	1.747793e+00	1.253839e+00	1.939999e+00	9.349438e-01	1.238604e+00	1.067949e+00	1.505755e+00
TCGA-SU-A7E7-01A-22R-A33R-07	6.576103e-02	6.520350e-02	3.425069e-01	2.719291e+00	1.581803e+00	8.561475e-01	5.609479e-01	1.478978e+00	7.745210e-01	1.886645e+00
TCGA-TK-A8OK-01A-22R-A36G-07	1.032598e+00	1.273301e+00	2.041953e-01	2.529086e+00	1.705066e+00	3.125042e-01	3.784249e-01	1.100680e+00	4.065101e-01	1.747573e+00
TCGA-TP-A8TT-01A-12R-A41O-07	3.154468e-01	2.900297e-01	6.752715e-01	2.309911e+00	9.368062e-01	2.051890e+00	3.889321e-01	4.583935e-01	1.318839e+00	1.357675e+00
TCGA-TP-A8TV-01A-11R-A41O-07	2.282072e-01	4.600332e-01	0	2.354296e+00	1.054881e+00	3.141231e-01	2.507787e+00	0	8.403988e-01	2.139408e+00
TCGA-V1-A8MF-01A-11R-A36G-07	3.990352e-01	3.940680e-01	6.051589e-02	2.116940e+00	1.584470e+00	8.643006e-02	1.587275e+00	1.105648e+00	1.162405e+00	1.763636e+00
TCGA-V1-A8MG-01A-11R-A36G-07	4.558870e-01	1.609258e-01	0	2.502877e+00	1.043766e+00	2.433288e-01	1.274479e+00	1.459740e+00	8.418943e-01	2.278509e+00
TCGA-V1-A8MJ-01A-11R-A36G-07	1.916853e-01	1.699264e-01	5.205859e-01	2.047999e+00	1.398700e+00	7.635745e-01	8.160976e-01	1.146358e+00	1.560234e+00	1.496243e+00
TCGA-V1-A8MK-01A-11R-A36G-07	6.136110e-01	6.269947e-01	0	2.296437e+00	1.283795e+00	1.017669e+00	1.711408e+00	1.743753e+00	3.541408e-01	1.069327e+00
TCGA-V1-A8ML-01A-11R-A37L-07	6.430039e-01	3.250206e-01	0	2.475003e+00	1.247265e+00	6.710653e-01	1.920958e+00	1.081831e+00	2.385589e-01	1.924292e+00
TCGA-V1-A8MM-01A-11R-A37L-07	6.051271e-01	2.258588e-01	1.231236e-01	2.231832e+00	1.040348e+00	2.431017e-02	1.465505e+00	4.181520e-01	9.958949e-01	2.987652e+00
TCGA-V1-A8MU-01A-11R-A37L-07	5.794536e-01	1.442280e-01	1.383551e-01	2.324717e+00	1.246417e+00	5.097821e-01	1.234146e+00	1.557336e+00	9.483377e-01	1.768971e+00
TCGA-V1-A8WL-01A-11R-A37L-07	6.297982e-01	2.059211e-01	4.342706e-02	2.177560e+00	1.651421e+00	5.170119e-01	1.682749e+00	1.048697e+00	1.116355e+00	1.344499e+00
TCGA-V1-A8WN-01A-11R-A37L-07	4.049857e-01	5.698125e-01	0	2.804357e+00	1.373958e+00	1.151506e+00	1.087004e+00	1.889617e+00	5.490838e-02	1.277249e+00
TCGA-V1-A8WS-01A-11R-A37L-07	1.377540e-01	5.919723e-01	0	2.468235e+00	7.579294e-01	2.600213e+00	0	5.537025e-01	5.937287e-01	2.317183e+00
TCGA-V1-A8WV-01A-11R-A37L-07	1.001778e-01	5.351847e-01	2.727702e-02	2.009964e+00	6.930987e-01	5.320660e-01	0	7.420012e-01	1.986232e+00	2.902634e+00
TCGA-V1-A8WW-01A-11R-A37L-07	3.620823e-01	4.994295e-01	1.469718e+00	1.405369e+00	9.195091e-01	1.418346e+00	0	1.562284e-01	1.549082e+00	2.156854e+00
TCGA-V1-A8X3-01A-11R-A37L-07	7.252412e-01	2.081929e-01	0	2.370408e+00	1.217873e+00	1.258120e+00	8.726433e-01	9.696183e-01	7.878652e-01	1.932569e+00
TCGA-V1-A9O5-06A-11R-A41O-07	1.278157e-01	8.486872e-01	6.647680e-01	3.069045e+00	3.500718e-01	0	1.681477e-01	0	7.181757e-01	3.764784e+00
TCGA-V1-A9O5-01A-11R-A41O-07	6.610046e-02	5.626002e-01	7.660309e-01	2.488767e+00	5.593109e-01	0	2.984451e-01	3.824934e-01	1.423735e+00	2.997790e+00
TCGA-V1-A9O7-01A-21R-A41O-07	1.150934e+00	2.920695e-01	0	2.481392e+00	1.844973e+00	3.564388e-01	8.939631e-01	7.977276e-01	9.156567e-01	1.786902e+00
TCGA-V1-A9O9-01A-11R-A41O-07	1.756222e-01	0	6.920847e-01	2.200466e+00	8.556005e-01	1.915458e+00	7.573528e-02	3.722304e-01	1.767224e+00	1.790331e+00
TCGA-V1-A9OA-01A-11R-A41O-07	4.819950e-01	7.034574e-01	0	2.463772e+00	9.525854e-01	4.430543e-01	3.598258e-02	2.066301e+00	7.244533e-01	2.443989e+00
TCGA-V1-A9OF-01A-11R-A41O-07	1.277332e-01	5.177170e-01	0	2.692795e+00	5.742306e-01	7.369641e-01	2.574198e+00	1.041943e+00	3.486233e-01	1.496858e+00
TCGA-V1-A9OH-01A-11R-A41O-07	3.149147e-01	4.695079e-01	2.509032e-01	2.289782e+00	7.315326e-01	9.708091e-01	6.811703e-01	1.172837e+00	9.968710e-01	2.232876e+00
TCGA-V1-A9OL-01A-11R-A41O-07	2.302783e-01	4.396493e-01	8.093689e-01	2.604783e+00	8.044488e-01	2.787443e-01	8.512239e-01	5.870164e-01	6.802302e-01	2.781511e+00
TCGA-V1-A9OQ-01A-11R-A41O-07	1.301041e+00	3.593936e-01	1.798205e-02	2.001878e+00	1.217402e+00	9.256181e-01	2.589070e+00	0	7.984840e-01	1.540446e+00
TCGA-V1-A9OT-01A-11R-A41O-07	4.186412e-01	1.983558e-01	0	1.527382e+00	9.016395e-01	1.991306e+00	4.109197e-01	1.415562e+00	9.125832e-01	2.437975e+00
TCGA-V1-A9OX-01A-11R-A41O-07	2.582330e-01	3.850582e-01	0	1.958761e+00	1.257520e+00	3.048145e-01	1.813989e+00	1.538984e+00	1.124491e+00	1.670726e+00
TCGA-V1-A9OY-01A-11R-A41O-07	2.848403e-01	2.622438e-01	2.222629e-01	2.101395e+00	1.022366e+00	1.753997e+00	6.358405e-01	1.275367e+00	1.009425e+00	1.781755e+00
TCGA-V1-A9Z7-01A-11R-A41O-07	1.146563e+00	4.462823e-01	0	2.706196e+00	8.344635e-01	2.925433e-01	1.466271e+00	0	7.660810e-01	2.682217e+00
TCGA-V1-A9Z8-01A-11R-A41O-07	8.133483e-01	6.166326e-01	3.807084e-01	1.970830e+00	9.881997e-01	7.240512e-01	1.034992e+00	8.099726e-01	1.250803e+00	1.695983e+00
TCGA-V1-A9Z9-01A-21R-A41O-07	5.658823e-01	3.485362e-01	4.710213e-01	2.076440e+00	1.005006e+00	3.997724e-01	1.620620e+00	9.200009e-01	1.089206e+00	1.734392e+00
TCGA-V1-A9ZG-01A-11R-A41O-07	2.768718e-01	5.710343e-01	6.214755e-01	2.514235e+00	1.313887e+00	1.026908e+00	1.196558e-01	1.236790e+00	4.116575e-01	2.353852e+00
TCGA-V1-A9ZI-01A-11R-A41O-07	5.915717e-01	2.118480e-01	0	2.225841e+00	6.573900e-01	6.823473e-01	5.526376e-01	5.036303e-01	1.190475e+00	3.272163e+00
TCGA-V1-A9ZK-01A-11R-A41O-07	2.853051e-01	5.086755e-01	5.904711e-02	2.677455e+00	9.280371e-01	2.460224e-01	1.975117e+00	1.396607e+00	8.395703e-01	1.372688e+00
TCGA-V1-A9ZR-01A-11R-A41O-07	6.717185e-01	5.418264e-01	8.210620e-02	2.234873e+00	9.517517e-01	9.808317e-01	0	8.821187e-01	1.288844e+00	2.514360e+00
TCGA-VN-A88I-01A-11R-A352-07	1.257797e+00	6.298702e-01	0	2.071711e+00	1.416007e+00	3.198592e-01	4.886734e-01	1.385733e+00	9.800916e-01	1.974645e+00
TCGA-VN-A88K-01A-11R-A352-07	6.921337e-01	4.700511e-01	4.803376e-01	2.129153e+00	1.420646e+00	1.697025e+00	2.068504e-01	3.887891e-01	2.729947e-01	2.690943e+00
TCGA-VN-A88L-01A-11R-A352-07	6.970957e-01	4.783566e-01	4.625315e-01	1.783167e+00	1.607761e+00	2.790670e+00	6.084590e-02	4.382820e-01	8.091092e-01	1.512787e+00
TCGA-VN-A88M-01A-11R-A352-07	1.618817e-01	1.650451e-01	0	1.784378e+00	1.451840e+00	2.636069e+00	7.230253e-01	6.892003e-01	5.707526e-01	2.209728e+00
TCGA-VN-A88N-01A-11R-A36G-07	9.952107e-02	5.454093e-01	5.488411e-01	2.489353e+00	1.256248e+00	4.775206e-01	1.625817e+00	1.270955e+00	0	2.153358e+00
TCGA-VN-A88O-01A-11R-A352-07	7.345678e-01	3.051408e-01	0	2.515040e+00	1.674069e+00	3.324733e-01	2.687071e+00	5.153326e-01	3.362206e-01	1.419722e+00
TCGA-VN-A88P-01A-11R-A352-07	1.320300e+00	1.578452e-01	7.315527e-03	1.978253e+00	1.430928e+00	9.755029e-01	1.528039e+00	0	9.259941e-01	1.912379e+00
TCGA-VN-A88Q-01A-11R-A352-07	0	2.621658e-01	2.645203e-01	2.422213e+00	1.326346e+00	2.895138e+00	2.055803e-02	5.953354e-01	5.249336e-01	1.838410e+00
TCGA-VN-A88R-01A-11R-A36G-07	6.053630e-01	6.991477e-01	3.541100e-01	2.180562e+00	1.074019e+00	2.805754e-02	2.229285e+00	1.440435e-01	4.509984e-01	2.436450e+00
TCGA-VN-A943-01A-11R-A41O-07	2.613798e-01	6.866077e-01	0	2.757357e+00	1.400307e+00	6.133250e-01	3.385329e+00	0	0	1.523710e+00
TCGA-VP-A872-01A-11R-A352-07	5.247066e-01	6.910251e-01	1.257821e+00	8.380617e-01	1.336801e+00	1.216121e+00	0	0	2.454751e+00	1.696263e+00
TCGA-VP-A875-01A-31R-A352-07	0	2.584613e-01	1.538508e-01	2.479129e+00	7.298229e-01	2.187434e+00	9.608481e-02	6.656182e-02	4.865133e-01	3.199091e+00
TCGA-VP-A876-01A-11R-A352-07	2.908817e-01	2.600326e-01	1.237411e-01	2.229491e+00	1.081752e+00	3.287909e+00	1.797288e-01	0	7.704714e-01	1.966990e+00
TCGA-VP-A878-01A-31R-A352-07	4.418227e-01	3.981965e-01	0	2.249950e+00	1.382534e+00	3.151673e-01	1.687543e+00	1.028531e+00	1.340399e+00	1.391831e+00
TCGA-VP-A879-01A-11R-A352-07	4.639092e-01	5.053854e-01	2.344560e-01	2.127730e+00	1.097945e+00	1.715824e+00	4.558718e-01	1.849710e+00	5.769991e-01	1.528608e+00
TCGA-VP-A87B-01A-11R-A352-07	3.184262e-01	2.679178e-01	0	1.872051e+00	9.402678e-01	9.086765e-02	1.661090e+00	6.158893e-01	1.550582e+00	2.432116e+00
TCGA-VP-A87C-01A-11R-A352-07	3.739267e-01	2.216934e-01	9.462785e-02	2.335510e+00	1.336827e+00	7.226916e-01	1.762348e-01	7.380568e-01	2.009832e+00	1.858093e+00
TCGA-VP-A87D-01A-11R-A352-07	9.033499e-02	3.629910e-01	3.386576e-01	2.981127e+00	6.446515e-01	1.942251e+00	5.659327e-01	7.876443e-01	8.828157e-02	2.384155e+00
TCGA-VP-A87E-01A-31R-A352-07	1.303654e+00	1.810734e-01	0	2.012303e+00	2.119303e+00	5.509987e-01	1.818174e+00	0	1.689535e+00	7.234277e-01
TCGA-VP-A87H-01A-11R-A352-07	1.629717e-01	3.036153e-01	0	1.933840e+00	1.383216e+00	2.691951e-01	1.346477e+00	5.229402e-01	1.963264e+00	1.895579e+00
TCGA-VP-A87J-01A-11R-A352-07	2.825341e-01	3.029697e-01	1.144810e+00	2.154971e+00	1.393745e+00	1.155471e+00	4.743331e-01	4.090465e-01	5.474325e-01	2.235133e+00
TCGA-VP-A87K-01A-11R-A352-07	7.333882e-03	2.817521e-01	3.753270e-01	2.515020e+00	7.456651e-01	2.517180e+00	1.815315e-01	8.169878e-01	5.388325e-02	2.721303e+00
TCGA-VP-AA1N-01A-31R-A41O-07	7.528040e-01	6.485222e-01	2.401697e-01	1.895044e+00	1.567071e+00	2.073377e-01	1.481239e+00	9.210521e-02	1.373119e+00	1.916292e+00
TCGA-WW-A8ZI-01A-11R-A37L-07	4.384025e-01	4.894015e-01	0	3.028907e+00	9.654458e-01	4.454466e-01	1.818248e+00	4.294943e-01	3.863940e-02	2.450953e+00
TCGA-X4-A8KQ-01A-12R-A36G-07	4.550562e-01	1.883143e-01	4.028731e-02	1.664990e+00	1.501269e+00	1.279539e+00	1.320167e-01	1.076842e+00	1.409666e+00	2.455899e+00
TCGA-X4-A8KS-01A-12R-A36G-07	3.895635e-01	4.288155e-01	0	1.646577e+00	1.324690e+00	7.099129e-01	1.473668e+00	1.681967e+00	9.610372e-01	1.730511e+00
TCGA-XA-A8JR-01A-11R-A36G-07	8.138832e-01	3.079080e-01	0	2.007793e+00	1.676510e+00	6.439260e-01	2.095415e+00	5.313705e-01	1.223036e+00	1.095904e+00
TCGA-XJ-A83F-01A-11R-A352-07	4.538208e-01	5.273035e-01	3.556682e-01	1.334096e+00	1.150953e+00	2.903417e+00	3.700746e-01	7.069099e-02	1.168490e+00	1.883307e+00
TCGA-XJ-A83G-01A-11R-A352-07	7.775933e-02	4.530539e-01	1.416727e-01	2.045770e+00	1.152910e+00	3.633856e-01	2.330568e+00	1.113109e+00	6.600776e-01	1.900948e+00
TCGA-XJ-A83H-01A-11R-A352-07	0	3.582808e-01	1.230501e-01	2.414736e+00	1.953065e+00	4.316944e-01	1.645166e+00	1.285319e+00	7.653276e-01	1.367272e+00
TCGA-XJ-A9DI-01A-11R-A37L-07	2.309711e-01	7.023324e-01	3.530760e-01	2.403972e+00	1.172816e+00	5.337030e-01	0	1.385670e+00	1.237421e+00	2.107711e+00
TCGA-XJ-A9DK-01A-11R-A37L-07	2.216448e-01	9.845930e-01	3.735024e-01	1.967639e+00	1.103267e+00	7.351435e-01	2.155229e-01	2.212826e+00	7.515942e-01	1.841644e+00
TCGA-XJ-A9DQ-01A-11R-A37L-07	3.866254e-01	6.307894e-01	0	1.972608e+00	1.089505e+00	1.486645e+00	9.628835e-01	2.026919e+00	4.456391e-01	1.605871e+00
TCGA-XJ-A9DX-01A-11R-A37L-07	8.404837e-02	6.114552e-01	2.869245e-02	2.781514e+00	9.317475e-01	1.147496e-01	1.062312e+00	1.300598e+00	0	3.445180e+00
TCGA-XK-AAIR-01A-11R-A41O-07	2.761239e-01	5.559048e-01	3.064182e-01	2.737116e+00	8.592969e-01	3.658991e-01	1.173681e+00	1.473396e+00	7.669354e-01	1.764617e+00
TCGA-XK-AAIV-01A-11R-A41O-07	5.306456e-01	4.239428e-01	1.125989e+00	1.740955e+00	8.642179e-01	0	4.622286e-01	0	2.318324e+00	2.197945e+00
TCGA-XK-AAIW-01A-11R-A41O-07	5.352566e-02	7.210018e-01	1.601319e-01	3.089680e+00	4.502709e-01	1.035592e+00	7.852550e-01	0	0	3.492724e+00
TCGA-XK-AAJ3-01A-11R-A41O-07	5.187871e-01	3.881960e-01	2.180220e-02	2.027866e+00	7.737499e-01	1.102313e-01	1.728019e+00	6.516196e-01	1.181603e+00	2.492303e+00
TCGA-XK-AAJA-01A-11R-A41O-07	7.861757e-03	1.624192e-01	1.702622e-02	2.151127e+00	1.366296e+00	1.254979e-01	1.627094e+00	1.315212e+00	1.015433e+00	2.238917e+00
TCGA-XK-AAJP-01A-11R-A41O-07	1.008757e-01	4.122734e-01	0	2.615886e+00	7.449084e-01	3.466695e-01	2.272261e+00	6.857539e-02	1.155211e+00	2.014503e+00
TCGA-XK-AAJR-01A-11R-A41O-07	3.955687e-01	6.342362e-01	3.523359e-01	2.629176e+00	1.042111e+00	5.616724e-01	1.435370e+00	1.578483e+00	2.656459e-02	1.918476e+00
TCGA-XK-AAJT-01A-11R-A41O-07	7.100092e-01	5.214609e-01	7.824094e-02	1.948839e+00	1.364647e+00	3.484720e-01	1.153597e+00	1.777692e+00	8.241038e-01	1.826980e+00
TCGA-XK-AAJU-01A-11R-A41O-07	2.503632e-01	7.854055e-01	7.184239e-02	2.172146e+00	1.146033e+00	6.200895e-01	1.235781e+00	1.988766e+00	8.566215e-01	1.273630e+00
TCGA-XK-AAK1-01A-11R-A41O-07	1.507744e-01	4.181036e-01	2.056507e-01	2.134097e+00	1.140424e+00	4.638978e-01	2.592008e+00	4.429669e-01	4.149975e-01	2.038871e+00
TCGA-XQ-A8TA-01A-11R-A36G-07	0	1.398817e+00	0	2.597921e+00	4.006505e-01	5.131952e-01	7.591494e-02	0	0	4.196907e+00
TCGA-XQ-A8TB-01A-11R-A36G-07	5.086428e-01	2.378303e-01	1.697976e-01	2.371864e+00	1.282629e+00	1.948296e+00	0	2.669119e-01	1.295725e+00	2.026464e+00
TCGA-Y6-A8TL-01A-21R-A37L-07	7.976320e-01	3.208870e-01	0	2.143669e+00	1.284497e+00	7.975719e-01	2.288340e+00	4.652933e-01	1.052877e+00	1.145050e+00
TCGA-Y6-A9XI-01A-11R-A41O-07	7.223409e-02	4.183417e-01	6.890233e-01	2.631072e+00	1.146689e+00	6.721097e-01	1.292764e+00	1.077044e+00	2.380112e-02	2.321010e+00
TCGA-YJ-A8SW-01A-11R-A37L-07	1.964743e-02	4.378768e-01	4.184579e-01	2.949467e+00	7.443751e-01	8.244689e-02	1.296599e+00	8.274604e-01	6.627702e-01	2.450280e+00
TCGA-YL-A8HJ-01A-11R-A36G-07	1.194667e+00	1.269352e-01	0	2.348189e+00	1.126351e+00	1.579031e+00	2.930096e-01	6.484526e-01	1.256502e+00	1.745985e+00
TCGA-YL-A8HK-01A-11R-A36G-07	4.163654e-01	5.429166e-01	6.161651e-01	2.247437e+00	1.430216e+00	1.617156e+00	0	7.309707e-01	1.138775e+00	1.594453e+00
TCGA-YL-A8HL-01A-11R-A36G-07	0	5.684615e-01	1.296497e+00	2.459933e+00	1.082500e+00	1.848821e+00	1.382467e-01	9.638096e-01	0	2.226175e+00
TCGA-YL-A8HM-01A-11R-A36G-07	1.604769e-01	3.133674e-01	2.825910e-01	2.451831e+00	1.992467e-01	0	1.398412e+00	0	1.523865e+00	3.160592e+00
TCGA-YL-A8HO-01A-11R-A36G-07	8.401845e-01	4.704234e-01	0	2.270960e+00	1.177136e+00	3.147501e-01	1.336944e+00	1.495839e+00	6.990805e-01	1.934766e+00
TCGA-YL-A8S8-01A-11R-A37L-07	6.337729e-01	2.311818e-01	0	2.288690e+00	1.267997e+00	0	1.172035e+00	2.435184e-01	1.704198e+00	2.275081e+00
TCGA-YL-A8S9-01A-11R-A37L-07	0	5.398820e-01	2.089515e-01	3.076517e+00	7.084858e-01	1.046782e+00	1.737341e+00	0	0	2.854987e+00
TCGA-YL-A8SA-01A-21R-A37L-07	0	5.688250e-01	1.408001e+00	2.021262e+00	1.051163e+00	2.444498e+00	1.882477e-01	1.372101e-01	5.222551e-01	1.822103e+00
TCGA-YL-A8SB-01A-31R-A37L-07	7.846773e-01	2.856776e-01	0	2.727346e+00	9.744301e-01	5.978197e-01	1.539840e+00	1.312191e+00	5.974158e-01	1.643755e+00
TCGA-YL-A8SC-01A-11R-A37L-07	1.081509e-01	9.679796e-02	7.415257e-01	2.741248e+00	8.066525e-01	9.421710e-01	2.244971e-01	7.683327e-01	6.926007e-01	2.878256e+00
TCGA-YL-A8SF-01A-11R-A37L-07	5.042241e-01	4.202984e-01	8.668006e-02	2.431902e+00	7.104812e-01	1.793764e+00	0	3.089331e-01	1.197527e+00	2.511810e+00
TCGA-YL-A8SH-01B-11R-A37L-07	9.099927e-01	1.936458e-01	0	2.248338e+00	1.276140e+00	8.087041e-01	1.904961e+00	5.863267e-01	7.431991e-01	1.674232e+00
TCGA-YL-A8SI-01A-11R-A41O-07	1.104306e+00	2.893900e-01	0	2.166939e+00	1.491051e+00	6.741362e-01	2.060460e+00	5.569956e-01	1.046945e+00	1.095287e+00
TCGA-YL-A8SJ-01B-11R-A37L-07	6.325920e-01	2.048555e-01	0	2.955467e+00	8.464187e-01	9.974699e-01	8.551260e-02	1.698641e+00	2.798801e-01	2.712393e+00
TCGA-YL-A8SK-01B-21R-A37L-07	2.812746e-01	6.035860e-01	0	2.468995e+00	1.634466e+00	3.684879e-01	4.054056e-01	2.119404e+00	7.581914e-01	1.806111e+00
TCGA-YL-A8SL-01B-21R-A37L-07	1.052674e-01	4.035564e-01	3.632621e-01	2.491130e+00	7.794632e-01	2.577033e+00	0	0	4.690691e-01	2.866359e+00
TCGA-YL-A8SO-01B-31R-A37L-07	3.536479e-01	5.617872e-01	0	1.457508e+00	1.026852e+00	2.102357e-01	9.483886e-01	7.445941e-01	2.160494e+00	2.278041e+00
TCGA-YL-A8SP-01B-11R-A37L-07	5.977653e-01	2.017029e-01	0	2.995520e+00	1.066126e+00	2.936031e+00	0	0	0	2.818552e+00
TCGA-YL-A8SQ-01B-11R-A37L-07	8.924658e-01	2.645170e-03	0	2.603267e+00	9.568375e-01	6.735855e-01	1.562459e+00	7.868609e-01	5.170486e-01	2.253099e+00
TCGA-YL-A8SR-01B-11R-A37L-07	6.895533e-01	5.502109e-01	2.930680e-01	2.781725e+00	1.490085e+00	4.191868e-01	2.078554e+00	6.176780e-01	0	1.835136e+00
TCGA-YL-A9WH-01A-11R-A37L-07	1.680840e-01	6.930648e-01	1.166578e+00	1.710497e+00	5.553614e-01	8.527479e-01	0	0	1.523605e+00	2.833604e+00
TCGA-YL-A9WI-01A-11R-A37L-07	2.531452e-01	6.062575e-01	0	1.720117e+00	5.478743e-01	0	1.351363e+00	0	1.847274e+00	2.703136e+00
TCGA-YL-A9WJ-01A-11R-A37L-07	3.020258e-01	4.826158e-01	3.114304e-01	2.140182e+00	1.562914e+00	8.655146e-02	1.181159e+00	8.812385e-01	1.549176e+00	1.617710e+00
TCGA-YL-A9WK-01A-11R-A37L-07	1.007264e+00	2.570457e-01	0	2.713858e+00	1.464174e+00	3.790386e-01	1.236613e+00	5.342064e-01	2.545623e-01	2.675014e+00
TCGA-YL-A9WL-01A-11R-A41O-07	1.257507e-01	5.014409e-01	4.844272e-01	2.499050e+00	7.621280e-01	2.673261e+00	0	0	1.000500e-01	2.957266e+00
TCGA-YL-A9WX-01A-21R-A41O-07	1.342435e-01	2.418793e-01	9.352975e-02	2.585402e+00	1.620687e+00	1.089946e+00	5.626461e-01	1.562818e+00	1.113752e+00	1.373170e+00
TCGA-YL-A9WY-01A-11R-A41O-07	5.389964e-01	3.469680e-01	6.455434e-01	2.213477e+00	8.471710e-01	2.901443e-01	7.312708e-02	6.583835e-01	1.722218e+00	2.551225e+00
TCGA-ZG-A8QW-01A-11R-A37L-07	5.855830e-01	4.028491e-01	4.618681e-01	1.675782e+00	1.321295e+00	4.107729e-01	1.259153e+00	7.636316e-01	1.684787e+00	1.533473e+00
TCGA-ZG-A8QX-01A-11R-A37L-07	1.554741e+00	3.864241e-01	0	2.024162e+00	1.534133e+00	5.884278e-01	2.280532e+00	0	6.099642e-01	1.509134e+00
TCGA-ZG-A8QY-01A-11R-A37L-07	8.558583e-01	5.453907e-01	7.578915e-02	2.548366e+00	1.183319e+00	2.330181e-01	1.328296e+00	1.088402e+00	2.183532e-01	2.427728e+00
TCGA-ZG-A8QZ-01A-11R-A37L-07	4.201636e-01	3.787780e-01	4.606510e-01	2.152068e+00	1.302950e+00	1.695578e+00	0	6.913857e-01	1.355921e+00	1.755670e+00
TCGA-ZG-A9KY-01A-11R-A41O-07	4.601631e-01	4.388150e-01	3.010623e-01	3.316694e+00	9.471648e-01	1.101712e-01	1.222123e+00	1.335880e-01	0	3.300649e+00
TCGA-ZG-A9L0-01A-11R-A41O-07	4.473288e-01	3.898926e-01	1.009230e-01	2.473544e+00	1.071654e+00	0	1.022232e+00	1.932515e-01	1.864501e+00	2.268776e+00
TCGA-ZG-A9L1-01A-11R-A41O-07	1.254006e+00	1.749175e-01	3.678578e-02	2.916110e+00	1.382396e+00	2.030184e+00	4.554211e-01	0	0	2.599300e+00
TCGA-ZG-A9L2-01A-31R-A41O-07	1.456298e+00	3.277922e-01	4.267437e-01	1.842799e+00	1.210463e+00	1.655567e+00	2.868630e-01	0	1.153033e+00	1.964683e+00
TCGA-ZG-A9L4-01A-11R-A41O-07	5.703300e-01	4.817075e-01	4.761988e-01	2.341061e+00	1.759487e+00	1.326538e+00	0	7.151785e-01	6.938893e-01	2.149967e+00
TCGA-ZG-A9L5-01A-12R-A41O-07	2.773064e-01	3.514892e-01	4.025974e-02	3.372101e+00	5.871698e-01	7.292613e-01	2.901018e-01	8.573411e-01	0	3.731034e+00
TCGA-ZG-A9L6-01A-11R-A41O-07	9.180075e-01	5.343096e-01	0	2.567048e+00	1.251624e+00	3.322622e-01	1.475888e+00	1.919884e+00	1.765234e-01	1.589287e+00
TCGA-ZG-A9L9-01A-11R-A41O-07	1.244151e+00	5.762450e-01	6.221855e-01	1.337754e+00	1.321639e+00	9.985886e-01	0	0	1.169623e+00	2.902020e+00
TCGA-ZG-A9LB-01A-11R-A41O-07	4.818290e-01	4.351549e-01	0	1.881900e+00	1.779730e+00	4.040733e-01	8.436098e-01	8.515323e-01	1.153901e+00	2.472152e+00
TCGA-ZG-A9LM-01A-11R-A41O-07	3.602685e-01	4.387052e-01	1.874219e-01	2.020313e+00	8.972425e-01	3.474322e-01	5.087317e-01	9.032526e-01	1.574819e+00	2.626185e+00
TCGA-ZG-A9LN-01A-11R-A41O-07	7.916126e-01	3.329139e-01	3.010749e-01	1.925165e+00	1.403523e+00	3.434061e-01	7.094569e-01	3.221454e-01	1.934198e+00	1.952378e+00
TCGA-ZG-A9LS-01A-12R-A41O-07	7.948492e-01	4.476491e-01	6.100766e-01	1.610244e+00	1.113348e+00	4.700399e-01	1.924131e-01	7.364189e-01	1.936870e+00	2.071217e+00
TCGA-ZG-A9LU-01A-11R-A41O-07	2.048346e-01	6.444940e-01	2.809995e-01	1.575253e+00	1.509302e+00	9.144026e-02	7.084848e-01	1.968325e+00	1.120333e+00	2.173028e+00
TCGA-ZG-A9LY-01A-11R-A41O-07	2.656219e-01	4.179473e-01	5.801759e-01	2.263101e+00	1.063930e+00	9.662213e-01	2.251849e-01	1.092482e+00	1.269355e+00	1.967313e+00
TCGA-ZG-A9LZ-01A-11R-A41O-07	1.446223e-01	1.791660e-01	6.363655e-01	2.030235e+00	1.068185e+00	1.852268e+00	0	2.851007e-01	1.433145e+00	2.287078e+00
TCGA-ZG-A9M4-01A-11R-A41O-07	3.588165e-01	8.424634e-01	9.410632e-01	2.596192e+00	8.915465e-01	5.907544e-01	1.746074e-01	5.048367e-01	5.318106e-01	2.478192e+00
TCGA-ZG-A9MC-01A-31R-A41O-07	6.008746e-01	6.475158e-01	3.059436e-01	2.171445e+00	1.529290e+00	2.136069e-01	0	5.000440e-01	1.951806e+00	1.963339e+00
TCGA-ZG-A9N3-01A-11R-A41O-07	4.824627e-01	1.074991e+00	7.490145e-01	1.691101e+00	1.286705e+00	8.714674e-01	0	5.416134e-02	1.149266e+00	2.483127e+00
TCGA-ZG-A9ND-01A-11R-A41O-07	1.644783e-01	3.802102e-01	6.717082e-02	2.620157e+00	1.660837e+00	2.648146e-01	2.560491e+00	4.280290e-01	2.527327e-01	1.848912e+00
TCGA-ZG-A9NI-01A-11R-A41O-07	1.039998e+00	1.051257e+00	2.109688e-01	2.007511e+00	1.382326e+00	4.906129e-02	9.902007e-01	1.018413e+00	2.112923e-01	2.622515e+00
