sampleID	D18.13_CHAN-INTERFERON-PRODUCING-DENDRITIC-CELL	D18.18_GNF2-TTN	D13.2_MIPS-UTX-MLL2-3-COMPLEX	D18.1_GNF2-MKI67	D8.8_NIELSEN-SYNOVIAL-SARCOMA-UP	D12.4_NIELSEN-LEIOMYOSARCOMA-CNN1-UP	D15.12_NIKOLSKY-BREAST-CANCER-12Q13-Q21-AMPLICON	D15.7_MODULE-211	D18.10_REACTOME-BETA-DEFENSINS	D12.8_REACTOME-BETA-DEFENSINS
TCGA-3B-A9HI-01A-11R-A38C-07	8.986288e-02	0	1.772440e+00	2.240311e+00	2.886336e-01	4.612191e-01	0	9.517932e-01	5.409612e-01	0
TCGA-3B-A9HJ-01A-11R-A38C-07	1.003589e+00	0	1.550207e+00	2.106242e+00	6.635034e-01	4.692944e-01	1.021956e-01	4.767189e-01	1.238185e-01	2.007810e-01
TCGA-3B-A9HL-01A-11R-A38C-07	0	0	1.821688e+00	2.234871e+00	4.238854e-01	3.692504e-01	1.583763e+00	0	8.678692e-01	2.685465e-01
TCGA-3B-A9HO-01A-11R-A38C-07	5.398810e-01	0	6.101080e-01	2.325928e+00	2.909020e-02	3.054471e-01	7.873945e-01	0	1.416776e+00	1.737370e-01
TCGA-3B-A9HP-01A-11R-A38C-07	7.012834e-02	0	1.449144e+00	2.034753e+00	2.061882e-01	1.953820e+00	1.649488e-01	6.011494e-01	0	1.096645e+00
TCGA-3B-A9HQ-01A-11R-A38C-07	5.139959e-01	0	1.478398e+00	2.336143e+00	0	3.219285e+00	0	0	0	4.655521e-01
TCGA-3B-A9HR-01A-11R-A38C-07	0	0	1.856407e+00	2.630151e+00	2.415131e-02	3.336163e+00	0	0	0	4.550799e-01
TCGA-3B-A9HS-01A-11R-A39D-07	3.853802e-01	4.022301e-02	1.690491e+00	2.255311e+00	6.814618e-01	3.107009e-01	1.166065e+00	6.217428e-01	3.077965e-01	4.758505e-03
TCGA-3B-A9HT-01A-11R-A39D-07	5.042198e-01	5.464650e-01	1.915949e+00	2.488325e+00	6.860013e-02	8.930580e-02	0	5.568724e-01	0	0
TCGA-3B-A9HU-01A-11R-A39D-07	6.241745e-01	0	1.482502e+00	2.411362e+00	0	2.900040e+00	0	0	0	4.101536e-01
TCGA-3B-A9HV-01A-11R-A39D-07	0	0	1.401186e+00	2.905755e+00	4.405117e-01	1.645943e+00	3.776532e-02	0	0	2.357584e+00
TCGA-3B-A9HX-01A-11R-A39D-07	0	0	1.894258e+00	2.189430e+00	0	1.143498e+00	1.581979e-02	1.166559e+00	0	1.184002e+00
TCGA-3B-A9HY-01A-11R-A39D-07	1.256879e-01	0	2.045120e+00	2.347131e+00	3.247355e-03	2.528903e+00	1.640288e-02	4.396489e-01	2.527582e-02	3.827500e-01
TCGA-3B-A9HZ-01A-11R-A39D-07	2.431313e-01	0	1.444927e+00	1.989360e+00	0	2.892855e+00	0	2.278751e-01	3.296466e-02	8.847160e-02
TCGA-3B-A9I0-01A-11R-A39D-07	3.249966e-01	0	1.252496e+00	2.568371e+00	0	3.535006e+00	0	0	0	0
TCGA-3B-A9I1-01A-11R-A39D-07	0	0	1.656170e+00	2.301966e+00	2.709169e-02	9.998318e-01	0	0	0	2.876532e+00
TCGA-3B-A9I3-01A-11R-A39D-07	9.185731e-02	0	1.584591e+00	2.267813e+00	4.403951e-01	2.094518e+00	2.339866e-01	4.778414e-01	0	4.967759e-01
TCGA-3R-A8YX-01A-11R-A37L-07	0	0	2.021808e+00	2.492045e+00	0	6.016122e-02	4.923124e-01	3.997143e-01	9.352269e-02	0
TCGA-DX-A1KU-01A-32R-A24X-07	0	0	2.306193e+00	1.815662e+00	1.108947e-01	3.950157e-01	8.581438e-01	1.940961e+00	0	1.418496e-01
TCGA-DX-A1KW-01A-22R-A24X-07	0	0	1.890196e+00	2.218219e+00	1.055306e+00	2.055617e-01	1.645050e+00	6.386401e-02	6.223065e-01	2.111265e-01
TCGA-DX-A1KX-01A-22R-A24X-07	9.616530e-02	0	1.572138e+00	2.175958e+00	3.561272e-01	2.058980e-02	1.999517e-01	2.798313e-01	1.655513e+00	9.493647e-02
TCGA-DX-A1KY-01A-11R-A24X-07	0	0	2.541540e+00	2.133351e+00	1.349261e+00	2.599495e-01	5.218983e-01	2.330250e-01	2.174659e-01	3.683313e-01
TCGA-DX-A1KZ-01A-11R-A24X-07	2.028649e-02	0	1.493645e+00	2.087794e+00	0	1.019311e-01	7.250365e-01	9.749246e-01	7.714268e-01	4.770116e-01
TCGA-DX-A1L0-01A-11R-A24X-07	0	0	2.066571e+00	2.224322e+00	5.721701e-01	3.380519e-01	1.632975e+00	2.733030e-01	8.240491e-01	2.058251e-01
TCGA-DX-A1L1-01A-11R-A24X-07	6.372684e-01	0	1.852886e+00	2.156672e+00	0	0	0	0	1.723371e+00	5.581882e-03
TCGA-DX-A1L2-01A-22R-A24X-07	0	0	2.152153e+00	1.711569e+00	0	2.451879e-01	6.635061e-02	0	1.828631e+00	7.588892e-02
TCGA-DX-A1L3-01A-11R-A24X-07	2.395051e-01	0	1.528582e+00	2.134777e+00	0	0	8.497627e-01	2.972479e-01	1.454399e+00	7.280171e-02
TCGA-DX-A1L4-01A-12R-A26T-07	1.752082e-01	0	1.632143e+00	1.741042e+00	0	9.660983e-02	1.901352e-01	2.652765e+00	3.191173e-01	0
TCGA-DX-A23R-01A-11R-A26T-07	0	0	2.415473e+00	2.348718e+00	1.412740e+00	0	1.710475e+00	4.659885e-01	0	3.498248e-01
TCGA-DX-A23T-01A-11R-A26T-07	3.686536e-01	0	1.251114e+00	2.049763e+00	2.150901e-01	4.067526e-01	6.929812e-01	9.360356e-01	3.984419e-01	0
TCGA-DX-A23U-01A-11R-A26T-07	0	0	1.702487e+00	1.734627e+00	2.096836e-01	1.702061e-01	3.137848e-01	1.770729e+00	4.758353e-01	1.209633e-01
TCGA-DX-A23V-01A-11R-A29R-07	2.525702e-01	0	1.318079e+00	1.871099e+00	1.141647e-01	0	1.672847e+00	0	1.314929e+00	6.237987e-01
TCGA-DX-A23Y-01A-11R-A27Q-07	4.763895e-01	0	1.885218e+00	2.302767e+00	0	1.028616e-01	6.418072e-01	0	1.277647e+00	0
TCGA-DX-A23Z-01A-11R-A27Q-07	6.772205e-02	0	1.480408e+00	1.906389e+00	3.903089e-01	5.193358e-01	1.753905e+00	9.624678e-01	5.909594e-01	5.224651e-01
TCGA-DX-A240-01A-32R-A27Q-07	0	0	1.616336e+00	2.080034e+00	4.500468e-01	2.083419e-01	4.701808e-01	2.078143e+00	2.901864e-01	5.945821e-01
TCGA-DX-A2IZ-01A-11R-A21T-07	0	0	2.369478e+00	2.422956e+00	2.114894e+00	2.764888e-02	2.760665e-01	0	0	3.014786e-01
TCGA-DX-A2J0-01A-11R-A21T-07	0	0	1.844096e+00	2.083679e+00	5.584215e-01	5.297250e-01	1.257250e+00	5.866820e-01	4.727939e-01	3.056864e-01
TCGA-DX-A2J1-01A-11R-A21T-07	3.295023e-01	0	7.733164e-01	2.177440e+00	9.253352e-02	2.548419e-01	7.251095e-01	1.258303e+00	4.502040e-01	1.379934e-02
TCGA-DX-A2J4-01A-32R-A21T-07	5.525872e-01	0	1.248086e+00	1.812045e+00	5.712005e-01	7.094431e-01	8.448990e-01	1.557865e+00	0	1.759758e-01
TCGA-DX-A3LS-01A-11R-A21T-07	0	0	2.255820e+00	1.961188e+00	4.833791e-01	4.712001e-01	5.311583e-01	1.109463e+00	0	0
TCGA-DX-A3LT-01A-12R-A21T-07	2.827396e-01	0	1.252878e+00	2.450802e+00	0	1.103044e-01	2.126706e-01	1.857876e+00	3.653485e-01	7.343452e-03
TCGA-DX-A3LU-01A-11R-A21T-07	5.478919e-01	0	2.588610e-01	2.566937e+00	0	0	1.301752e+00	0	1.351635e+00	6.769064e-01
TCGA-DX-A3LW-01A-21R-A21T-07	0	0	1.563413e+00	2.292711e+00	1.171175e+00	3.673135e-01	1.531247e+00	3.914598e-01	3.434256e-01	6.131902e-02
TCGA-DX-A3LY-01B-11R-A27Q-07	6.664235e-02	0	1.375932e+00	2.120823e+00	0	1.926687e-01	6.497545e-01	1.111910e-01	1.356927e+00	2.403219e-01
TCGA-DX-A3M1-01A-11R-A22K-07	0	0	1.764371e+00	2.318746e+00	6.849268e-01	4.267324e-01	1.163014e+00	9.953002e-01	2.383161e-01	0
TCGA-DX-A3M2-01A-21R-A22K-07	4.287638e-01	0	1.135727e-01	2.520583e+00	0	0	2.108221e-01	8.105724e-01	1.279275e+00	3.819929e-01
TCGA-DX-A3U5-01A-11R-A22K-07	0	0	1.392870e+00	2.339354e+00	0	1.462451e-01	1.341026e+00	0	1.428826e+00	2.758296e-01
TCGA-DX-A3U6-01A-11R-A29R-07	7.186747e-01	0	1.359450e+00	1.853769e+00	1.325572e-01	1.650032e-01	6.807331e-01	1.202459e+00	3.945378e-01	3.831380e-01
TCGA-DX-A3U7-01A-11R-A29R-07	0	0	1.856456e+00	2.874602e+00	0	2.479998e+00	0	4.521199e-01	9.234321e-02	0
TCGA-DX-A3U8-01A-11R-A29R-07	9.446987e-02	4.148584e-01	1.797402e+00	2.312753e+00	2.085705e-02	2.710166e-01	0	6.120265e-01	0	0
TCGA-DX-A3U9-01A-11R-A30C-07	0	0	1.723533e+00	2.571306e+00	1.708534e-02	2.749166e+00	0	5.228604e-01	0	4.810235e-02
TCGA-DX-A3UA-01A-12R-A30C-07	0	0	2.150368e+00	2.307189e+00	9.495632e-01	1.850934e-01	0	1.579421e+00	0	2.316108e-01
TCGA-DX-A3UB-01A-11R-A30C-07	0	8.460341e-03	1.051052e+00	1.766832e+00	7.274099e-01	1.608479e+00	0	9.592090e-01	3.187718e-02	9.652655e-01
TCGA-DX-A3UC-01A-11R-A30C-07	4.717858e-02	0	1.390137e+00	2.704199e+00	0	3.201611e+00	0	0	0	8.461352e-01
TCGA-DX-A3UD-01A-11R-A30C-07	6.588463e-02	0	1.105981e+00	2.685349e+00	0	3.301861e+00	0	0	0	7.001385e-01
TCGA-DX-A3UE-01A-11R-A30C-07	0	0	1.339887e+00	2.520981e+00	1.538115e-01	3.243278e+00	0	0	2.971761e-01	1.440638e-01
TCGA-DX-A3UF-01A-11R-A30C-07	1.439349e-02	0	1.637994e+00	2.271147e+00	3.356109e-01	2.369978e+00	0	4.034015e-01	4.005777e-02	5.292501e-01
TCGA-DX-A48J-01A-21R-A30C-07	3.192431e-02	0	1.757880e+00	1.678259e+00	1.276964e-01	3.306333e+00	0	0	1.077934e-01	4.828876e-01
TCGA-DX-A48K-01A-11R-A30C-07	0	8.237555e-01	1.889962e+00	2.310985e+00	7.056994e-02	3.257522e-01	0	1.904010e+00	9.536533e-02	4.479750e-02
TCGA-DX-A48L-01A-11R-A30C-07	0	8.741148e-02	1.757260e+00	2.516275e+00	2.178263e-01	2.882445e+00	0	7.304718e-02	1.222815e-01	0
TCGA-DX-A48N-01A-11R-A30C-07	0	7.553592e-02	2.244856e+00	2.355628e+00	7.414651e-01	3.559376e-01	1.615463e+00	0	3.339688e-01	1.614464e-01
TCGA-DX-A48O-01A-11R-A30C-07	7.427892e-02	0	1.259597e+00	2.343609e+00	0	3.303058e+00	0	0	0	1.125077e+00
TCGA-DX-A48P-01A-11R-A30C-07	2.554838e-01	0	1.111038e+00	2.045116e+00	0	3.215490e+00	0	8.390284e-02	1.281869e-01	7.134946e-01
TCGA-DX-A48R-01A-11R-A30C-07	0	0	1.387820e+00	2.779863e+00	0	3.261684e+00	0	0	0	7.945756e-01
TCGA-DX-A48U-01A-11R-A30C-07	0	0	1.345207e+00	2.146999e+00	0	3.837517e+00	0	0	0	6.908597e-01
TCGA-DX-A6B7-01A-11R-A30C-07	0	0	1.301155e+00	2.114552e+00	0	3.544272e+00	0	0	0	8.846841e-01
TCGA-DX-A6B8-01A-11R-A30C-07	0	4.211130e-01	1.875508e+00	2.757669e+00	1.226584e-01	0	0	2.465529e+00	0	7.012653e-02
TCGA-DX-A6B9-01A-12R-A32Q-07	0	0	1.619515e+00	1.739108e+00	1.035250e+00	2.124474e+00	9.432253e-03	2.022333e-01	0	9.409533e-01
TCGA-DX-A6BA-01A-11R-A30C-07	0	0	1.772131e+00	2.518283e+00	9.180553e-02	2.862596e+00	8.693065e-02	0	5.864317e-02	9.002158e-02
TCGA-DX-A6BB-01A-12R-A32Q-07	0	0	8.474941e-01	2.034627e+00	2.838400e-01	3.262917e+00	0	0	1.104024e-01	9.267261e-01
TCGA-DX-A6BE-01A-41R-A32Q-07	3.982545e-01	0	1.402596e+00	1.758204e+00	4.571764e-01	4.578689e-01	7.409025e-01	1.563415e+00	3.919844e-01	1.920444e-01
TCGA-DX-A6BF-01A-11R-A30C-07	9.856637e-02	0	5.605836e-01	2.524221e+00	8.535281e-02	0	1.421391e+00	0	1.122708e+00	3.800602e-01
TCGA-DX-A6BG-01A-11R-A30C-07	7.796699e-02	0	2.098378e+00	1.895746e+00	0	3.390746e-01	4.673217e-01	2.115271e+00	0	7.180278e-02
TCGA-DX-A6BH-01A-12R-A30C-07	0	0	1.665185e+00	1.685136e+00	3.128956e-01	7.962819e-01	1.237801e+00	1.903358e+00	6.480612e-02	1.091057e-01
TCGA-DX-A6YQ-01A-12R-A33J-07	2.842623e-01	1.847773e-01	1.989877e+00	2.592102e+00	0	0	0	0	1.070867e+00	0
TCGA-DX-A6YR-01A-33R-A355-07	0	0	1.810833e+00	2.245657e+00	1.219454e-01	3.315593e-01	1.890001e-01	3.791242e-01	1.461845e+00	8.818306e-03
TCGA-DX-A6YS-01A-12R-A355-07	0	0	2.297889e+00	2.123377e+00	4.132908e-01	3.941541e-01	1.691012e-01	1.609609e-01	1.168838e+00	8.846888e-02
TCGA-DX-A6YT-01A-21R-A355-07	0	0	1.878864e+00	2.586790e+00	1.264364e-01	4.293414e-01	0	2.295655e-01	1.435028e+00	4.172546e-03
TCGA-DX-A6YU-01A-12R-A33J-07	2.642794e-01	0	1.916833e+00	2.463940e+00	5.551048e-02	3.586728e-01	2.215241e-01	1.178857e-01	1.019637e+00	7.730669e-02
TCGA-DX-A6YV-01A-12R-A355-07	0	0	1.925180e+00	2.837464e+00	0	2.628838e-02	0	7.233604e-01	1.331076e+00	2.016022e-01
TCGA-DX-A6YX-01A-11R-A41I-07	0	0	2.181690e+00	2.618649e+00	0	0	0	4.633356e-01	3.144524e-01	0
TCGA-DX-A6YZ-01A-12R-A355-07	0	0	1.793883e+00	1.995996e+00	1.310000e-01	8.354954e-01	0	0	9.607028e-01	0
TCGA-DX-A6Z0-01A-13R-A36F-07	1.569046e-01	0	1.576100e+00	2.438182e+00	3.748783e-01	6.407149e-02	4.423307e-01	1.831793e-01	1.456570e+00	2.117149e-01
TCGA-DX-A6Z2-01A-12R-A36F-07	4.276663e-01	0	1.758483e+00	2.112439e+00	0	2.813765e+00	0	2.496456e-01	0	4.012924e-01
TCGA-DX-A7EF-01A-11R-A33J-07	0	4.130098e-01	2.091910e+00	2.485682e+00	0	0	0	1.382674e+00	2.942904e-01	0
TCGA-DX-A7EI-01A-11R-A33J-07	9.456075e-02	0	1.866453e+00	2.269961e+00	1.542365e+00	4.300244e-01	6.179204e-01	1.182889e+00	7.850195e-02	1.440492e-01
TCGA-DX-A7EL-01A-12R-A36F-07	5.106143e-01	0	1.585436e+00	2.074984e+00	2.986704e-02	3.083932e+00	0	1.580668e-02	0	3.680300e-01
TCGA-DX-A7EM-01A-11R-A36F-07	1.356772e-01	0	1.933010e+00	2.253225e+00	0	3.045533e+00	0	0	0	2.434625e-01
TCGA-DX-A7EN-01A-11R-A39D-07	0	0	1.389764e+00	2.960020e+00	0	3.136415e+00	0	0	0	8.925734e-01
TCGA-DX-A7EO-01A-11R-A36F-07	0	0	1.011491e+00	2.444110e+00	3.229230e+00	5.248215e-02	0	0	8.742756e-02	4.903315e-01
TCGA-DX-A7EQ-01A-11R-A466-07	0	7.933234e-02	0	2.331612e+00	3.405928e+00	4.987962e-01	0	0	0	0
TCGA-DX-A7ER-01A-11R-A36F-07	0	0	8.352772e-01	2.365102e+00	3.306471e+00	4.185724e-01	0	0	0	2.277365e-01
TCGA-DX-A7ES-01A-31R-A39D-07	5.866492e-01	0	1.356478e+00	1.819072e+00	6.122941e-01	1.200340e+00	9.199876e-01	6.698919e-01	3.681000e-02	3.110871e-01
TCGA-DX-A7ET-01A-11R-A36F-07	5.728518e-01	0	1.153673e-01	2.940459e+00	0	0	0	8.385494e-01	9.091513e-01	4.540905e-01
TCGA-DX-A7EU-01A-22R-A36F-07	0	0	9.870038e-01	2.303457e+00	5.296851e-01	2.806905e-01	8.072695e-01	0	1.453713e+00	4.914184e-01
TCGA-DX-A8BG-01A-12R-A41I-07	8.303616e-01	0	1.706735e+00	2.552562e+00	0	1.008250e-01	0	0	1.463057e+00	1.843196e-01
TCGA-DX-A8BH-01A-11R-A37L-07	4.305720e-01	0	1.197961e+00	2.689407e+00	0	8.293582e-02	0	1.252063e-01	8.282171e-01	0
TCGA-DX-A8BJ-01A-11R-A41I-07	0	0	1.381302e+00	2.530269e+00	5.334378e-01	2.054810e-01	2.305659e-01	2.631931e+00	0	1.003209e-01
TCGA-DX-A8BK-01A-11R-A37L-07	3.354157e-01	0	3.282442e-01	2.932347e+00	0	4.452197e-01	0	9.602930e-01	8.826108e-01	2.706281e-01
TCGA-DX-A8BL-01A-11R-A41I-07	6.549306e-01	0	1.048288e+00	2.713651e+00	1.864507e-01	4.603070e-01	0	0	1.396762e+00	0
TCGA-DX-A8BM-01A-11R-A41I-07	0	0	1.559670e+00	2.561905e+00	3.451181e-01	2.354818e-01	5.314612e-01	0	8.903599e-01	4.038413e-01
TCGA-DX-A8BN-01A-11R-A37L-07	0	0	8.719776e-01	2.948241e+00	0	0	3.371599e-01	0	1.873859e+00	5.384810e-01
TCGA-DX-A8BO-01A-11R-A41I-07	4.406602e-01	0	6.775087e-01	2.254679e+00	0	1.964961e-01	0	7.927644e-01	1.120732e+00	3.974043e-01
TCGA-DX-A8BP-01A-11R-A37L-07	4.928748e-01	4.783611e-01	1.522046e+00	2.474019e+00	0	3.986084e-02	0	1.081909e+00	2.396692e-01	0
TCGA-DX-A8BQ-01A-11R-A37L-07	7.747694e-01	0	9.811674e-01	2.564320e+00	0	1.504887e-01	0	0	9.797362e-01	0
TCGA-DX-A8BR-01A-11R-A41I-07	1.496179e-01	0	1.572041e+00	2.352252e+00	0	2.897751e-01	0	0	1.443299e+00	1.593108e-01
TCGA-DX-A8BS-01A-11R-A37L-07	0	0	1.700511e+00	2.673315e+00	0	5.135319e-02	0	1.795961e+00	1.644580e-01	2.744501e-01
TCGA-DX-A8BT-01A-11R-A37L-07	0	0	1.649896e+00	2.262201e+00	0	1.114767e-01	1.920387e-01	2.467539e-01	1.511379e+00	2.255360e-01
TCGA-DX-A8BU-01A-11R-A37L-07	0	6.792940e-01	2.128652e+00	2.765651e+00	2.177834e-01	4.772262e-01	3.606068e-02	1.024150e+00	0	6.120128e-02
TCGA-DX-A8BV-01A-11R-A37L-07	0	6.418705e-02	2.081932e+00	2.329824e+00	2.746755e-01	5.722180e-01	9.233018e-02	5.999536e-01	7.901975e-01	0
TCGA-DX-A8BX-01A-11R-A37L-07	0	0	1.284227e+00	2.219315e+00	1.223864e-01	0	5.080465e-01	0	1.725115e+00	4.247254e-01
TCGA-DX-A8BZ-01A-11R-A37L-07	0	0	5.877166e-02	2.795098e+00	0	2.909190e-01	0	2.064696e+00	2.339383e-01	1.068944e-01
TCGA-DX-AATS-01A-12R-A41I-07	0	1.396366e-02	1.651794e+00	2.515060e+00	9.486337e-01	8.136950e-02	2.861129e-01	2.003431e+00	0	0
TCGA-DX-AB2E-01A-11R-A39D-07	0	0	1.901877e+00	2.608475e+00	0	0	0	1.062507e+00	0	0
TCGA-DX-AB2F-01A-11R-A38C-07	0	0	1.463795e+00	2.238980e+00	6.086140e-01	1.437994e-01	1.814150e+00	0	1.250789e+00	3.468795e-01
TCGA-DX-AB2G-01A-11R-A39D-07	1.019029e-01	0	8.974626e-01	2.303966e+00	1.659161e-01	3.719960e-01	1.150091e+00	0	1.286148e+00	1.263677e-01
TCGA-DX-AB2H-01A-11R-A39D-07	0	0	2.072556e+00	2.480760e+00	1.910906e+00	2.901807e-01	7.400623e-01	4.761009e-01	0	3.411445e-01
TCGA-DX-AB2J-01A-11R-A38C-07	0	0	1.591287e+00	1.892579e+00	2.061822e+00	4.858353e-01	4.240010e-01	1.950373e-01	2.808083e-03	8.982581e-01
TCGA-DX-AB2L-01A-32R-A41I-07	0	0	1.596638e+00	1.827130e+00	2.341109e-01	7.769349e-01	0	2.502570e+00	2.224857e-01	0
TCGA-DX-AB2O-01A-12R-A39D-07	1.696709e-01	0	1.446023e+00	2.979026e+00	3.280113e-01	4.302280e-01	2.332810e-01	5.567690e-02	1.332024e+00	3.096156e-01
TCGA-DX-AB2P-01A-11R-A38C-07	0	0	1.875918e+00	2.586708e+00	0	1.547110e-01	0	2.700110e+00	0	2.958493e-01
TCGA-DX-AB2Q-01A-11R-A39D-07	0	0	2.005165e+00	2.543858e+00	0	2.177042e-01	0	1.684372e+00	6.437455e-02	0
TCGA-DX-AB2S-01A-11R-A39D-07	9.847254e-01	0	1.420156e+00	2.315563e+00	1.202373e-01	1.205337e-01	4.941059e-02	2.776351e-01	7.782603e-01	3.002577e-01
TCGA-DX-AB2T-01A-11R-A38C-07	3.353114e-01	0	1.852832e+00	2.587832e+00	0	2.675479e-01	0	4.625979e-01	1.032161e+00	3.201527e-01
TCGA-DX-AB2V-01A-11R-A41I-07	0	0	1.626665e+00	1.816406e+00	3.377628e-01	4.274161e-01	0	0	1.566250e+00	0
TCGA-DX-AB2W-01A-11R-A39D-07	1.079816e-01	3.399604e-01	6.737337e-01	2.647242e+00	0	0	0	1.632036e+00	1.893681e-01	8.937848e-03
TCGA-DX-AB2X-01A-11R-A38C-07	0	0	1.368508e+00	2.748722e+00	3.376327e-02	2.787909e-01	0	5.863410e-01	4.039797e-01	5.252608e-02
TCGA-DX-AB2Z-01A-11R-A38C-07	6.484270e-01	3.067466e-03	2.003547e+00	2.690493e+00	0	0	0	8.780900e-01	1.128110e-01	1.716227e-01
TCGA-DX-AB30-01A-11R-A39D-07	0	3.388261e-01	2.049213e+00	2.318591e+00	2.241053e+00	0	5.989969e-01	9.009917e-01	5.384103e-02	6.394140e-02
TCGA-DX-AB32-01A-11R-A41I-07	5.770300e-01	0	1.332624e+00	2.484612e+00	2.615678e-01	3.037005e-01	1.749720e-01	0	7.469645e-01	2.297247e-01
TCGA-DX-AB35-01A-21R-A41I-07	0	0	1.396699e+00	2.591477e+00	7.231964e-01	1.373503e-01	1.713422e+00	0	1.030096e+00	2.879577e-01
TCGA-DX-AB36-01A-11R-A41I-07	0	5.212346e-01	1.912234e+00	2.292043e+00	3.489811e-01	0	5.778186e-01	1.543129e+00	0	0
TCGA-DX-AB37-01A-11R-A41I-07	5.080199e-01	1.494225e-01	8.209559e-01	2.426115e+00	1.677268e-01	1.916153e-01	1.544234e-01	0	1.107480e+00	4.683225e-01
TCGA-DX-AB3A-01A-11R-A41I-07	0	0	1.719681e+00	2.388422e+00	1.269539e+00	4.803885e-01	1.648338e+00	5.240864e-02	4.029089e-02	7.658145e-02
TCGA-DX-AB3B-01A-11R-A41I-07	1.220397e-01	0	1.990425e+00	1.897829e+00	2.657949e+00	4.294681e-01	0	4.787022e-01	1.111302e-02	7.125995e-02
TCGA-DX-AB3C-01A-11R-A41I-07	0	0	1.059662e+00	2.383773e+00	3.180943e+00	4.546381e-01	0	0	0	1.090681e-01
TCGA-FX-A2QS-11A-11R-A21T-07	0	4.687761e-02	1.619166e+00	1.364844e+00	1.248147e+00	1.051917e+00	1.953946e-02	0	8.495084e-02	7.333356e-01
TCGA-FX-A2QS-01A-11R-A21T-07	5.465272e-02	0	2.366871e+00	2.420873e+00	8.391585e-01	1.326175e-03	1.076804e+00	5.278456e-01	1.722924e-01	3.546243e-01
TCGA-FX-A3NJ-01A-11R-A21T-07	1.875017e-01	0	1.674499e+00	1.839425e+00	1.891910e-02	3.231181e+00	0	0	7.008758e-02	7.144298e-01
TCGA-FX-A3NK-01A-11R-A21T-07	5.852598e-02	0	2.077993e+00	1.945213e+00	6.393823e-01	8.384201e-01	1.210804e+00	1.492224e+00	0	0
TCGA-FX-A3RE-01A-11R-A22K-07	0	0	1.645153e+00	2.069292e+00	7.366800e-01	8.379556e-01	9.368114e-01	6.275494e-01	0	1.752452e+00
TCGA-FX-A3TO-01A-11R-A22K-07	0	4.233617e-01	1.392336e+00	2.598007e+00	1.719619e-01	2.933441e-02	3.748919e-01	3.116245e-01	1.194072e+00	1.975894e-01
TCGA-FX-A48G-01A-11R-A24X-07	0	0	0	2.491737e+00	6.280848e-01	1.024819e+00	2.407359e-01	5.658046e-01	0	3.026779e+00
TCGA-FX-A76Y-01A-11R-A355-07	7.869946e-02	0	1.558469e+00	2.040499e+00	0	1.734619e+00	9.274074e-03	1.532869e-01	1.248383e-01	2.611936e+00
TCGA-FX-A8OO-01A-11R-A36F-07	0	0	1.845557e+00	2.148060e+00	2.823190e+00	2.195076e-01	0	0	0	2.779427e-01
TCGA-HB-A2OT-01A-11R-A21T-07	0	0	1.809322e+00	2.275253e+00	0	1.099569e-01	0	2.164768e+00	0	3.713251e-01
TCGA-HB-A3L4-01A-11R-A21T-07	0	0	1.503935e+00	2.896387e+00	2.874432e-01	1.076482e+00	4.647106e-02	2.532530e-01	0	2.684334e+00
TCGA-HB-A3YV-01A-11R-A24X-07	0	0	2.279329e+00	2.477241e+00	1.315693e+00	2.949995e-01	1.490275e+00	4.638228e-02	0	4.042129e-01
TCGA-HB-A43Z-01A-11R-A24X-07	6.700630e-02	0	1.794726e+00	2.403913e+00	3.461685e-01	1.760942e+00	1.449540e-01	9.530542e-02	4.964866e-02	1.704142e+00
TCGA-HB-A5W3-01A-11R-A29R-07	2.464865e-02	0	1.601561e+00	1.964807e+00	0	2.661113e+00	0	1.813316e-01	6.744942e-02	9.931359e-01
TCGA-HS-A5N7-01A-21R-A26T-07	1.755101e-02	0	1.506924e+00	2.251180e+00	2.070632e-01	2.578784e+00	5.715739e-02	2.774190e-01	0	1.899283e-01
TCGA-HS-A5N8-01A-11R-A26T-07	0	0	1.633699e+00	2.054051e+00	1.643391e+00	0	9.418937e-01	4.497062e-01	0	1.022481e+00
TCGA-HS-A5N9-01A-11R-A26T-07	0	0	1.818400e+00	3.290116e+00	2.226799e-01	9.465108e-01	0	2.347012e-01	0	1.941964e+00
TCGA-HS-A5NA-01A-11R-A26T-07	1.554724e-01	0	1.628467e+00	2.569120e+00	0	1.303431e+00	0	0	0	2.860244e+00
TCGA-IE-A3OV-01A-11R-A22K-07	3.762679e-01	0	1.785732e+00	2.350919e+00	0	2.798053e+00	0	0	1.362608e-01	2.795484e-01
TCGA-IE-A4EH-01A-11R-A24X-07	0	0	1.177214e+00	2.622450e+00	0	1.381541e+00	0	4.778323e-01	2.313846e-01	2.692419e+00
TCGA-IE-A4EI-01A-11R-A24X-07	0	0	1.756828e+00	2.213958e+00	0	2.772729e+00	0	1.255301e-02	0	8.576325e-01
TCGA-IE-A4EJ-01A-11R-A24X-07	2.510917e-01	0	1.812485e+00	2.054287e+00	6.395266e-02	9.276383e-02	2.061236e-01	1.408231e-01	1.708642e+00	3.321029e-01
TCGA-IE-A4EK-01A-11R-A24X-07	0	0	1.735545e+00	1.974421e+00	0	3.572330e+00	0	0	0	7.154971e-01
TCGA-IE-A6BZ-01A-11R-A30C-07	0	0	1.949362e+00	2.482968e+00	0	0	0	1.654695e-01	2.160000e+00	2.219726e-01
TCGA-IF-A3RQ-01A-11R-A22K-07	0	0	9.693328e-01	2.515014e+00	2.340698e-02	1.068678e-01	1.849564e+00	0	1.329157e+00	8.424373e-01
TCGA-IF-A4AJ-01A-11R-A24X-07	1.229151e-01	0	1.809657e+00	2.485562e+00	9.565177e-02	2.779687e+00	0	2.042909e-01	0	1.973574e-01
TCGA-IF-A4AK-01A-21R-A24X-07	7.697999e-02	0	2.215027e+00	2.226978e+00	6.981583e-02	2.538860e+00	0	2.287911e-01	1.171503e-01	3.722087e-01
TCGA-IS-A3K6-01A-11R-A21T-07	5.374545e-02	0	9.532242e-01	2.566112e+00	7.616799e-03	6.862914e-01	0	0	2.253595e-01	2.578737e+00
TCGA-IS-A3K7-01A-11R-A21T-07	0	0	8.316823e-01	2.519852e+00	1.029316e-01	2.051334e-01	3.316267e-02	1.921650e+00	1.391610e-01	8.709814e-01
TCGA-IS-A3K8-01A-11R-A21T-07	0	0	9.038037e-01	2.032000e+00	4.142829e-01	1.242397e+00	3.159923e-01	6.305045e-01	6.290466e-02	2.910898e+00
TCGA-IS-A3KA-01A-11R-A21T-07	1.841036e-01	1.318566e-02	6.431194e-01	2.623355e+00	8.145877e-01	7.647051e-01	0	0	0	1.925213e+00
TCGA-IW-A3M4-01A-11R-A21T-07	0	0	1.648873e+00	1.750020e+00	3.366432e-01	9.062572e-01	2.736061e-01	6.916618e-01	0	3.078849e+00
TCGA-IW-A3M5-01A-22R-A21T-07	0	0	1.035561e+00	2.807517e+00	2.049207e+00	0	6.651537e-01	8.589059e-01	0	4.789340e-01
TCGA-IW-A3M6-01A-11R-A21T-07	0	0	1.435964e+00	1.964831e+00	1.352864e-01	1.341299e+00	9.970365e-02	1.304773e+00	0	1.505475e+00
TCGA-JV-A5VE-01A-11R-A29R-07	1.853173e-01	0	1.368923e+00	2.539598e+00	0	6.522744e-01	0	6.737623e-01	1.192579e-01	2.249617e+00
TCGA-JV-A5VF-01A-11R-A29R-07	0	0	9.833140e-01	2.953168e+00	1.040069e+00	0	2.994862e-01	2.063362e+00	0	5.153245e-01
TCGA-JV-A75J-01A-11R-A32Q-07	0	0	1.652024e+00	2.920556e+00	2.577366e+00	0	5.716826e-01	2.893285e-01	0	4.148611e-01
TCGA-K1-A3PN-01A-11R-A22K-07	0	0	1.684003e+00	2.484980e+00	9.140180e-02	3.303383e+00	0	0	0	2.679017e-01
TCGA-K1-A3PN-02A-11R-A22K-07	0	0	1.161005e+00	2.807767e+00	3.367459e-01	3.075923e+00	0	0	0	2.507011e-01
TCGA-K1-A3PO-11A-12R-A21T-07	0	9.110892e-02	8.017150e-01	1.826206e+00	2.920015e-01	2.391648e+00	1.789932e-01	2.514778e-01	3.780696e-01	9.251419e-01
TCGA-K1-A3PO-01A-11R-A21T-07	0	0	1.525792e+00	1.648117e+00	1.023929e+00	1.633108e+00	1.449470e-01	4.265957e-01	0	3.138194e-01
TCGA-K1-A42W-01A-11R-A24X-07	0	0	1.340316e+00	2.417292e+00	4.993690e-02	2.818272e+00	3.936004e-02	0	0	5.605586e-01
TCGA-K1-A42X-01A-11R-A24X-07	1.558097e-02	0	1.815902e+00	1.924437e+00	2.222676e-01	1.107031e+00	0	0	0	3.817439e+00
TCGA-K1-A42X-02A-11R-A24X-07	1.771701e-02	0	1.743031e+00	1.974570e+00	2.183442e-01	1.170626e+00	0	0	0	3.793643e+00
TCGA-K1-A6RT-01A-32R-A33J-07	6.830356e-01	1.149630e+00	1.620330e+00	2.224822e+00	4.825156e-01	3.905318e-01	0	0	3.817675e-01	2.325622e-01
TCGA-K1-A6RU-01A-11R-A32Q-07	1.827901e-01	0	1.320291e+00	2.358497e+00	2.515467e-01	4.216728e-01	9.608731e-02	0	1.700410e+00	2.077421e-01
TCGA-K1-A6RV-01A-11R-A32Q-07	0	0	1.375207e+00	2.783267e+00	0	1.046408e-01	0	2.649883e+00	0	1.320748e-01
TCGA-KD-A5QS-01A-11R-A27Q-07	0	0	1.757180e+00	3.060575e+00	0	5.203247e-01	0	1.009389e+00	0	9.504749e-01
TCGA-KD-A5QT-01A-11R-A27Q-07	1.538960e-01	0	1.898951e+00	2.475538e+00	2.025699e-01	1.338147e+00	0	0	0	2.597309e+00
TCGA-KD-A5QU-01A-11R-A27Q-07	0	0	1.487919e+00	2.659554e+00	0	1.287408e+00	0	8.925002e-01	0	2.470003e+00
TCGA-KF-A41W-01A-11R-A24X-07	6.881945e-02	0	1.561659e+00	2.325644e+00	2.398563e-01	8.646221e-01	5.339327e-02	1.540949e+00	0	7.495363e-01
TCGA-LI-A67I-01A-31R-A30C-07	0	0	1.524432e+00	2.738415e+00	3.464368e-01	4.465796e-01	0	1.620723e+00	3.319763e-01	4.689232e-01
TCGA-LI-A9QH-01A-11R-A37L-07	0	0	1.932685e+00	2.895084e+00	0	3.050204e-01	0	0	1.323858e+00	1.798275e-01
TCGA-MB-A5Y8-01A-11R-A29R-07	0	0	1.229534e+00	2.550682e+00	0	0	0	2.558298e+00	5.048002e-02	3.529425e-01
TCGA-MB-A5Y9-01A-11R-A29R-07	5.865689e-01	0	2.605359e-01	2.195181e+00	0	2.361396e-01	0	6.557110e-01	9.246463e-01	0
TCGA-MB-A5YA-01A-11R-A29R-07	5.494880e-02	0	9.424000e-01	2.471398e+00	0	3.298937e+00	0	0	0	3.479149e-01
TCGA-MB-A8JK-01A-11R-A36F-07	2.936929e-02	0	1.960421e+00	2.430370e+00	1.776214e-01	8.312819e-01	0	1.349092e+00	2.913390e-01	5.325675e-02
TCGA-MB-A8JL-01A-11R-A36F-07	0	0	2.241919e+00	2.046067e+00	1.249512e+00	0	0	1.614614e+00	7.618061e-02	2.338244e-01
TCGA-MJ-A68H-01A-11R-A30C-07	0	0	1.959990e+00	2.199642e+00	2.846712e-01	2.515143e+00	2.922386e-02	1.599302e-01	0	8.531639e-01
TCGA-MJ-A68J-01A-11R-A30C-07	1.760703e-01	0	1.340114e+00	1.557757e+00	6.688818e-02	4.207241e-01	0	1.231097e+00	1.262190e+00	2.575489e-01
TCGA-MJ-A850-01A-11R-A355-07	0	0	8.921022e-01	2.184784e+00	2.847816e+00	4.229248e-01	0	2.196220e-01	6.911144e-02	2.912781e-02
TCGA-MO-A47P-01A-11R-A24X-07	0	0	1.817510e+00	1.416771e+00	2.169499e-01	1.811091e+00	0	0	8.738864e-02	1.679464e+00
TCGA-MO-A47R-01A-11R-A24X-07	0	0	2.321213e+00	2.253785e+00	1.339822e+00	3.630637e-01	7.479133e-01	0	0	6.131633e-01
TCGA-N1-A6IA-01A-12R-A32Q-07	0	0	1.886617e+00	2.447506e+00	6.246203e-02	3.894642e-01	5.494022e-02	2.429920e+00	0	1.075543e+00
TCGA-PC-A5DK-01A-11R-A27Q-07	3.900164e-01	0	1.819874e+00	1.759249e+00	2.078814e-01	3.110814e+00	0	0	0	5.480514e-01
TCGA-PC-A5DL-01A-11R-A26T-07	2.515828e-01	0	1.560442e+00	1.984297e+00	3.242094e-04	3.411563e+00	0	0	0	6.567642e-01
TCGA-PC-A5DM-01A-11R-A27Q-07	0	1.621916e-01	1.583427e+00	2.814520e+00	1.248085e-01	5.522968e-01	0	8.381961e-01	2.547035e-01	8.521349e-02
TCGA-PC-A5DN-01A-12R-A27Q-07	0	0	2.104145e+00	1.780682e+00	1.271879e+00	9.369686e-01	6.660557e-01	1.042201e+00	0	2.310088e-01
TCGA-PC-A5DO-01A-11R-A26T-07	0	0	1.977902e+00	2.278637e+00	0	2.930476e+00	0	0	9.174575e-02	1.135799e-01
TCGA-PC-A5DP-01A-11R-A26T-07	0	0	1.809403e+00	2.260237e+00	0	3.331000e+00	0	3.238849e-01	0	2.593816e-01
TCGA-PT-A8TR-01A-11R-A37L-07	0	5.440694e-02	1.596119e+00	2.091012e+00	2.100674e+00	1.266489e-01	7.245199e-01	0	1.546020e-02	1.283431e+00
TCGA-QC-A6FX-01A-11R-A32Q-07	1.302495e-01	0	1.416833e+00	2.237495e+00	0	0	0	3.877491e-01	1.455850e+00	0
TCGA-QC-A7B5-01A-11R-A33J-07	0	0	1.024967e+00	2.511611e+00	3.960619e-02	2.995240e-01	0	2.404465e+00	0	5.316781e-01
TCGA-QC-AA9N-01A-11R-A39D-07	0	0	1.439911e+00	2.718166e+00	8.466358e-01	0	1.681443e-01	4.293954e-01	6.053397e-01	3.506725e-01
TCGA-QQ-A5V2-01A-11R-A32Q-07	0	5.869579e-03	4.809280e-01	2.393373e+00	5.293422e-01	3.280458e-01	0	1.853479e+00	0	2.326037e-01
TCGA-QQ-A5V9-01A-11R-A32Q-07	1.823451e-02	0	9.712399e-01	2.081804e+00	3.528952e-01	3.536091e-01	1.378791e-01	8.278660e-01	9.830483e-01	0
TCGA-QQ-A5VA-01A-12R-A32Q-07	5.872213e-01	2.532767e-01	1.907503e+00	1.827039e+00	7.256438e-01	3.545954e-01	1.078264e-01	1.100331e+00	2.651055e-01	4.999396e-02
TCGA-QQ-A5VB-01A-11R-A36F-07	1.906654e-01	0	1.549618e+00	2.741777e+00	0	3.914204e-01	0	2.113765e+00	0	0
TCGA-QQ-A5VC-01A-31R-A32Q-07	0	1.599903e-01	1.305391e+00	2.685336e+00	0	1.137122e-01	0	1.447125e+00	3.583885e-01	2.084324e-01
TCGA-QQ-A5VD-01A-21R-A32Q-07	1.957637e-01	1.122482e-01	1.055629e+00	2.088027e+00	4.986741e-01	1.811646e+00	0	1.157545e+00	2.658669e-01	1.559015e-01
TCGA-QQ-A8VB-01A-11R-A37L-07	0	0	2.207192e+00	1.701101e+00	1.875346e+00	6.825798e-01	5.750942e-01	7.074894e-01	2.620115e-01	1.921055e-01
TCGA-QQ-A8VD-01A-42R-A39D-07	0	0	2.024057e+00	1.724628e+00	6.363969e-01	4.959930e-01	1.163461e-01	2.716401e+00	7.885968e-02	1.622466e-01
TCGA-QQ-A8VF-01A-11R-A37L-07	2.173163e-01	2.993838e-01	1.989300e+00	2.539875e+00	3.897067e-01	0	1.236540e-01	3.898367e-01	0	1.973754e-01
TCGA-QQ-A8VG-01A-11R-A37L-07	0	0	2.271648e+00	1.864347e+00	1.029992e+00	2.133349e-01	0	3.548731e-01	7.927356e-02	4.024068e-02
TCGA-QQ-A8VH-01A-11R-A37L-07	0	0	1.971450e+00	2.491722e+00	2.097005e+00	0	7.575060e-01	2.719543e-01	0	4.999294e-01
TCGA-RN-A68Q-01A-11R-A30C-07	0	0	1.676539e+00	1.835846e+00	1.233166e+00	6.392501e-01	0	0	1.488209e-01	5.338019e-01
TCGA-RN-AAAQ-01A-21R-A39D-07	0	0	1.163365e+00	2.164874e+00	1.361492e+00	4.356617e-01	0	0	0	0
TCGA-SG-A6Z4-01A-22R-A33J-07	0	0	2.259416e+00	2.575056e+00	5.417185e-03	1.827654e-01	0	2.436603e+00	5.716796e-02	1.002169e-01
TCGA-SG-A6Z7-01A-12R-A32Q-07	0	0	2.071759e+00	2.201622e+00	2.357982e+00	0	1.076870e+00	9.820280e-01	0	4.008174e-02
TCGA-SG-A849-01A-11R-A355-07	5.943518e-01	8.142312e-02	1.406384e+00	2.627648e+00	0	0	0	8.332700e-01	4.488956e-01	0
TCGA-SI-A71O-06A-11R-A38C-07	5.101008e-01	0	1.827617e+00	2.442901e+00	5.174019e-01	2.509815e-01	1.719928e-01	1.014191e+00	3.419420e-02	4.857992e-02
TCGA-SI-A71O-01A-12R-A33J-07	0	0	1.949612e+00	2.556928e+00	0	1.460923e-01	0	2.090870e+00	6.094405e-02	3.899381e-01
TCGA-SI-A71P-01A-12R-A33J-07	0	0	2.191523e+00	1.742629e+00	9.235158e-01	6.456382e-01	0	0	6.174682e-02	8.093758e-03
TCGA-SI-A71Q-01A-12R-A33J-07	0	0	2.242101e+00	2.246061e+00	2.354769e+00	0	8.515324e-01	8.398031e-01	1.035318e-01	2.557775e-01
TCGA-SI-AA8B-01A-11R-A38C-07	0	0	1.825344e+00	2.733168e+00	0	0	0	2.486460e+00	0	4.460111e-01
TCGA-SI-AA8C-01A-11R-A38C-07	2.016096e-02	0	2.004222e+00	1.913295e+00	2.018979e+00	1.182691e-01	7.442815e-01	9.285680e-01	2.332114e-01	1.997286e-01
TCGA-UE-A6QT-01A-12R-A32Q-07	8.218897e-01	0	1.414175e+00	2.118435e+00	4.317267e-02	9.638439e-01	0	2.554360e-02	4.257848e-01	6.406455e-01
TCGA-UE-A6QU-01A-12R-A32Q-07	6.612624e-01	0	1.444510e+00	2.493929e+00	4.494990e-01	0	1.423083e-01	0	1.415024e+00	1.651415e-01
TCGA-VT-A80G-01A-11R-A36F-07	0	0	1.730779e+00	2.330723e+00	0	5.488254e-02	7.794119e-02	2.637638e+00	2.196181e-01	4.638417e-01
TCGA-VT-A80J-01A-11R-A36F-07	4.875146e-01	0	1.902397e+00	2.388584e+00	5.032984e-02	1.686037e-01	0	9.472146e-01	3.065944e-01	1.983254e-02
TCGA-VT-A80J-02A-11R-A41I-07	2.115406e-01	0	1.180526e+00	2.740534e+00	3.282590e-01	2.932861e-01	0	0	7.552368e-01	0
TCGA-VT-AB3D-01A-12R-A41I-07	7.759136e-01	0	1.352905e+00	2.488442e+00	3.298685e-01	2.659905e-01	0	2.299760e-01	8.507545e-01	6.278003e-02
TCGA-WK-A8XO-01A-11R-A37L-07	3.349399e-01	0	1.345529e+00	2.131885e+00	2.918915e-01	5.247311e-01	7.562733e-01	1.523245e+00	0	1.241746e-01
TCGA-WK-A8XQ-01A-11R-A37L-07	0	0	2.412690e+00	2.195994e+00	1.959454e+00	8.397528e-02	3.932124e-01	0	0	2.294528e-01
TCGA-WK-A8XS-01A-11R-A37L-07	0	0	1.947633e+00	2.531816e+00	0	2.256941e+00	0	5.619460e-01	0	8.168385e-01
TCGA-WK-A8XT-01A-11R-A37L-07	0	0	2.012069e+00	2.015033e+00	3.173499e+00	8.700149e-02	0	0	0	4.283889e-01
TCGA-WK-A8XX-01A-11R-A37L-07	6.250807e-02	0	1.632191e+00	2.311764e+00	0	3.089584e+00	0	0	0	2.216119e-01
TCGA-WK-A8XY-01A-11R-A37L-07	0	0	1.646944e+00	2.580980e+00	1.025804e-01	3.126350e+00	0	0	0	5.923417e-01
TCGA-WK-A8XZ-01A-11R-A37L-07	0	0	2.002362e+00	2.185410e+00	9.691342e-03	3.231745e+00	0	3.473019e-02	0	2.826174e-01
TCGA-WK-A8Y0-01A-11R-A41I-07	1.852384e-01	0	1.989506e+00	2.888573e+00	0	2.816779e-01	0	1.550508e+00	0	0
TCGA-WP-A9GB-01A-11R-A37L-07	0	0	1.528663e+00	2.798637e+00	5.636458e-01	1.303239e+00	0	0	0	2.592019e+00
TCGA-X2-A95T-01A-11R-A37L-07	0	0	2.027530e+00	2.286556e+00	0	1.310595e+00	0	5.884504e-01	5.673305e-02	2.551379e+00
TCGA-X6-A7W8-01A-21R-A355-07	2.392789e-01	0	5.067543e-01	2.927927e+00	1.046548e-01	4.266623e-01	0	1.165001e+00	3.677640e-01	1.972744e-02
TCGA-X6-A7WA-01A-12R-A355-07	0	0	1.739992e+00	2.091457e+00	0	2.990170e+00	0	2.085613e-01	8.240052e-02	2.418752e-01
TCGA-X6-A7WB-01A-11R-A355-07	0	0	1.840535e+00	2.730440e+00	3.272721e-01	1.731918e+00	9.932684e-02	1.660735e-01	0	1.601710e+00
TCGA-X6-A7WC-01A-12R-A355-07	4.824692e-02	0	1.837526e+00	2.464198e+00	2.710848e-02	2.821038e-01	0	2.275438e+00	8.220971e-02	9.383591e-02
TCGA-X6-A7WD-01A-21R-A355-07	0	0	2.002034e+00	2.477861e+00	0	2.480438e+00	0	9.412222e-01	0	1.159127e-02
TCGA-X6-A8C2-01A-11R-A36F-07	0	0	2.195299e+00	2.576357e+00	0	9.534312e-02	0	1.926639e+00	1.259185e-01	3.650794e-01
TCGA-X6-A8C3-01A-11R-A36F-07	2.308860e-01	3.662669e-01	1.880562e+00	2.648204e+00	0	0	0	2.027912e-01	6.282886e-01	7.203586e-02
TCGA-X6-A8C4-01A-11R-A36F-07	0	0	1.827671e+00	2.815043e+00	0	0	0	1.350207e+00	7.685038e-02	0
TCGA-X6-A8C5-01A-11R-A36F-07	3.167942e-01	0	1.288482e+00	2.029030e+00	0	2.957505e+00	0	7.865982e-02	1.003168e-01	6.687716e-01
TCGA-X6-A8C6-01A-11R-A36F-07	0	3.919460e-01	1.648797e+00	2.041348e+00	3.949651e-01	3.911513e-01	2.388514e-01	2.413754e-01	1.428786e+00	6.491939e-02
TCGA-X6-A8C7-01A-11R-A36F-07	0	0	2.151788e+00	1.940804e+00	2.827882e+00	3.174783e-01	0	1.875706e-01	3.128951e-02	1.806995e-01
TCGA-X9-A971-01A-11R-A38C-07	0	0	1.965144e+00	2.924314e+00	1.950112e-01	2.412380e+00	0	2.094531e-01	7.173437e-02	0
TCGA-X9-A973-01A-11R-A38C-07	0	0	1.772478e+00	2.199809e+00	1.085196e+00	2.419349e-01	2.613473e-01	7.606036e-01	3.145222e-01	8.587554e-02
TCGA-Z4-A8JB-01A-23R-A37L-07	0	4.603045e-02	2.041089e+00	1.729876e+00	6.528540e-01	2.632172e-01	1.353030e-01	2.875822e+00	1.006770e-01	1.745885e-01
TCGA-Z4-A9VC-01A-11R-A37L-07	0	0	2.282700e+00	2.158269e+00	1.161102e+00	6.594699e-01	4.606357e-01	0	0	4.294601e-01
TCGA-Z4-AAPF-01A-11R-A39D-07	0	8.451034e-01	1.309094e+00	2.105479e+00	2.047810e+00	3.827815e-01	0	9.175300e-01	0	2.817908e-03
TCGA-Z4-AAPG-01A-11R-A39D-07	0	0	1.390678e+00	2.801244e+00	2.712681e-01	2.321999e-01	0	1.758530e+00	0	0
