sampleID	D6.6_GNF2-SPRR1B	D8.5_REACTOME-TRANSLOCATION-OF-ZAP-70-TO-IMMUNOLOGICAL-SYNAPSE	D8.2_MODULE-103	D7.2_RUNNE-GENDER-EFFECT-UP	D6.2_NIKOLSKY-BREAST-CANCER-7P15-AMPLICON
TCGA-3N-A9WB-06A-11R-A38C-07	6.690811e-01	1.294707e-02	2.871110e+00	3.342708e+00	1.342692e-01
TCGA-3N-A9WC-06A-11R-A38C-07	0	2.187645e+00	1.006463e+00	2.555924e+00	1.195996e+00
TCGA-3N-A9WD-06A-11R-A38C-07	5.589270e-01	1.791421e+00	1.150071e+00	1.795450e+00	1.987839e+00
TCGA-BF-A1PU-01A-11R-A18S-07	6.928368e-01	2.730378e-01	2.584401e+00	1.608824e+00	1.599203e+00
TCGA-BF-A1PV-01A-11R-A18U-07	4.386946e-01	2.176450e-01	1.824690e+00	2.992092e+00	7.814338e-01
TCGA-BF-A1PX-01A-12R-A18T-07	1.305406e+00	1.704355e+00	1.740791e+00	1.785521e+00	1.452863e+00
TCGA-BF-A1PZ-01A-11R-A18S-07	3.616375e-01	6.791083e-01	3.139727e+00	2.555259e+00	2.975535e-01
TCGA-BF-A1Q0-01A-21R-A18S-07	4.166889e-01	9.442313e-01	1.407872e+00	3.524995e+00	2.235204e+00
TCGA-BF-A3DJ-01A-11R-A20F-07	1.088423e+00	1.040185e+00	8.736105e-01	2.535416e+00	2.361490e+00
TCGA-BF-A3DL-01A-11R-A20F-07	2.010357e-01	3.973030e-01	4.817628e+00	2.268670e+00	7.887484e-01
TCGA-BF-A3DM-01A-11R-A20F-07	1.492921e-01	5.142656e-01	1.392184e+00	1.913849e+00	3.476632e+00
TCGA-BF-A3DN-01A-11R-A20F-07	4.159590e-01	8.513934e-01	5.434912e-01	1.669490e+00	3.517879e+00
TCGA-BF-A5EO-01A-12R-A27Q-07	1.037659e+00	8.105680e-01	3.464140e+00	1.474221e+00	1.294773e+00
TCGA-BF-A5EP-01A-12R-A27Q-07	1.686915e-01	1.404864e-01	3.150357e+00	2.671065e+00	2.294368e+00
TCGA-BF-A5EQ-01A-21R-A27Q-07	3.676393e-01	1.538846e+00	2.150175e+00	2.637124e+00	6.642689e-01
TCGA-BF-A5ER-01A-12R-A27Q-07	6.593168e-01	9.887859e-02	4.230656e+00	1.977222e+00	0
TCGA-BF-A5ES-01A-11R-A27Q-07	3.647532e-02	1.137941e+00	4.172440e+00	2.907440e+00	0
TCGA-BF-A9VF-01A-11R-A37K-07	1.009755e+00	0	3.780047e+00	2.455636e+00	0
TCGA-BF-AAOU-01A-12R-A39D-07	7.867208e-01	1.087240e+00	1.673600e+00	2.146902e+00	2.289383e+00
TCGA-BF-AAOX-01A-11R-A39D-07	1.020606e+00	3.012209e-01	2.973681e+00	2.613430e+00	0
TCGA-BF-AAP0-06A-11R-A39D-07	9.778931e-02	2.269575e+00	2.280347e+00	1.750346e+00	1.704984e+00
TCGA-BF-AAP1-01A-11R-A39D-07	5.197382e-01	4.495007e-01	1.303833e+00	1.643145e+00	2.358938e+00
TCGA-BF-AAP2-01A-11R-A40A-07	9.609648e-01	1.091835e+00	1.400192e+00	1.995427e+00	4.195159e-01
TCGA-BF-AAP4-01A-11R-A40A-07	1.869602e-01	1.416859e+00	3.133120e+00	2.934043e+00	9.219254e-02
TCGA-BF-AAP6-01A-11R-A40A-07	2.986407e-01	4.522756e-01	2.475160e+00	2.792722e+00	1.418505e+00
TCGA-BF-AAP7-01A-11R-A40A-07	1.036502e+00	1.682031e+00	1.962381e+00	9.919632e-01	1.524781e+00
TCGA-BF-AAP8-01A-11R-A40A-07	6.292087e-02	1.176875e+00	1.942497e+00	1.542744e+00	1.302059e+00
TCGA-D3-A1Q1-06A-21R-A18T-07	0	3.371094e-01	9.688792e-01	1.192483e+00	3.196141e+00
TCGA-D3-A1Q3-06A-11R-A18T-07	0	1.757916e+00	1.603198e+00	3.406289e+00	0
TCGA-D3-A1Q4-06A-11R-A18T-07	1.456763e-01	1.300409e+00	2.896800e-01	1.381740e+00	5.383936e+00
TCGA-D3-A1Q5-06A-11R-A18T-07	1.766982e-01	3.964491e-01	0	1.554777e+00	6.520312e+00
TCGA-D3-A1Q6-06A-11R-A18T-07	1.715596e-01	2.930247e-01	1.152885e+00	4.545613e+00	3.440612e+00
TCGA-D3-A1Q7-06A-11R-A18T-07	2.500529e-02	2.560284e+00	1.036984e+00	2.013620e+00	1.521617e+00
TCGA-D3-A1Q8-06A-11R-A18T-07	9.541441e-02	1.249454e+00	7.308748e-01	2.133840e+00	5.198761e+00
TCGA-D3-A1Q9-06A-11R-A18T-07	2.556203e-01	1.390474e+00	2.093778e+00	2.405385e+00	6.456976e-01
TCGA-D3-A1QA-07A-11R-A37K-07	0	1.092863e+00	2.478642e+00	3.466203e+00	0
TCGA-D3-A1QA-06A-11R-A18T-07	0	9.611611e-01	2.165321e+00	3.956327e+00	0
TCGA-D3-A1QB-06A-11R-A18T-07	8.117577e-03	2.272068e+00	2.494740e+00	1.927207e+00	1.683213e-03
TCGA-D3-A2J6-06A-11R-A18T-07	2.059439e-01	9.817109e-01	3.923468e+00	3.189615e+00	0
TCGA-D3-A2J7-06A-11R-A18T-07	7.037898e-02	1.476912e+00	2.260198e+00	3.409873e+00	1.734631e+00
TCGA-D3-A2J8-06A-11R-A18T-07	0	1.793498e+00	1.875513e+00	3.401363e+00	2.232133e+00
TCGA-D3-A2J9-06A-11R-A18T-07	1.100351e-01	2.700604e+00	9.570328e-01	2.426586e+00	1.353965e+00
TCGA-D3-A2JA-06A-11R-A18T-07	1.697236e-01	1.199158e+00	7.129443e-01	2.860679e+00	5.337483e+00
TCGA-D3-A2JB-06A-11R-A18T-07	8.867087e-02	2.355227e+00	1.811046e+00	2.254103e+00	1.158061e+00
TCGA-D3-A2JC-06A-11R-A18T-07	2.349557e-01	1.539819e+00	1.848718e+00	2.159751e+00	2.378723e+00
TCGA-D3-A2JD-06A-11R-A18T-07	8.665085e-02	1.619485e+00	3.863846e+00	1.323504e+00	1.307315e+00
TCGA-D3-A2JE-06A-11R-A37K-07	0	3.099078e-01	1.048550e+00	2.135338e+00	2.242369e+00
TCGA-D3-A2JF-06A-11R-A18S-07	1.454806e-01	1.787686e+00	9.324128e-01	2.657562e+00	3.154038e+00
TCGA-D3-A2JG-06A-11R-A18T-07	2.527869e-02	6.407110e-01	2.193364e+00	2.882131e+00	1.309710e+00
TCGA-D3-A2JH-06A-11R-A18T-07	0	2.108240e+00	1.005395e+00	1.852705e+00	1.416885e+00
TCGA-D3-A2JK-06A-11R-A18S-07	4.693485e-01	8.778388e-01	4.542198e+00	3.887921e-01	1.477979e+00
TCGA-D3-A2JL-06A-11R-A18S-07	6.232840e-02	1.825095e+00	2.760670e+00	2.443684e+00	0
TCGA-D3-A2JN-06A-11R-A18S-07	2.933225e-01	1.216357e+00	1.204871e+00	1.930764e+00	5.243534e+00
TCGA-D3-A2JO-06A-11R-A18S-07	0	1.676733e+00	2.168879e+00	3.131054e+00	1.297337e+00
TCGA-D3-A2JP-06A-11R-A18S-07	3.403059e-01	1.585737e+00	1.085742e+00	1.483093e+00	2.789604e+00
TCGA-D3-A3BZ-06A-12R-A18S-07	3.099409e-01	1.996698e+00	2.659622e+00	2.225983e+00	1.795074e+00
TCGA-D3-A3C1-06A-12R-A18S-07	1.120810e-01	9.702311e-01	2.625743e+00	1.955222e+00	3.214809e+00
TCGA-D3-A3C3-06A-12R-A18S-07	0	1.327747e+00	1.490427e+00	2.029595e+00	2.162991e+00
TCGA-D3-A3C6-06A-12R-A18U-07	0	6.889245e-01	7.794992e-01	1.419895e+00	3.592786e+00
TCGA-D3-A3C7-06A-11R-A18U-07	1.407225e-01	1.215365e+00	1.371234e+00	2.139377e+00	5.061157e+00
TCGA-D3-A3C8-06A-12R-A18S-07	5.725341e-01	2.231150e+00	1.486571e+00	3.542645e+00	1.193082e+00
TCGA-D3-A3CB-06A-11R-A18S-07	4.283182e-02	2.406262e+00	1.318844e+00	2.300130e+00	1.749743e+00
TCGA-D3-A3CC-06A-11R-A18S-07	6.413741e-01	1.015447e+00	1.608882e+00	2.481360e+00	1.274090e+00
TCGA-D3-A3CE-06A-11R-A18S-07	1.473625e-01	1.809862e+00	1.114458e-01	1.673399e+00	2.993715e+00
TCGA-D3-A3CF-06A-11R-A18T-07	1.265675e-01	2.061979e+00	2.330515e+00	2.757833e+00	8.879870e-01
TCGA-D3-A3ML-06A-11R-A21D-07	0	6.840594e-03	1.788387e+00	3.603135e+00	3.667998e-01
TCGA-D3-A3MO-06A-11R-A21D-07	1.724558e-02	1.169053e-01	6.947167e-01	1.766555e+00	5.277198e+00
TCGA-D3-A3MR-06A-11R-A21D-07	4.011433e-02	2.268480e+00	1.483621e+00	1.281995e+00	2.300722e+00
TCGA-D3-A3MU-06A-11R-A21D-07	1.263248e-01	1.449326e+00	2.366186e+00	2.106012e+00	1.703644e+00
TCGA-D3-A3MV-06A-11R-A21D-07	3.824391e-02	2.616039e-01	1.223675e+00	2.304712e+00	4.522193e+00
TCGA-D3-A51E-06A-11R-A266-07	7.174138e-02	1.677434e+00	1.927119e+00	2.766973e+00	3.635989e-01
TCGA-D3-A51F-06A-11R-A266-07	7.502890e-02	2.682961e+00	1.166874e+00	1.689484e+00	2.840233e+00
TCGA-D3-A51G-06A-11R-A266-07	2.244485e-02	4.929382e-01	7.786014e-01	2.989807e+00	5.527105e+00
TCGA-D3-A51H-06A-12R-A266-07	4.880638e-03	2.629717e+00	1.865012e+00	2.865178e+00	8.841866e-01
TCGA-D3-A51J-06A-11R-A266-07	0	2.127038e+00	1.187019e+00	1.773628e+00	2.080136e+00
TCGA-D3-A51K-06A-11R-A266-07	0	1.535048e+00	2.936315e+00	0	9.198202e-01
TCGA-D3-A51N-06A-11R-A266-07	6.006833e-03	1.427827e+00	1.798127e+00	2.373966e+00	3.307251e+00
TCGA-D3-A51R-06A-11R-A266-07	0	0	2.513719e-01	2.295571e+00	5.326033e+00
TCGA-D3-A51T-06A-11R-A266-07	7.092717e-02	1.488182e+00	1.388879e+00	2.681420e+00	6.386959e-01
TCGA-D3-A5GL-06A-11R-A27Q-07	4.132476e-02	2.488647e-01	3.807102e+00	3.897546e+00	4.359583e-01
TCGA-D3-A5GN-06A-11R-A27Q-07	4.777405e-02	1.170347e+00	6.026875e-01	1.980266e+00	4.653772e+00
TCGA-D3-A5GO-06A-12R-A27Q-07	2.797897e-02	1.380426e+00	2.481089e+00	3.314184e+00	1.400672e+00
TCGA-D3-A5GR-06A-11R-A27Q-07	5.760388e-02	1.777470e+00	6.289244e-01	2.175481e+00	3.969433e+00
TCGA-D3-A5GS-06A-11R-A27Q-07	5.302654e-02	1.588824e+00	1.480193e+00	1.485676e+00	2.384562e+00
TCGA-D3-A5GT-01A-12R-A311-07	9.988854e-02	3.575704e-01	2.834318e+00	2.249164e+00	2.478315e-01
TCGA-D3-A5GU-06A-11R-A27Q-07	0	1.718260e+00	6.107644e-01	1.726424e+00	1.355264e+00
TCGA-D3-A8GB-06A-11R-A37K-07	1.911010e-01	2.134762e+00	2.795931e+00	2.008799e+00	1.796452e+00
TCGA-D3-A8GC-06A-11R-A37K-07	0	8.973774e-01	2.082999e+00	4.091881e+00	9.918063e-01
TCGA-D3-A8GD-06A-11R-A37K-07	0	2.362355e+00	1.595297e+00	2.170153e+00	9.922298e-01
TCGA-D3-A8GE-06A-11R-A37K-07	0	1.495600e+00	6.814168e-01	2.556496e+00	4.990710e+00
TCGA-D3-A8GI-06A-11R-A37K-07	8.237920e-03	6.154044e-01	5.108342e+00	1.926864e+00	1.464699e+00
TCGA-D3-A8GJ-06A-11R-A37K-07	0	2.301282e+00	1.207316e+00	1.260968e+00	1.319556e+00
TCGA-D3-A8GK-06A-11R-A37K-07	1.323206e-02	1.659970e-02	3.317126e+00	2.852341e+00	7.279655e-01
TCGA-D3-A8GL-06A-11R-A37K-07	0	1.591443e-01	2.139922e+00	3.347622e+00	5.551548e-01
TCGA-D3-A8GM-06A-11R-A37K-07	5.235635e-03	1.543758e+00	2.732422e+00	3.639486e+00	0
TCGA-D3-A8GN-06A-11R-A37K-07	1.254088e-02	2.024269e+00	1.343531e+00	1.484449e+00	1.896573e+00
TCGA-D3-A8GO-06A-11R-A37K-07	5.377907e-02	1.659130e+00	1.269620e+00	7.926336e-01	3.873983e+00
TCGA-D3-A8GP-06A-11R-A37K-07	0	4.351514e-01	1.558601e+00	2.442979e+00	1.331268e+00
TCGA-D3-A8GQ-06A-11R-A37K-07	0	4.289369e-01	1.377641e+00	2.681513e+00	4.318802e+00
TCGA-D3-A8GR-06A-11R-A37K-07	4.737754e-02	7.022872e-01	3.263820e+00	2.125132e+00	6.632200e-01
TCGA-D3-A8GS-06A-12R-A37K-07	0	1.660803e+00	1.878597e+00	2.559884e+00	1.236953e+00
TCGA-D3-A8GV-06A-11R-A37K-07	0	2.974520e-01	2.857911e+00	2.520605e+00	2.239498e+00
TCGA-D9-A148-06A-11R-A18S-07	1.405649e-01	1.367833e+00	2.905190e+00	2.352126e+00	4.923972e-01
TCGA-D9-A149-06A-11R-A18S-07	1.216739e-01	1.681077e+00	2.201807e+00	3.414989e+00	0
TCGA-D9-A1JW-06A-11R-A18S-07	2.340981e-01	1.808643e+00	3.096187e+00	2.559102e+00	0
TCGA-D9-A1JX-06A-11R-A18S-07	0	1.666962e+00	9.040222e-01	1.450654e+00	2.060102e+00
TCGA-D9-A1X3-06A-11R-A18S-07	2.583783e-01	4.702218e-01	1.504822e+00	2.998356e+00	9.369703e-01
TCGA-D9-A3Z1-06A-11R-A239-07	0	1.703632e+00	2.794151e+00	3.752855e+00	0
TCGA-D9-A3Z3-06A-11R-A239-07	8.997078e-02	1.905796e+00	2.787936e+00	1.683766e+00	1.179232e+00
TCGA-D9-A3Z4-01A-11R-A239-07	5.918533e-02	1.602577e+00	9.557533e-01	1.438837e+00	2.467484e+00
TCGA-D9-A4Z2-01A-11R-A24X-07	1.783805e-01	9.330790e-01	6.705273e-01	1.290128e+00	3.494341e+00
TCGA-D9-A4Z3-01A-11R-A266-07	0	5.612390e-01	1.297753e+00	3.107530e+00	1.884771e+00
TCGA-D9-A4Z5-01A-11R-A266-07	9.981160e-02	1.049327e+00	1.180164e+00	1.446072e+00	2.851739e+00
TCGA-D9-A4Z6-06A-12R-A266-07	1.054027e-01	7.832477e-01	2.493861e+00	1.633568e+00	1.607474e+00
TCGA-D9-A6E9-06A-12R-A311-07	0	2.339479e+00	3.288400e+00	1.464548e+00	4.810954e-01
TCGA-D9-A6EA-06A-11R-A311-07	4.489949e-02	6.092424e-01	2.398871e+00	2.817678e+00	1.161613e+00
TCGA-D9-A6EC-06A-11R-A311-07	6.113839e-02	6.784115e-01	2.602195e+00	2.945384e+00	8.836382e-01
TCGA-D9-A6EG-06A-12R-A32P-07	1.287297e-01	3.817553e-01	3.212514e+00	3.312779e+00	4.511756e-01
TCGA-DA-A1HV-06A-21R-A18S-07	4.883430e-01	1.843651e+00	1.238342e+00	2.616005e+00	1.043028e+00
TCGA-DA-A1HW-06A-11R-A18U-07	8.457452e-02	1.949030e+00	1.474462e+00	1.920954e+00	1.360391e+00
TCGA-DA-A1HY-06A-11R-A18T-07	4.692484e-02	3.024808e-01	8.644158e-01	3.315795e+00	5.580705e+00
TCGA-DA-A1I0-06A-11R-A20F-07	0	1.205901e+00	4.758422e+00	1.682828e+00	8.540909e-01
TCGA-DA-A1I1-06A-12R-A18U-07	6.627079e-02	1.866977e+00	9.913155e-01	2.357542e+00	2.122915e+00
TCGA-DA-A1I2-06A-21R-A18U-07	1.923421e-02	1.667793e+00	6.225692e-01	1.849647e+00	2.118683e+00
TCGA-DA-A1I4-06A-11R-A18U-07	1.342123e-01	1.382159e+00	2.774781e+00	2.604704e+00	1.664520e+00
TCGA-DA-A1I5-06A-11R-A18T-07	3.058130e-01	1.774194e+00	2.169200e+00	2.222614e+00	2.114135e+00
TCGA-DA-A1I7-06A-22R-A18S-07	1.367888e-01	5.912829e-01	1.299453e+00	2.573991e+00	5.664221e+00
TCGA-DA-A1I8-06A-11R-A18T-07	1.347007e-01	3.564489e-01	1.409670e+00	2.348772e+00	5.455259e+00
TCGA-DA-A1IA-06A-11R-A18S-07	1.695816e-01	4.485083e-01	4.642324e+00	7.965883e-01	8.742268e-01
TCGA-DA-A1IB-06A-11R-A18S-07	7.050301e-01	2.530147e+00	1.345134e+00	2.889530e+00	5.300555e-01
TCGA-DA-A1IC-06A-11R-A18S-07	7.721979e-01	9.366763e-01	2.216135e+00	3.377911e+00	4.838655e-01
TCGA-DA-A3F2-06A-11R-A20F-07	0	2.686154e+00	3.051989e+00	9.910201e-01	2.522407e+00
TCGA-DA-A3F3-06A-11R-A20F-07	1.440466e-02	1.173290e+00	2.073663e-01	2.000694e+00	1.750095e+00
TCGA-DA-A3F5-06A-11R-A20F-07	3.241721e-03	8.142843e-02	1.836853e+00	3.421709e+00	4.398586e+00
TCGA-DA-A3F8-06A-11R-A20F-07	1.152198e-01	2.489144e+00	1.222636e+00	2.251309e+00	1.284723e+00
TCGA-DA-A95V-06A-11R-A37K-07	5.703687e-02	1.864775e+00	3.028910e+00	7.355459e-01	5.021686e-01
TCGA-DA-A95W-06A-11R-A37K-07	0	1.330913e+00	9.440249e-01	1.331005e+00	1.297964e+00
TCGA-DA-A95X-06A-11R-A37K-07	0	1.152187e+00	1.498402e+00	3.676846e+00	1.807828e+00
TCGA-DA-A95Y-06A-11R-A37K-07	0	5.397936e-01	4.230177e+00	3.183068e+00	0
TCGA-DA-A95Z-06A-11R-A37K-07	0	7.459874e-01	1.662035e+00	2.101785e+00	7.979462e-01
TCGA-DA-A960-01A-11R-A37K-07	0	2.930765e-01	4.066341e+00	2.221639e+00	0
TCGA-EB-A1NK-01A-11R-A18T-07	1.200265e+00	6.907506e-01	3.407784e+00	2.821351e+00	1.601348e-01
TCGA-EB-A24C-01A-11R-A18T-07	1.103514e+00	6.428230e-01	9.272241e-01	2.482332e+00	9.093121e-01
TCGA-EB-A24D-01A-11R-A18T-07	6.801834e-01	1.144139e+00	5.188035e-01	2.413063e+00	2.240881e-01
TCGA-EB-A299-01A-21R-A18U-07	1.578321e+00	7.989904e-01	9.485629e-01	1.700978e+00	3.026508e+00
TCGA-EB-A3HV-01A-11R-A21D-07	1.386261e+00	7.827999e-01	1.910504e+00	9.499584e-01	3.028317e+00
TCGA-EB-A3XB-01A-11R-A239-07	6.330556e-01	9.279018e-01	2.471745e+00	3.369089e+00	6.189009e-02
TCGA-EB-A3XC-01A-11R-A239-07	1.111437e+00	6.344687e-01	2.639965e+00	3.046038e+00	7.560527e-01
TCGA-EB-A3XD-01A-22R-A239-07	1.541931e+00	1.526003e+00	1.845651e+00	1.222540e+00	1.389851e+00
TCGA-EB-A3XE-01A-12R-A239-07	1.329971e+00	1.213784e+00	1.784362e+00	6.747436e-01	1.681852e+00
TCGA-EB-A3XF-01A-31R-A239-07	1.066692e+00	1.114750e+00	7.744197e-01	2.355063e+00	9.572017e-01
TCGA-EB-A3Y6-01A-21R-A239-07	7.168202e-01	1.023081e+00	1.927313e+00	2.310469e+00	1.122296e+00
TCGA-EB-A3Y7-01A-11R-A239-07	6.121485e-01	4.153056e-01	5.385132e+00	1.248003e+00	0
TCGA-EB-A41A-01A-11R-A24X-07	7.178677e-01	6.261814e-01	1.750790e+00	3.192070e+00	0
TCGA-EB-A41B-01A-11R-A24X-07	7.671851e-02	7.239984e-01	2.913774e+00	2.618138e+00	2.615314e-01
TCGA-EB-A42Y-01A-12R-A24X-07	1.315511e-01	7.371130e-01	2.607654e+00	3.138441e+00	1.085109e+00
TCGA-EB-A42Z-01A-12R-A24X-07	1.264419e-01	8.165959e-01	2.217902e+00	2.321824e+00	2.933384e+00
TCGA-EB-A430-01A-11R-A24X-07	8.087086e-02	1.174970e+00	3.076063e+00	2.295827e+00	2.222752e-01
TCGA-EB-A431-01A-11R-A266-07	2.771392e-01	6.782573e-01	2.785317e+00	3.469400e+00	0
TCGA-EB-A44N-01A-11R-A266-07	1.469438e+00	1.285290e+00	6.723429e-01	1.823837e+00	2.054049e+00
TCGA-EB-A44O-01A-11R-A266-07	7.191982e-01	1.943388e-01	2.916031e+00	4.152115e+00	0
TCGA-EB-A44P-01A-11R-A266-07	6.361193e-01	7.477507e-01	1.272510e+00	2.440484e+00	1.662439e+00
TCGA-EB-A44Q-06A-11R-A266-07	0	2.098278e+00	2.093516e+00	3.003072e+00	0
TCGA-EB-A44R-06A-41R-A266-07	5.051039e-02	1.550215e+00	1.179543e+00	1.105212e+00	2.214990e+00
TCGA-EB-A4IQ-01A-12R-A266-07	1.565656e+00	2.297601e-01	2.308814e+00	2.525278e+00	6.253234e-01
TCGA-EB-A4IS-01A-21R-A266-07	4.249162e-01	2.068456e+00	1.243758e+00	2.391687e+00	1.488616e+00
TCGA-EB-A4OY-01A-11R-A266-07	4.649849e-01	9.330466e-01	4.207668e+00	2.640882e-01	2.531989e-01
TCGA-EB-A4OZ-01A-12R-A266-07	1.421678e+00	1.438801e+00	2.942170e+00	8.938874e-01	1.572183e+00
TCGA-EB-A4P0-01A-41R-A266-07	1.022285e-01	1.192050e+00	1.936375e+00	1.441855e+00	1.146758e+00
TCGA-EB-A4XL-01A-11R-A27Q-07	1.329858e+00	1.170861e+00	4.760477e-01	1.829331e+00	1.811751e+00
TCGA-EB-A51B-01A-11R-A27Q-07	8.272337e-01	6.286391e-01	1.702945e+00	3.584523e+00	0
TCGA-EB-A550-01A-61R-A27Q-07	1.670693e+00	7.573121e-01	1.407401e-01	1.606365e+00	2.830845e+00
TCGA-EB-A551-01A-21R-A27Q-07	1.145384e-01	1.839965e+00	9.029388e-01	3.224499e+00	1.859573e+00
TCGA-EB-A553-01A-12R-A27Q-07	4.154303e-01	1.041174e+00	3.649428e+00	2.307055e+00	4.744785e-01
TCGA-EB-A57M-01A-51R-A311-07	1.264615e+00	1.248363e+00	1.950590e+00	9.733662e-01	1.917947e+00
TCGA-EB-A5FP-01A-11R-A27Q-07	1.028726e+00	0	2.436184e+00	3.667667e+00	1.235245e-02
TCGA-EB-A5KH-06A-11R-A27Q-07	7.722854e-02	7.652484e-01	2.743670e+00	1.153440e+00	1.020530e+00
TCGA-EB-A5SE-01A-11R-A311-07	9.691943e-01	5.461460e-01	1.191662e+00	2.176188e+00	1.008838e+00
TCGA-EB-A5SF-01A-11R-A311-07	1.671168e+00	3.150705e-01	4.387353e+00	5.126184e-01	9.229342e-01
TCGA-EB-A5SG-06A-11R-A311-07	0	2.609560e+00	1.610360e+00	2.050454e+00	9.513810e-01
TCGA-EB-A5SH-06A-11R-A311-07	0	1.223777e+00	2.720094e+00	3.344895e-01	4.288953e-01
TCGA-EB-A5UL-06A-11R-A311-07	3.184042e-02	1.524704e+00	2.811872e+00	2.709313e+00	5.064322e-01
TCGA-EB-A5UM-01A-11R-A311-07	6.252003e-01	1.345712e+00	2.108534e+00	1.457870e+00	1.103423e+00
TCGA-EB-A5UN-06A-11R-A311-07	2.747237e-01	7.362592e-01	2.711673e+00	3.962511e+00	8.401531e-01
TCGA-EB-A5VU-01A-21R-A32P-07	1.160639e+00	4.458317e-01	7.675385e-01	2.637341e+00	2.221222e+00
TCGA-EB-A5VV-06A-11R-A32P-07	6.398190e-02	2.862896e+00	3.755219e-01	2.492475e+00	1.858756e+00
TCGA-EB-A6L9-06A-11R-A32P-07	1.562902e-01	2.294432e+00	3.114317e+00	1.494575e+00	6.537380e-01
TCGA-EB-A6QY-01A-12R-A32P-07	1.351344e+00	3.364027e-01	2.274060e+00	3.938693e+00	0
TCGA-EB-A6QZ-01A-12R-A32P-07	7.325872e-01	5.546650e-01	1.370275e+00	1.387137e+00	2.310177e+00
TCGA-EB-A6R0-01A-12R-A32P-07	3.307403e-01	1.500061e+00	1.103557e+00	3.088239e+00	0
TCGA-EB-A82B-01A-11R-A352-07	2.127331e-01	1.681611e+00	2.090851e+00	2.174522e+00	4.437278e-01
TCGA-EB-A82C-01A-11R-A352-07	9.856097e-01	2.684200e-01	1.663242e+00	2.507719e+00	6.785228e-01
TCGA-EB-A85I-01A-11R-A352-07	1.907823e-01	1.134633e+00	3.082151e+00	2.510296e+00	1.708747e+00
TCGA-EB-A85J-01A-12R-A352-07	3.354209e-02	1.799994e+00	2.293109e+00	1.881314e+00	2.149586e-01
TCGA-EB-A97M-01A-11R-A38C-07	4.113875e-02	1.236042e+00	3.723903e+00	2.037759e+00	6.753202e-02
TCGA-EE-A17X-06A-11R-A18S-07	0	5.476384e-01	4.551939e+00	3.208430e+00	0
TCGA-EE-A17Y-06A-11R-A18T-07	2.707353e-01	0	1.704079e+00	2.646964e+00	4.829466e+00
TCGA-EE-A17Z-06A-11R-A18S-07	5.749973e-01	2.697065e-01	1.194085e+00	1.020571e+00	1.393066e+00
TCGA-EE-A180-06A-11R-A21D-07	1.442724e-02	8.537601e-01	2.128303e+00	3.069226e+00	3.453367e-01
TCGA-EE-A181-06A-11R-A18S-07	1.511051e-02	2.153494e+00	1.479371e+00	2.444963e+00	8.457687e-03
TCGA-EE-A182-06A-11R-A18T-07	1.004493e+00	8.685126e-01	5.253619e+00	8.932835e-01	4.965652e-01
TCGA-EE-A183-06A-11R-A18S-07	7.126966e-02	1.727484e+00	4.016596e+00	2.007838e+00	4.104439e-01
TCGA-EE-A184-06A-11R-A18S-07	1.685064e-01	1.332490e+00	2.675709e+00	2.830148e+00	0
TCGA-EE-A185-06A-11R-A18S-07	5.355572e-01	0	3.540482e+00	3.371661e+00	0
TCGA-EE-A20B-06A-11R-A18U-07	1.653045e-01	1.257098e+00	6.023279e-01	1.287606e+00	4.972039e+00
TCGA-EE-A20C-06A-11R-A18S-07	0	7.916735e-02	1.198642e+00	3.500622e+00	2.562005e+00
TCGA-EE-A20F-06A-21R-A18S-07	9.279794e-02	1.583854e+00	1.952441e+00	2.852776e+00	8.823720e-01
TCGA-EE-A20H-06A-11R-A18S-07	5.064268e-01	1.654158e-01	4.962685e-01	2.043489e+00	4.974073e+00
TCGA-EE-A20I-06A-11R-A18U-07	1.828807e-02	1.134972e+00	3.241411e+00	3.321845e+00	2.588836e-01
TCGA-EE-A29A-06A-12R-A18U-07	7.209599e-02	9.938180e-02	1.241365e+00	2.733276e+00	5.203942e+00
TCGA-EE-A29B-06A-11R-A18U-07	0	7.640392e-01	2.733579e+00	2.324209e+00	0
TCGA-EE-A29C-06A-21R-A18S-07	2.693815e-01	9.842536e-01	3.641883e+00	2.586638e+00	1.636302e+00
TCGA-EE-A29D-06A-11R-A18T-07	7.028124e-02	7.245710e-01	2.319628e+00	2.809675e+00	1.128084e+00
TCGA-EE-A29E-06A-11R-A18T-07	0	1.013386e-01	3.881702e+00	4.004773e+00	3.412330e-01
TCGA-EE-A29G-06A-12R-A18T-07	1.463854e+00	1.267538e+00	8.710778e-01	2.112240e+00	1.833760e+00
TCGA-EE-A29H-06A-12R-A18S-07	3.309968e-01	1.335620e+00	2.488644e+00	2.902168e+00	2.105817e-01
TCGA-EE-A29L-06A-12R-A18S-07	1.979001e-01	0	2.260392e+00	3.866448e+00	0
TCGA-EE-A29M-06A-11R-A18T-07	3.171168e-02	1.618605e+00	2.492745e+00	2.993961e+00	0
TCGA-EE-A29N-06A-12R-A18S-07	1.599168e-01	1.770229e+00	2.093174e+00	3.326842e+00	8.228401e-01
TCGA-EE-A29P-06A-11R-A18T-07	0	2.286175e+00	9.806325e-01	2.604764e+00	9.893888e-01
TCGA-EE-A29Q-06A-11R-A18T-07	4.100089e-02	6.527034e-01	1.691271e+00	2.758079e+00	2.215235e+00
TCGA-EE-A29R-06A-11R-A18T-07	1.077631e-01	6.019738e-01	8.608148e-01	1.433269e+00	4.630841e+00
TCGA-EE-A29S-06A-11R-A18T-07	0	1.215206e+00	2.002743e+00	3.141913e+00	1.339753e+00
TCGA-EE-A29T-06A-11R-A18T-07	0	1.521578e+00	9.187149e-01	2.619608e+00	3.412055e+00
TCGA-EE-A29V-06A-12R-A18S-07	8.342552e-01	2.375817e-01	4.050695e+00	2.393385e+00	8.586776e-02
TCGA-EE-A29W-06A-11R-A18U-07	0	2.702300e-01	1.885687e-01	2.087158e+00	6.624998e+00
TCGA-EE-A29X-06A-11R-A18T-07	5.401287e-02	1.559877e+00	3.011149e+00	2.188791e+00	1.627836e+00
TCGA-EE-A2A0-06A-11R-A18T-07	1.199875e-01	2.252806e+00	0	2.960383e+00	1.927561e+00
TCGA-EE-A2A1-06A-11R-A18T-07	1.303114e-01	2.281483e+00	1.687512e+00	1.658791e+00	1.549155e+00
TCGA-EE-A2A2-06A-11R-A18T-07	1.132670e-02	1.349308e+00	1.785285e+00	3.579455e+00	3.280817e-02
TCGA-EE-A2A5-06A-11R-A18T-07	0	1.015363e+00	3.793592e-01	1.109520e+00	3.531220e+00
TCGA-EE-A2A6-06A-11R-A18T-07	1.030138e-01	1.661052e+00	1.926701e+00	3.035083e+00	7.716872e-01
TCGA-EE-A2GB-06A-11R-A18T-07	4.516571e-02	1.030154e+00	2.230934e+00	3.075797e+00	8.284704e-01
TCGA-EE-A2GC-06A-11R-A18T-07	3.689601e-02	2.007394e+00	8.267756e-01	3.130380e+00	6.388247e-01
TCGA-EE-A2GD-06A-11R-A18T-07	3.185211e-01	1.239890e+00	1.459006e+00	3.431078e+00	2.515682e+00
TCGA-EE-A2GE-06A-11R-A18T-07	1.007333e-01	2.006961e+00	7.968667e-01	1.699137e+00	4.674512e+00
TCGA-EE-A2GH-06A-11R-A18T-07	1.955504e-01	2.081759e+00	1.225148e+00	1.307040e+00	2.657718e+00
TCGA-EE-A2GI-06A-11R-A18T-07	9.855535e-03	1.839028e+00	1.399914e+00	1.614669e+00	1.542314e+00
TCGA-EE-A2GJ-06A-11R-A18U-07	0	1.596094e+00	1.314020e+00	3.585745e+00	8.481207e-01
TCGA-EE-A2GK-06A-11R-A18S-07	1.443285e-01	2.730367e+00	9.443803e-01	2.475549e+00	1.925006e+00
TCGA-EE-A2GL-06A-11R-A18S-07	8.392743e-02	1.984096e+00	1.342672e+00	2.263144e+00	1.724299e+00
TCGA-EE-A2GM-06B-11R-A18S-07	1.135896e-01	8.953717e-01	1.369096e+00	1.830655e+00	1.509920e+00
TCGA-EE-A2GN-06A-11R-A18S-07	7.850420e-02	1.167000e+00	1.068193e+00	9.255960e-01	2.887282e+00
TCGA-EE-A2GO-06A-11R-A18S-07	2.696350e-01	0	1.278039e+00	3.105898e+00	5.530699e+00
TCGA-EE-A2GP-06A-11R-A18S-07	1.707706e-01	1.416142e+00	4.565352e-01	2.277690e+00	3.081495e+00
TCGA-EE-A2GR-06A-11R-A18S-07	3.217769e-01	1.694692e-01	1.758295e+00	3.362547e+00	2.477986e-01
TCGA-EE-A2GS-06A-12R-A18S-07	1.172857e-01	1.289795e+00	3.705353e-01	9.444234e-01	3.607015e+00
TCGA-EE-A2GT-06A-12R-A18S-07	1.238301e-01	1.962670e+00	2.573365e+00	2.173423e+00	4.458989e-01
TCGA-EE-A2GU-06A-11R-A18T-07	0	1.702316e+00	1.444054e+00	2.796541e+00	5.991812e-02
TCGA-EE-A2M5-06A-12R-A18S-07	2.933902e-01	4.800379e-01	1.454085e+00	4.177335e+00	2.205728e+00
TCGA-EE-A2M6-06A-12R-A18S-07	0	6.949410e-01	9.139831e-01	2.609935e+00	3.240945e+00
TCGA-EE-A2M7-06A-11R-A18U-07	0	1.290320e+00	0	1.339963e+00	5.571881e+00
TCGA-EE-A2M8-06A-12R-A18S-07	6.546817e-02	2.807606e+00	7.080710e-01	1.681345e+00	1.578623e+00
TCGA-EE-A2MC-06A-12R-A18S-07	1.642617e-01	1.585529e+00	1.078055e+00	3.268216e+00	3.738624e+00
TCGA-EE-A2MD-06A-11R-A18T-07	6.771364e-02	1.400840e+00	2.026790e+00	3.233689e+00	1.733498e-01
TCGA-EE-A2ME-06A-11R-A18T-07	3.572405e-02	2.752619e+00	5.674047e-01	2.484809e+00	1.975655e+00
TCGA-EE-A2MF-06A-11R-A21D-07	0	1.448546e+00	5.472970e-01	2.485905e+00	7.468217e-01
TCGA-EE-A2MG-06A-11R-A18T-07	1.064065e-01	2.396957e+00	9.143486e-01	1.973715e+00	2.374911e+00
TCGA-EE-A2MH-06A-11R-A18S-07	2.490023e-01	1.739466e+00	1.306942e+00	2.047454e+00	1.957222e+00
TCGA-EE-A2MI-06A-11R-A18U-07	2.137119e-02	1.349173e+00	9.927369e-01	3.374482e+00	3.937832e+00
TCGA-EE-A2MJ-06A-11R-A18S-07	1.364023e-01	2.407115e+00	1.175275e+00	2.359341e+00	3.775881e-01
TCGA-EE-A2MK-06A-11R-A18S-07	1.525883e-01	1.841994e+00	6.005365e-01	2.095069e+00	2.484275e+00
TCGA-EE-A2ML-06A-11R-A18S-07	1.617659e-01	1.598614e+00	1.369669e+00	3.107434e+00	7.449494e-01
TCGA-EE-A2MM-06A-11R-A18S-07	0	1.046911e+00	9.596379e-01	3.414485e+00	1.848852e+00
TCGA-EE-A2MN-06A-11R-A18S-07	0	1.922997e+00	1.295069e+00	2.437038e+00	2.790690e-02
TCGA-EE-A2MP-06A-11R-A18S-07	2.813525e-01	1.449636e+00	1.170513e+00	1.363651e+00	3.013685e+00
TCGA-EE-A2MQ-06A-11R-A18S-07	4.255799e-02	9.758704e-01	2.196598e+00	3.466134e+00	1.526920e+00
TCGA-EE-A2MR-06A-11R-A18S-07	2.077565e-02	2.012687e+00	8.788035e-01	3.390495e+00	2.924210e+00
TCGA-EE-A2MS-06A-11R-A18S-07	1.520296e-01	1.285753e+00	3.760565e-01	1.179325e+00	3.385954e+00
TCGA-EE-A2MT-06A-11R-A18S-07	2.001542e-01	4.994888e-01	3.013420e+00	3.730528e+00	1.077590e+00
TCGA-EE-A2MU-06A-21R-A18S-07	7.909836e-02	1.905522e+00	2.913359e+00	2.839216e+00	6.008000e-01
TCGA-EE-A3AA-06A-11R-A18S-07	3.611742e-01	1.624607e+00	1.413831e+00	3.619445e+00	1.146779e+00
TCGA-EE-A3AB-06A-11R-A18S-07	1.572816e-01	9.681832e-01	9.173678e-01	2.452186e+00	5.442642e+00
TCGA-EE-A3AC-06A-11R-A18S-07	1.240794e-01	1.395325e+00	1.698822e+00	3.487474e+00	8.071760e-02
TCGA-EE-A3AD-06A-11R-A18S-07	5.839182e-01	2.732207e-01	2.035216e+00	2.982385e+00	6.619197e-01
TCGA-EE-A3AE-06A-11R-A18S-07	1.349659e-01	1.781637e+00	1.332499e+00	2.613028e+00	3.855309e-01
TCGA-EE-A3AF-06A-11R-A18S-07	1.959973e-02	1.347203e+00	3.270788e+00	3.014779e+00	7.514312e-02
TCGA-EE-A3AG-06A-31R-A18S-07	2.841709e-01	0	1.285848e+00	2.592674e+00	5.369529e+00
TCGA-EE-A3AH-06A-11R-A18S-07	1.426545e-01	9.098267e-01	5.172522e-01	1.022100e+00	3.691643e+00
TCGA-EE-A3J3-06A-11R-A20F-07	8.833069e-02	1.558563e+00	1.133880e+00	1.895152e+00	2.682035e+00
TCGA-EE-A3J4-06A-11R-A20F-07	0	1.048941e+00	1.406340e+00	2.865812e+00	4.976675e-01
TCGA-EE-A3J5-06A-11R-A20F-07	5.093299e-02	1.700004e+00	2.159923e+00	2.577202e+00	9.829645e-01
TCGA-EE-A3J7-06A-11R-A20F-07	0	6.037445e-01	1.034928e+00	2.088101e+00	2.646563e+00
TCGA-EE-A3J8-06A-11R-A20F-07	1.259017e-02	0	0	3.236878e+00	3.529874e+00
TCGA-EE-A3JA-06A-11R-A20F-07	0	1.930874e+00	0	3.257993e+00	0
TCGA-EE-A3JB-06A-11R-A21D-07	1.268452e-02	8.522325e-01	9.124430e-01	3.004437e+00	5.169743e+00
TCGA-EE-A3JD-06A-11R-A20F-07	1.363536e-02	2.205405e+00	5.551349e-01	3.826802e+00	2.409629e+00
TCGA-EE-A3JE-06A-11R-A20F-07	7.142764e-02	2.541461e+00	4.163447e-01	2.617522e+00	2.517073e+00
TCGA-EE-A3JH-06A-11R-A21D-07	5.702061e-02	2.611525e+00	1.913538e+00	1.972971e+00	1.427350e+00
TCGA-EE-A3JI-06A-11R-A21D-07	0	1.107816e+00	5.996439e-01	3.358061e+00	2.034723e-02
TCGA-ER-A193-06A-12R-A18S-07	1.638911e-01	1.887249e+00	1.847582e+00	2.416978e+00	1.883523e+00
TCGA-ER-A194-01A-11R-A18U-07	2.841894e-01	1.630552e+00	3.588965e+00	5.018620e-01	1.105514e-01
TCGA-ER-A195-06A-11R-A18U-07	3.302225e-01	1.752404e+00	9.548378e-01	2.294580e+00	3.789554e+00
TCGA-ER-A196-01A-11R-A18T-07	1.480694e+00	3.551667e-01	1.950417e+00	3.336270e+00	8.174057e-01
TCGA-ER-A197-06A-32R-A18S-07	6.255094e-01	1.627311e+00	1.896787e+00	2.430030e+00	9.377451e-01
TCGA-ER-A198-06A-11R-A18T-07	0	1.384750e+00	2.205886e+00	3.512529e+00	0
TCGA-ER-A199-06A-11R-A18T-07	4.812947e-02	2.027558e+00	1.256374e+00	2.338510e+00	1.787859e+00
TCGA-ER-A19A-06A-21R-A18U-07	9.059835e-01	2.143619e+00	9.872744e-01	3.292731e+00	2.320709e+00
TCGA-ER-A19B-06A-11R-A18S-07	2.297332e-01	4.506574e-01	1.147862e+00	1.748301e+00	4.822111e+00
TCGA-ER-A19C-06A-11R-A18S-07	3.787044e-01	8.701837e-01	2.272575e+00	2.820185e+00	1.337097e+00
TCGA-ER-A19D-06A-11R-A18S-07	2.212583e-01	1.473986e+00	0	1.529245e+00	5.310380e+00
TCGA-ER-A19E-06A-11R-A18S-07	4.451135e-01	7.014030e-01	2.409831e-02	1.907339e+00	4.445308e+00
TCGA-ER-A19F-06A-11R-A18S-07	1.051204e-01	9.229378e-01	1.952576e+00	3.064162e+00	6.724119e-01
TCGA-ER-A19G-06A-11R-A18U-07	0	1.861924e+00	9.268062e-01	2.632964e+00	1.299872e+00
TCGA-ER-A19H-06A-12R-A18S-07	9.504152e-03	1.600759e+00	0	1.300314e+00	3.426471e+00
TCGA-ER-A19J-06A-11R-A18S-07	5.215616e-01	1.150344e+00	6.680100e-01	1.788125e+00	2.021403e+00
TCGA-ER-A19K-01A-21R-A18T-07	1.043129e+00	7.780251e-01	2.572853e+00	3.687317e+00	0
TCGA-ER-A19L-06A-12R-A18S-07	2.784141e-01	9.093073e-01	6.456620e-01	1.500784e+00	4.174570e+00
TCGA-ER-A19M-06A-61R-A239-07	3.237242e-02	1.732805e+00	1.289647e+00	2.351593e+00	2.130757e+00
TCGA-ER-A19N-06A-11R-A18S-07	5.254313e-01	1.962955e+00	1.711287e+00	2.613714e+00	1.584046e+00
TCGA-ER-A19O-06A-11R-A18S-07	1.059089e-01	2.110411e+00	3.955755e+00	1.539913e+00	1.567029e+00
TCGA-ER-A19P-06A-11R-A18S-07	9.977787e-02	2.839366e+00	4.739939e-01	1.750734e+00	1.873951e+00
TCGA-ER-A19Q-06A-11R-A18U-07	9.205828e-02	1.766443e+00	2.710969e+00	2.547765e+00	1.035759e+00
TCGA-ER-A19S-06A-11R-A18U-07	0	2.361575e+00	6.930102e-01	2.229425e+00	1.959122e+00
TCGA-ER-A19T-06A-11R-A18U-07	0	1.305956e+00	1.851850e+00	2.069940e+00	1.489514e+00
TCGA-ER-A19T-01A-11R-A18T-07	6.082919e-01	0	1.521531e+00	2.552719e+00	2.060007e+00
TCGA-ER-A19W-06A-41R-A239-07	0	2.514091e+00	1.007951e+00	2.327355e+00	7.087078e-01
TCGA-ER-A1A1-06A-11R-A18U-07	8.149939e-03	2.581964e+00	1.303149e+00	2.674495e+00	1.195649e+00
TCGA-ER-A2NB-01A-12R-A18S-07	1.691920e+00	9.734140e-01	3.474703e+00	1.242169e+00	3.884104e-01
TCGA-ER-A2NC-06A-11R-A18T-07	0	1.247737e+00	6.345505e-01	1.850421e+00	5.318255e+00
TCGA-ER-A2ND-06A-11R-A18T-07	1.494938e-01	8.271818e-01	3.293844e+00	2.302654e+00	7.166676e-01
TCGA-ER-A2NE-06A-21R-A18T-07	3.429324e-01	3.196944e-02	2.493811e+00	3.115222e+00	9.595182e-01
TCGA-ER-A2NF-06A-11R-A18T-07	0	1.638642e+00	1.876893e+00	1.676876e+00	0
TCGA-ER-A2NF-01A-11R-A18T-07	6.401374e-01	1.797338e+00	1.327488e+00	1.529052e+00	2.476163e-01
TCGA-ER-A2NG-06A-11R-A18T-07	4.663020e-01	1.600013e+00	3.022615e+00	3.868274e+00	0
TCGA-ER-A2NH-06A-11R-A18S-07	4.818479e-01	2.049205e+00	8.963667e-01	1.936487e+00	3.085511e+00
TCGA-ER-A3ES-06A-11R-A20F-07	0	3.080828e-01	8.170913e-01	2.038431e+00	1.872384e-02
TCGA-ER-A3ET-06A-11R-A20F-07	1.410778e-01	1.633268e+00	1.543764e+00	2.565726e+00	1.883646e+00
TCGA-ER-A3EV-06A-11R-A20F-07	2.183474e-01	1.342166e+00	1.710860e+00	1.200769e+00	1.476603e+00
TCGA-ER-A3PL-06A-11R-A239-07	7.522490e-02	9.825915e-01	1.593914e+00	2.609692e+00	2.468293e+00
TCGA-ER-A42H-01A-11R-A24X-07	0	7.117060e-01	1.525634e+00	1.772815e+00	1.932454e+00
TCGA-ER-A42K-06A-11R-A24X-07	5.008187e-02	6.205707e-01	4.214215e-01	2.008699e+00	5.621037e+00
TCGA-ER-A42L-06A-11R-A24X-07	1.015857e-02	2.082472e+00	1.372174e+00	2.005162e+00	2.846436e+00
TCGA-FR-A2OS-01A-11R-A21D-07	2.232321e-01	5.612016e-01	1.505943e+00	2.731561e+00	1.961583e+00
TCGA-FR-A3R1-01A-11R-A239-07	0	1.184089e+00	1.741390e+00	4.065406e+00	0
TCGA-FR-A3YN-06A-11R-A239-07	0	1.408662e+00	2.060352e+00	3.074483e+00	2.152335e-01
TCGA-FR-A3YO-06A-11R-A239-07	6.832666e-02	5.711492e-01	5.494132e+00	1.795286e+00	8.186636e-01
TCGA-FR-A44A-06A-11R-A24X-07	2.632446e-02	2.258729e+00	1.749451e+00	2.569898e+00	1.029611e+00
TCGA-FR-A69P-06A-21R-A311-07	3.576438e-03	8.190371e-01	9.048856e-01	1.808925e+00	3.223495e+00
TCGA-FR-A726-01A-11R-A32P-07	7.696594e-01	4.718472e-01	1.618062e+00	2.766008e+00	1.319149e+00
TCGA-FR-A728-01A-11R-A32P-07	1.637499e-01	1.392780e+00	2.819317e+00	2.918188e+00	1.260164e+00
TCGA-FR-A729-06A-11R-A352-07	1.423462e-01	2.136011e+00	3.087754e-01	1.034904e+00	2.541126e+00
TCGA-FR-A7U8-06A-21R-A352-07	1.199894e-01	4.419962e-01	2.004703e+00	1.456014e+00	2.149218e+00
TCGA-FR-A7U9-06A-11R-A352-07	0	1.557720e+00	1.916709e+00	2.983709e+00	2.795486e+00
TCGA-FR-A7UA-06A-32R-A352-07	0	2.815271e+00	1.342436e+00	2.653416e+00	1.023129e+00
TCGA-FR-A8YC-06A-11R-A37K-07	0	1.172865e+00	7.220082e-01	2.206499e+00	1.590856e+00
TCGA-FR-A8YD-06A-11R-A37K-07	2.604776e-01	9.965948e-01	2.801581e+00	7.179657e-01	1.112854e+00
TCGA-FR-A8YE-06A-11R-A37K-07	7.559749e-02	2.118362e+00	7.082919e-01	2.347218e+00	3.703215e+00
TCGA-FS-A1YW-06A-11R-A18T-07	2.373022e-01	1.448223e+00	5.624332e-01	2.381384e+00	7.294360e-01
TCGA-FS-A1YX-06A-11R-A18T-07	1.229779e-01	1.152032e+00	8.628708e-01	1.973658e+00	3.039122e+00
TCGA-FS-A1YY-06A-11R-A18T-07	2.012794e-01	6.559152e-01	3.020187e+00	2.960199e+00	8.156301e-01
TCGA-FS-A1Z0-06A-11R-A18T-07	0	1.741001e+00	0	1.773092e+00	2.734887e+00
TCGA-FS-A1Z3-06A-11R-A18T-07	7.958262e-02	7.353159e-01	8.932980e-01	2.278411e+00	2.731421e+00
TCGA-FS-A1Z4-06A-11R-A18T-07	4.577804e-02	2.107151e+00	7.390205e-01	2.684309e+00	2.081225e+00
TCGA-FS-A1Z7-06A-11R-A18T-07	1.331113e-01	1.467081e+00	8.238236e-01	9.993592e-01	3.876158e+00
TCGA-FS-A1ZA-06A-11R-A18T-07	3.883034e-01	8.761690e-01	9.441869e-01	3.106057e+00	3.752757e+00
TCGA-FS-A1ZB-06A-12R-A18S-07	1.007700e+00	1.335750e+00	2.417538e+00	2.576812e+00	1.069807e+00
TCGA-FS-A1ZC-06A-11R-A18T-07	3.341099e-02	0	7.757367e-01	2.758616e+00	5.819743e+00
TCGA-FS-A1ZD-06A-11R-A18T-07	0	4.673976e-01	2.438810e-01	2.310321e+00	5.679496e+00
TCGA-FS-A1ZE-06A-11R-A18T-07	5.244188e-01	5.432676e-01	1.221302e+00	2.695543e+00	1.244201e+00
TCGA-FS-A1ZF-06A-12R-A18S-07	7.831732e-02	8.646588e-01	1.377235e+00	1.334528e+00	2.819120e+00
TCGA-FS-A1ZG-06A-11R-A18T-07	0	5.122058e-01	2.510818e+00	2.907784e+00	0
TCGA-FS-A1ZH-06A-11R-A18T-07	1.113666e-01	1.548708e+00	4.142280e-01	1.832024e+00	5.722482e+00
TCGA-FS-A1ZJ-06A-12R-A18S-07	1.086688e-01	9.699330e-01	9.455641e-01	1.647093e+00	1.720971e+00
TCGA-FS-A1ZK-06A-11R-A18T-07	1.370969e-01	4.207367e-01	2.115577e+00	2.470151e+00	1.362549e+00
TCGA-FS-A1ZM-06A-12R-A18S-07	6.090984e-01	1.353393e+00	9.077974e-01	2.326192e+00	3.453539e+00
TCGA-FS-A1ZN-01A-11R-A18T-07	1.238493e+00	4.631369e-01	4.102583e-01	2.305049e+00	1.598532e+00
TCGA-FS-A1ZP-06A-11R-A18T-07	8.882399e-03	1.885971e+00	0	1.328800e+00	1.727337e+00
TCGA-FS-A1ZQ-06A-11R-A18U-07	2.696292e-01	1.072315e+00	3.030820e+00	1.700806e+00	1.770418e+00
TCGA-FS-A1ZR-06A-21R-A18U-07	7.976350e-01	1.242651e+00	3.141027e-01	1.625114e+00	2.264536e+00
TCGA-FS-A1ZS-06A-12R-A18T-07	8.333324e-02	5.508155e-01	1.096046e+00	4.205439e+00	3.893705e+00
TCGA-FS-A1ZT-06A-11R-A18U-07	1.388349e-02	1.830786e+00	7.058564e-01	1.937931e+00	1.611882e+00
TCGA-FS-A1ZU-06A-12R-A18T-07	5.050751e-02	3.288964e-01	1.279108e+00	1.927950e+00	1.945695e+00
TCGA-FS-A1ZW-06A-12R-A18T-07	0	1.915978e+00	0	3.332051e+00	1.284356e+00
TCGA-FS-A1ZY-06A-11R-A18S-07	6.420287e-02	3.053258e-01	1.712647e+00	7.748771e-01	2.297546e+00
TCGA-FS-A1ZZ-06A-11R-A18S-07	5.431618e-01	5.535809e-01	8.619427e-01	3.054096e+00	0
TCGA-FS-A4F0-06A-11R-A24X-07	0	4.430308e-01	1.370561e+00	3.263645e+00	1.885241e-01
TCGA-FS-A4F2-06A-11R-A24X-07	0	6.215070e-01	2.560793e+00	3.659934e+00	1.549695e+00
TCGA-FS-A4F4-06A-12R-A266-07	6.150342e-02	1.471798e+00	3.320331e+00	1.574671e+00	1.261635e+00
TCGA-FS-A4F5-06A-11R-A266-07	1.753811e-01	6.432952e-01	1.584330e+00	2.600282e+00	1.814327e+00
TCGA-FS-A4F8-06A-11R-A266-07	2.790015e-01	2.192790e+00	1.056564e+00	2.207180e+00	2.337177e+00
TCGA-FS-A4F9-06A-11R-A24X-07	0	4.748295e-01	1.947275e+00	3.184337e+00	6.764416e-01
TCGA-FS-A4FB-06A-11R-A266-07	2.998888e-01	5.524966e-01	1.052164e+00	1.236266e+00	3.093675e+00
TCGA-FS-A4FC-06A-11R-A24X-07	7.955454e-01	1.044894e+00	1.361858e+00	3.226712e+00	1.182294e+00
TCGA-FS-A4FD-06A-11R-A266-07	0	1.271880e+00	4.671642e-01	1.197419e+00	2.510423e+00
TCGA-FW-A3I3-06A-11R-A21D-07	1.059715e+00	5.434973e-01	3.265263e-01	1.894786e+00	1.705956e+00
TCGA-FW-A3R5-06A-11R-A239-07	0	1.110622e+00	2.592881e+00	3.919954e+00	3.908549e-01
TCGA-FW-A3TU-06A-11R-A239-07	1.713390e-01	1.164129e+00	4.978497e+00	1.265046e+00	0
TCGA-FW-A3TV-06A-11R-A239-07	1.002153e-01	1.367892e+00	2.443462e+00	2.972949e+00	9.605306e-01
TCGA-FW-A5DX-01A-11R-A27Q-07	1.143899e-01	7.452220e-01	4.543464e-01	1.863941e+00	2.960601e+00
TCGA-FW-A5DY-06A-11R-A311-07	3.020178e-02	2.092004e+00	1.183382e+00	2.439621e+00	2.076387e+00
TCGA-GF-A2C7-01A-11R-A18T-07	1.125300e+00	2.805566e-01	1.195161e+00	2.267328e+00	1.167128e+00
TCGA-GF-A3OT-06A-23R-A239-07	1.429155e-02	8.282319e-01	1.236304e+00	3.839404e+00	2.916302e+00
TCGA-GF-A4EO-06A-12R-A24X-07	0	2.371838e+00	8.401895e-01	2.424170e+00	2.053609e+00
TCGA-GF-A6C8-06A-12R-A311-07	0	1.307713e+00	1.080724e+00	1.738495e+00	3.110527e+00
TCGA-GF-A6C9-06A-11R-A311-07	2.098925e-01	2.065977e+00	1.966455e+00	3.066799e+00	2.654174e+00
TCGA-GF-A769-01A-32R-A32P-07	5.551750e-02	2.121450e-01	1.649969e+00	2.466211e+00	3.641665e+00
TCGA-GN-A262-06A-11R-A18T-07	2.051802e-02	0	1.185655e+00	7.184464e-01	3.067730e+00
TCGA-GN-A263-01A-11R-A18T-07	3.505109e-01	1.001596e+00	2.228436e+00	4.665465e+00	0
TCGA-GN-A264-06A-11R-A18U-07	1.861330e-01	8.896725e-01	1.517786e+00	2.871684e+00	8.469235e-01
TCGA-GN-A265-06A-21R-A18T-07	6.183682e-02	1.886259e+00	1.805544e+00	2.981311e+00	3.334669e+00
TCGA-GN-A266-06A-11R-A18T-07	4.800947e-02	1.850364e+00	1.105448e+00	3.337897e+00	3.213391e+00
TCGA-GN-A267-06A-21R-A18T-07	1.369484e-01	1.432857e+00	1.684746e+00	1.783912e+00	1.007490e+00
TCGA-GN-A268-06A-11R-A18T-07	0	2.628120e-01	2.197191e+00	3.700307e+00	0
TCGA-GN-A26A-06A-11R-A18T-07	1.795297e-01	1.052485e+00	1.270350e+00	2.811899e+00	4.695409e+00
TCGA-GN-A26C-01A-11R-A18T-07	0	2.025874e+00	1.849104e+00	3.494361e+00	2.659281e+00
TCGA-GN-A26D-06A-11R-A18T-07	1.884241e-02	9.872857e-01	1.871800e+00	3.088354e+00	8.924826e-01
TCGA-GN-A4U3-06A-11R-A32P-07	0	5.978974e-01	2.088836e+00	2.987206e+00	1.206638e+00
TCGA-GN-A4U4-06A-11R-A32P-07	8.516961e-02	9.762629e-01	7.701473e-01	2.113850e+00	1.125498e+00
TCGA-GN-A4U5-01A-11R-A32P-07	1.385800e+00	1.536104e+00	8.374287e-01	1.843028e+00	1.217348e+00
TCGA-GN-A4U7-06A-21R-A32P-07	2.782921e-01	1.846592e-01	4.234327e+00	2.452056e+00	3.719030e-01
TCGA-GN-A4U8-11A-11R-A32P-07	6.446029e-02	2.564396e+00	1.143895e+00	2.007605e+00	1.352961e+00
TCGA-GN-A4U8-06A-11R-A32P-07	2.181813e-02	2.048280e+00	8.829493e-01	1.722315e+00	1.266821e+00
TCGA-GN-A4U9-06A-11R-A32P-07	0	5.306286e-01	5.501173e-01	2.507356e+00	4.431135e+00
TCGA-GN-A8LK-06A-11R-A37K-07	0	0	4.471591e+00	2.395920e+00	0
TCGA-GN-A8LL-06A-21R-A37K-07	1.482701e-01	8.637763e-01	4.158392e+00	6.696935e-01	2.615234e-01
TCGA-GN-A8LN-01A-11R-A37K-07	3.131616e-02	9.441421e-01	7.914784e-01	1.885957e+00	3.366897e+00
TCGA-GN-A9SD-06A-11R-A40A-07	1.508815e-01	2.127846e+00	1.137495e+00	1.290291e+00	2.530918e+00
TCGA-HR-A2OG-06A-21R-A18U-07	9.159646e-02	1.476735e+00	1.011435e+00	2.462456e+00	4.491727e+00
TCGA-HR-A2OH-06A-11R-A18U-07	0	2.465423e+00	1.532865e+00	2.061233e+00	1.039475e+00
TCGA-HR-A5NC-01A-11R-A27Q-07	1.224308e+00	7.174549e-01	5.958787e-01	1.215496e+00	2.344593e+00
TCGA-IH-A3EA-01A-11R-A20F-07	9.856279e-02	5.076148e-01	4.142156e+00	2.724780e+00	0
TCGA-LH-A9QB-06A-11R-A38C-07	0	4.135848e-01	6.110838e-01	2.330009e+00	4.789376e+00
TCGA-OD-A75X-06A-12R-A32P-07	4.078280e-01	9.586762e-01	4.514693e-01	2.501682e+00	1.510061e+00
TCGA-QB-A6FS-06A-11R-A311-07	2.297502e-02	1.845600e+00	4.323343e+00	1.057526e+00	3.978561e-01
TCGA-QB-AA9O-06A-11R-A39D-07	6.813787e-02	1.265244e+00	3.006793e+00	2.266761e+00	1.030170e+00
TCGA-RP-A690-06A-11R-A311-07	7.689576e-02	1.062249e+00	1.570586e+00	1.884836e+00	6.822299e-01
TCGA-RP-A693-06A-13R-A311-07	0	1.765771e+00	1.428969e+00	2.513427e+00	1.341283e+00
TCGA-RP-A694-06A-11R-A311-07	0	1.525346e+00	1.473532e+00	2.168995e+00	6.733160e-01
TCGA-RP-A695-06A-11R-A311-07	0	1.000720e+00	2.947930e+00	2.799121e+00	2.849148e-01
TCGA-RP-A6K9-06A-41R-A352-07	5.008027e-03	1.689237e+00	2.006631e+00	1.870318e+00	7.889107e-01
TCGA-W3-A824-06A-21R-A352-07	0	1.560277e+00	2.178024e+00	2.962520e+00	0
TCGA-W3-A825-06A-11R-A352-07	1.634925e-01	1.251089e+00	6.038268e-01	1.682079e+00	5.361964e+00
TCGA-W3-A828-06A-11R-A352-07	3.790037e-01	1.272993e+00	8.581413e-01	2.305412e+00	4.748206e+00
TCGA-W3-AA1O-06A-11R-A38C-07	5.480158e-03	6.202268e-01	3.197622e+00	3.841607e+00	3.545274e-01
TCGA-W3-AA1Q-06A-11R-A38C-07	0	1.530302e+00	1.086609e+00	2.755945e+00	4.181376e-01
TCGA-W3-AA1R-06A-11R-A39D-07	0	7.700904e-01	2.655334e+00	3.512266e+00	0
TCGA-W3-AA1V-06B-11R-A40A-07	0	9.519020e-01	1.397411e+00	4.228141e+00	2.460874e+00
TCGA-W3-AA1W-06A-11R-A38C-07	0	2.449330e+00	1.937927e+00	3.118901e+00	0
TCGA-W3-AA21-06A-11R-A38C-07	0	8.511486e-01	2.095764e+00	1.563063e+00	8.179662e-01
TCGA-WE-A8JZ-06A-11R-A37K-07	6.978149e-02	9.750142e-01	1.310575e+00	2.386757e+00	1.911506e+00
TCGA-WE-A8K1-06A-21R-A37K-07	0	1.812181e+00	2.434427e+00	2.940196e+00	0
TCGA-WE-A8K4-01A-12R-A37K-07	2.842137e-02	1.551818e+00	3.095369e+00	2.732596e+00	0
TCGA-WE-A8K5-06A-11R-A37K-07	2.358550e-02	1.425433e+00	1.467166e+00	1.743453e+00	1.614662e+00
TCGA-WE-A8K6-06A-11R-A37K-07	4.334292e-02	3.310630e-01	1.903398e+00	2.180272e+00	4.759637e+00
TCGA-WE-A8ZM-06A-11R-A37K-07	1.364140e-01	5.344071e-01	5.808383e-01	7.309870e-01	5.140344e+00
TCGA-WE-A8ZN-06A-11R-A37K-07	7.667951e-02	1.829385e+00	3.871191e+00	1.408384e+00	1.041972e+00
TCGA-WE-A8ZO-06A-11R-A37K-07	7.955938e-03	1.720071e+00	9.203380e-01	2.340338e+00	8.998782e-01
TCGA-WE-A8ZQ-06A-41R-A37K-07	3.535534e-02	4.276329e-01	2.803310e-01	1.022725e+00	4.939335e+00
TCGA-WE-A8ZR-06A-11R-A37K-07	5.955600e-02	1.194287e+00	2.327442e+00	2.869346e+00	5.703297e-01
TCGA-WE-A8ZT-06A-11R-A37K-07	0	1.044966e+00	0	1.555294e+00	2.439066e+00
TCGA-WE-A8ZX-06A-11R-A37K-07	0	1.530687e+00	1.835634e+00	1.692234e+00	2.117529e+00
TCGA-WE-A8ZY-06A-11R-A37K-07	3.550175e-02	8.950577e-01	2.659515e+00	3.426654e+00	7.000065e-01
TCGA-WE-AA9Y-06A-12R-A38C-07	1.799539e-01	1.481309e+00	2.186158e+00	1.792270e+00	2.780096e+00
TCGA-WE-AAA0-06A-11R-A38C-07	1.327583e-02	1.415336e+00	2.629998e+00	3.545021e+00	3.147276e-02
TCGA-WE-AAA3-06A-11R-A38C-07	4.006950e-02	1.876574e+00	1.556026e+00	8.829300e-01	1.553516e+00
TCGA-WE-AAA4-06A-12R-A38C-07	3.494169e-02	2.236674e+00	4.199504e+00	1.513008e+00	2.872947e-01
TCGA-XV-A9VZ-01A-11R-A38C-07	1.096565e+00	5.569404e-01	7.815604e-01	1.746845e+00	3.068466e+00
TCGA-XV-A9W2-01A-11R-A39D-07	1.511361e+00	5.287579e-01	1.788240e+00	2.623491e+00	5.542806e-01
TCGA-XV-A9W5-01A-11R-A38C-07	1.062935e+00	5.372535e-01	8.371990e-01	1.599474e+00	4.091510e+00
TCGA-XV-AAZV-01A-11R-A40A-07	1.312446e+00	9.497175e-01	1.808201e+00	2.369641e+00	2.739704e+00
TCGA-XV-AAZW-01A-12R-A40A-07	1.421483e+00	1.809814e-01	1.179956e+00	1.828061e+00	2.508943e+00
TCGA-XV-AAZY-01A-12R-A40A-07	3.261925e-01	1.403421e+00	4.859876e+00	1.367388e+00	0
TCGA-XV-AB01-06A-12R-A40A-07	0	1.561954e+00	3.241340e+00	3.669252e-01	1.304915e+00
TCGA-YD-A89C-06A-11R-A37K-07	0	1.403817e-01	5.774034e-01	1.356793e+00	3.940384e+00
TCGA-YD-A9TA-06A-11R-A39D-07	1.401850e-01	1.315841e+00	4.422459e-01	2.821660e+00	4.118738e+00
TCGA-YD-A9TB-06A-12R-A40A-07	7.645067e-02	1.512885e+00	1.021592e+00	1.752832e+00	2.540387e+00
TCGA-YG-AA3N-01A-11R-A38C-07	1.129645e+00	1.451981e+00	2.762914e+00	2.095271e+00	0
TCGA-YG-AA3O-06A-11R-A38C-07	0	9.573538e-01	2.644489e+00	3.563804e+00	2.980109e-01
TCGA-YG-AA3P-06A-11R-A38C-07	0	5.851639e-01	5.137091e-01	1.696988e+00	1.102898e+00
TCGA-Z2-A8RT-06A-11R-A37K-07	1.006196e-01	1.788717e+00	1.276415e+00	1.840841e+00	1.526899e+00
TCGA-Z2-AA3S-06A-11R-A39D-07	0	1.250570e+00	3.410417e-01	1.724287e+00	5.977900e-01
TCGA-Z2-AA3V-06A-11R-A39D-07	6.260104e-02	1.981119e+00	5.523669e+00	5.395996e-01	2.581664e-01
