sampleID	D12.10_GNF2-SPRR1B	D6.2_NIELSEN-LEIOMYOSARCOMA-CNN1-UP	D17.11_REACTOME-TRANSLOCATION-OF-ZAP-70-TO-IMMUNOLOGICAL-SYNAPSE	D19.8_FARMER-BREAST-CANCER-CLUSTER-5	D9.7_REACTOME-CYTOSOLIC-SULFONATION-OF-SMALL-MOLECULES	D18.18_REACTOME-DOPAMINE-NEUROTRANSMITTER-RELEASE-CYCLE	D17.8_WEBER-METHYLATED-ICP-IN-SPERM-DN	D18.17_GNF2-SPINK1	D19.16_CHROMOSOME-CONDENSATION	D18.12_MARTINELLI-IMMATURE-NEUTROPHIL-DN	D17.6_chr11q11
TCGA-3M-AB46-01A-11R-A414-31	2.922326e-03	1.036273e+00	0	4.806227e-01	5.689078e-01	0	5.191198e-01	0	1.134588e-01	2.546819e-01	4.184832e-01
TCGA-3M-AB47-01A-22R-A414-31	0	2.679976e+00	4.216910e-01	4.896247e-01	1.018760e+00	1.862417e-02	0	5.369784e-02	0	2.551388e-01	3.815354e-01
TCGA-B7-5816-01A-21R-1602-13	3.144736e-02	1.563176e+00	3.714585e-01	7.496470e-01	0	0	0	0	0	5.646914e-01	8.267178e-01
TCGA-B7-5818-01A-11R-1602-13	3.797213e-02	6.445809e-01	2.569956e-01	4.713156e-01	0	0	0	0	0	0	1.464944e+00
TCGA-B7-A5TI-01A-11R-A31P-31	0	1.649957e+00	1.640695e-01	6.459872e-01	4.558694e-01	8.519308e-03	3.160417e-01	0	0	0	1.317974e+00
TCGA-B7-A5TJ-01A-11R-A31P-31	0	1.273774e+00	0	3.929283e-01	7.348439e-01	1.116549e-03	0	2.382701e-02	5.738691e-01	0	2.977250e-01
TCGA-B7-A5TK-01A-12R-A36D-31	2.395912e-01	2.182999e+00	4.932814e-01	4.567719e-01	0	0	0	0	0	5.298168e-02	7.422084e-01
TCGA-B7-A5TN-01A-21R-A31P-31	4.691056e-02	1.619066e+00	6.029114e-02	7.602297e-01	0	0	2.488090e-01	0	1.080790e-01	0	9.609169e-01
TCGA-BR-4187-01A-01R-1131-13	0	3.610155e+00	3.638330e-01	4.718198e-01	1.119521e+00	0	0	0	1.215819e-01	4.453073e-01	3.365412e-01
TCGA-BR-4191-01A-02R-1131-13	0	1.726605e+00	2.903720e-01	4.152990e-01	2.752587e-01	0	1.191945e-01	2.755459e-01	2.446538e-01	6.369666e-01	1.143830e+00
TCGA-BR-4201-01A-01R-1131-13	2.879917e-01	2.180266e+00	1.820645e-01	6.721757e-01	5.026481e-02	0	3.241084e-02	1.531737e-01	2.536621e-01	2.688039e-01	2.203874e-01
TCGA-BR-4253-01A-01R-1131-13	0	9.148488e-01	5.531495e-01	1.371023e-01	2.161244e-01	0	0	0	0	3.774747e-01	1.212643e+00
TCGA-BR-4255-01A-01R-1131-13	0	2.963031e+00	3.121059e-01	5.844384e-01	0	4.962749e-02	2.306714e-01	3.102907e-02	2.021717e-01	0	7.273602e-01
TCGA-BR-4256-01A-01R-1131-13	3.512283e-02	2.723294e+00	4.693164e-01	6.253825e-01	0	0	0	0	5.494749e-03	7.710739e-02	4.562762e-01
TCGA-BR-4257-01A-01R-1131-13	1.776758e-02	1.196966e+00	9.915917e-02	6.523492e-01	1.116105e-01	0	0	2.764080e-02	9.805142e-02	4.636982e-01	0
TCGA-BR-4267-01A-01R-1131-13	0	9.321984e-01	6.227561e-02	4.294982e-01	0	0	0	1.825574e-01	3.711775e-01	3.259216e-01	7.829789e-01
TCGA-BR-4279-01A-01R-1131-13	0	2.924128e+00	1.758278e-02	5.467321e-01	4.218514e-01	2.192550e-03	0	1.935715e-01	0	9.107534e-01	2.054124e-01
TCGA-BR-4280-01A-01R-1131-13	0	7.988406e-01	2.614600e-01	2.600281e-01	1.200042e+00	4.341835e-02	0	3.339233e-02	2.145791e-01	4.627136e-01	1.135488e-01
TCGA-BR-4292-01A-01R-1131-13	0	6.778419e-01	2.876921e-01	2.749774e-01	5.976592e-01	0	0	1.918691e-01	7.843036e-02	3.580588e-01	2.637159e-01
TCGA-BR-4294-01A-01R-1131-13	0	1.650161e+00	0	2.675296e-01	4.203399e-02	6.468809e-01	0	3.621574e-01	5.986351e-02	0	6.697585e-01
TCGA-BR-4357-01A-01R-1157-13	3.558574e-02	1.619004e+00	3.301732e-01	5.668280e-01	1.696301e-01	0	4.181179e-01	1.968167e-01	2.740365e-01	5.653353e-01	4.411865e-01
TCGA-BR-4361-01A-01R-1157-13	0	2.056846e+00	2.513795e-01	6.639013e-01	6.857972e-01	0	0	8.355780e-02	0	6.513987e-02	1.604809e-01
TCGA-BR-4362-01A-01R-1157-13	1.556225e-02	8.776436e-01	4.187078e-01	3.630656e-01	2.600733e-01	0	0	0	0	4.877431e-01	3.260732e-02
TCGA-BR-4363-01A-01R-1157-13	0	1.881261e+00	3.024548e-01	6.224274e-01	0	1.042540e-01	0	1.511350e-01	0	9.219951e-02	1.114898e+00
TCGA-BR-4366-01A-01R-1157-13	0	1.509314e+00	0	5.474470e-01	8.383866e-01	1.746863e-02	7.958303e-01	2.766568e-02	1.309357e-01	2.294445e-01	8.385479e-01
TCGA-BR-4367-01A-01R-1157-13	0	1.690078e+00	2.455138e-01	5.810293e-01	1.824596e-01	0	0	0	1.551209e-01	6.375316e-02	7.622386e-01
TCGA-BR-4368-01A-01R-1157-13	1.043465e-02	2.414267e+00	4.086346e-01	4.257974e-01	0	0	0	7.551925e-03	6.274913e-02	0	1.347809e-01
TCGA-BR-4369-01A-01R-1157-13	0	2.112580e+00	2.340741e-01	3.630615e-01	9.662815e-01	3.649815e-02	1.610618e+00	1.060789e-01	1.642400e-01	0	2.867044e-01
TCGA-BR-4370-01A-01R-1157-13	1.713537e-02	2.465079e+00	3.323615e-01	5.987591e-01	7.118867e-02	0	0	9.524396e-02	2.024778e-01	1.574261e-01	2.317808e-01
TCGA-BR-4371-01A-01R-1157-13	0	9.062978e-01	1.206782e-01	2.093596e-01	1.064774e+00	3.850325e-02	0	0	2.287355e-01	4.473308e-01	2.891197e-01
TCGA-BR-6452-01A-12R-1802-13	0	1.171081e+00	2.746775e-01	6.239381e-01	6.099066e-02	0	0	1.606596e-01	1.462225e-01	0	6.551705e-01
TCGA-BR-6453-11A-01R-1802-13	0	2.297594e+00	3.916504e-01	1.083658e-02	1.436899e+00	5.023197e-02	0	3.481450e-01	1.296129e-01	8.115614e-02	3.282486e-01
TCGA-BR-6453-01A-11R-1802-13	0	2.541480e+00	8.331100e-01	3.538612e-01	1.347547e+00	6.429244e-02	0	0	7.273828e-02	0	3.839511e-01
TCGA-BR-6454-11A-01R-1802-13	5.266880e-02	2.581112e+00	5.442685e-01	0	3.208135e-01	1.364064e-02	0	4.022102e-01	1.845223e-03	0	6.670765e-01
TCGA-BR-6454-01A-11R-1802-13	0	1.508054e+00	6.100283e-01	3.635955e-01	2.423172e-01	1.435464e-01	2.355367e-01	0	1.405040e-01	1.345335e-01	1.297430e+00
TCGA-BR-6455-01A-11R-1802-13	0	1.626514e+00	3.532071e-01	4.070758e-01	0	0	0	6.901563e-02	2.779409e-01	0	1.418093e+00
TCGA-BR-6456-01A-11R-1802-13	0	2.687291e+00	3.045420e-01	5.943891e-01	5.224567e-01	1.054685e-01	1.768112e-01	2.910238e-01	5.027193e-03	1.180926e-01	3.433906e-01
TCGA-BR-6457-11A-01R-1802-13	0	2.280712e+00	3.624497e-01	4.893679e-02	1.437797e+00	4.357618e-02	0	3.895574e-01	1.092624e-01	0	4.974836e-01
TCGA-BR-6457-01A-21R-1802-13	0	3.462510e+00	5.210194e-01	5.492603e-01	3.989797e-01	3.200197e-02	0	8.245223e-02	2.735790e-01	2.824978e-02	7.895721e-01
TCGA-BR-6458-11A-01R-1802-13	0	1.554405e+00	4.113853e-01	0	2.194366e-01	1.268864e-01	0	5.844077e-01	0	0	6.887544e-01
TCGA-BR-6458-01A-11R-1802-13	0	1.981041e+00	4.541930e-01	6.601492e-01	0	2.697776e-02	1.666568e-01	0	2.454131e-01	0	6.283094e-01
TCGA-BR-6563-01A-13R-2055-13	0	3.056507e+00	6.067938e-01	5.141595e-01	9.561852e-01	9.132142e-04	0	1.812317e-01	2.397230e-01	9.019365e-02	4.488855e-01
TCGA-BR-6564-11A-01R-1884-13	0	2.951946e+00	5.234640e-01	1.735993e-02	1.517705e+00	5.421351e-02	0	3.218644e-01	8.288228e-02	0	4.676559e-01
TCGA-BR-6564-01A-12R-1884-13	0	3.710806e+00	4.048059e-01	3.330382e-01	3.895772e-01	1.863263e-02	0	2.258151e-01	2.897644e-01	0	5.228199e-01
TCGA-BR-6565-01A-11R-1802-13	0	2.130204e+00	4.680564e-01	4.382452e-01	9.242945e-01	0	2.803953e-01	0	3.395803e-01	0	3.806813e-01
TCGA-BR-6566-01A-11R-1802-13	0	1.328817e+00	3.033036e-01	7.437487e-01	1.125761e+00	0	0	0	0	1.963043e-01	0
TCGA-BR-6705-01A-12R-1884-13	2.661658e-02	3.307887e+00	4.764171e-01	6.456686e-01	2.456051e-02	4.046215e-02	2.763276e-01	0	1.999233e-01	0	6.276139e-01
TCGA-BR-6706-01A-11R-1884-13	0	2.623655e+00	6.759411e-01	4.716128e-01	2.400332e-01	0	0	0	9.095686e-02	0	1.217913e+00
TCGA-BR-6707-01A-11R-1884-13	0	1.222511e+00	4.297246e-01	3.479276e-01	8.022953e-02	0	0	0	1.104815e-01	0	1.582588e+00
TCGA-BR-6709-01A-11R-1884-13	0	2.676015e+00	8.087084e-01	6.045459e-01	0	1.892369e-01	0	0	0	8.064763e-02	0
TCGA-BR-6801-01A-11R-1884-13	2.005636e-01	2.010610e+00	0	5.493890e-01	7.412132e-01	2.016234e-03	0	0	8.330044e-01	0	5.997935e-02
TCGA-BR-6802-11A-01R-1884-13	0	1.696965e+00	0	1.194681e-01	8.011047e-01	9.839153e-02	0	4.466899e-01	2.641069e-02	0	3.564020e-01
TCGA-BR-6802-01A-11R-1884-13	2.794019e-01	1.082347e+00	5.221908e-01	4.137706e-01	0	0	0	3.161775e-01	3.312796e-02	1.707748e-01	2.238449e-01
TCGA-BR-6803-01A-11R-1884-13	0	3.360901e+00	4.475793e-01	3.100838e-01	1.092914e-01	2.963539e-02	6.708182e-03	2.998204e-01	1.159353e-01	0	9.012919e-01
TCGA-BR-6852-11A-01R-1884-13	1.122104e-02	1.016644e+00	4.478939e-01	4.882152e-02	0	2.321546e-02	0	4.844941e-01	0	8.535766e-02	7.792665e-01
TCGA-BR-6852-01A-11R-1884-13	1.053158e-01	1.447175e+00	7.328527e-01	6.028202e-01	2.664909e-01	0	0	9.347482e-03	6.224553e-03	6.460108e-03	4.328057e-01
TCGA-BR-7196-01A-11R-2055-13	0	2.845128e+00	5.389568e-01	4.681066e-01	0	0	0	0	1.729624e-01	0	1.323709e+00
TCGA-BR-7197-01A-11R-2203-13	0	1.945258e+00	5.978213e-03	3.557950e-01	1.579655e-01	1.092776e-01	9.146989e-02	0	1.123881e+00	0	4.430344e-01
TCGA-BR-7703-01A-11R-2055-13	0	8.597175e-01	2.491924e-01	3.373011e-01	9.648844e-01	0	0	0	6.460092e-02	3.868515e-02	1.795547e-01
TCGA-BR-7704-11A-01R-2055-13	0	3.798212e+00	3.063911e-01	7.888016e-02	7.916041e-01	4.609277e-02	0	3.839189e-01	8.330134e-02	0	4.481414e-01
TCGA-BR-7704-01A-11R-2055-13	0	1.350454e+00	5.170901e-01	4.186146e-01	4.065278e-02	6.112746e-02	0	2.274753e-01	9.271034e-01	0	7.099729e-01
TCGA-BR-7707-01A-11R-2055-13	1.230813e-01	5.927522e-01	2.318174e-01	5.514386e-01	7.225415e-02	0	0	1.012850e-01	1.536640e-01	1.063378e-01	0
TCGA-BR-7715-11A-01R-2055-13	0	2.219602e+00	7.451815e-01	6.079503e-02	3.766088e-01	3.842365e-02	0	5.052437e-01	1.032873e-01	1.890339e-01	4.658858e-01
TCGA-BR-7715-01A-11R-2055-13	0	1.992760e+00	7.918104e-03	5.648708e-01	0	1.458825e-01	0	0	1.168079e+00	2.861669e-02	6.267207e-01
TCGA-BR-7716-11A-01R-2055-13	0	2.316138e+00	3.459396e-01	2.857989e-02	3.419738e-01	9.347770e-02	0	4.295175e-01	1.047704e-02	0	6.919805e-01
TCGA-BR-7716-01A-21R-2055-13	0	1.820373e+00	4.768125e-01	4.200374e-01	7.977982e-01	0	1.156797e+00	2.378590e-01	1.743946e-01	0	5.951747e-01
TCGA-BR-7717-11A-01R-2055-13	4.487827e-02	2.548560e+00	6.553182e-01	7.196399e-02	7.468603e-03	1.593616e-02	0	5.356966e-01	5.814587e-02	4.884994e-02	5.089907e-01
TCGA-BR-7717-01A-11R-2055-13	2.869036e-02	1.710728e+00	9.651924e-02	5.890359e-01	3.419508e-01	0	3.022241e-01	1.172376e-01	3.177547e-01	0	4.958684e-01
TCGA-BR-7722-01A-31R-2203-13	0	1.646000e+00	2.476629e-01	3.492206e-01	0	1.291365e-02	0	0	0	0	1.513708e+00
TCGA-BR-7723-01A-11R-2055-13	0	2.067379e+00	4.422232e-01	4.199121e-01	0	1.252799e-01	1.391545e+00	0	4.929938e-01	0	2.900508e-02
TCGA-BR-7851-11A-01R-2203-13	0	1.960136e+00	3.183576e-01	1.811732e-02	1.836853e+00	2.278035e-02	0	2.264030e-01	7.515782e-02	0	5.069468e-01
TCGA-BR-7851-01A-11R-2203-13	0	1.942190e+00	3.320153e-01	5.364052e-01	8.993953e-01	0	0	0	1.497368e-02	0	4.169768e-01
TCGA-BR-7901-01A-11R-2203-13	0	2.381334e+00	2.512067e-01	5.128757e-01	3.132362e-01	3.243209e-02	5.231640e-01	6.514525e-02	1.314142e-01	4.680352e-01	8.407684e-01
TCGA-BR-7957-01A-11R-2203-13	0	3.183016e+00	2.959978e-01	5.519959e-01	5.770245e-01	7.481330e-04	0	9.182239e-03	1.644313e-01	1.236662e-01	2.882161e-01
TCGA-BR-7958-01A-21R-2343-13	0	1.734584e+00	5.837746e-01	4.393293e-01	0	0	0	0	1.341160e-01	0	1.299869e+00
TCGA-BR-7959-01A-11R-2343-13	2.435683e-03	2.782181e+00	2.555948e-01	5.204285e-01	2.444761e-01	1.863067e-01	0	0	3.978929e-01	3.509298e-01	2.466764e-01
TCGA-BR-8058-01A-31R-2343-13	0	2.235885e+00	5.900988e-01	4.974256e-01	1.855320e-01	7.684603e-02	0	2.613453e-01	0	0	1.176680e+00
TCGA-BR-8059-01A-11R-2343-13	1.471520e-01	2.178221e+00	0	6.164253e-01	0	0	0	0	3.180091e-01	0	4.505939e-01
TCGA-BR-8060-01A-11R-2343-13	0	2.952096e+00	4.872985e-01	3.217193e-01	1.982118e-01	5.524084e-01	2.131796e-01	0	0	2.718780e-01	2.116595e-01
TCGA-BR-8077-01A-11R-2343-13	0	1.499923e+00	3.223180e-01	2.659805e-01	1.061341e+00	2.925098e-02	1.149163e+00	0	1.110265e-01	4.464972e-01	5.194131e-01
TCGA-BR-8078-01A-11R-2343-13	0	1.612671e+00	4.328056e-01	5.556332e-01	2.817455e-01	0	0	0	8.310615e-02	0	2.847071e-01
TCGA-BR-8080-01A-11R-2343-13	0	2.983694e+00	5.404683e-01	3.963988e-01	3.715757e-01	3.115187e-02	0	0	1.041629e-01	5.679617e-01	0
TCGA-BR-8081-01A-11R-2343-13	0	2.072833e+00	7.108261e-01	5.844755e-01	9.627462e-01	0	0	0	0	2.041009e-02	7.925775e-02
TCGA-BR-8284-01A-11R-2343-13	0	2.258543e+00	4.275056e-01	4.625003e-01	3.220953e-01	1.431691e-02	0	0	0	0	1.376611e+00
TCGA-BR-8286-01A-12R-2343-13	0	1.286019e+00	2.289048e-01	4.839144e-01	0	0	2.151769e-03	0	3.348869e-01	0	6.117417e-01
TCGA-BR-8289-01A-11R-2343-13	0	2.202326e+00	1.452277e-01	5.537771e-01	0	0	4.237191e-01	3.810897e-03	1.785112e-01	0	7.267181e-01
TCGA-BR-8291-01A-11R-2343-13	0	2.776147e+00	4.385631e-01	6.563474e-01	4.046730e-01	7.234842e-02	0	0	4.361444e-02	2.155896e-01	1.193943e+00
TCGA-BR-8295-01A-11R-2343-13	0	1.359681e+00	0	2.576064e-01	1.310574e-01	8.078227e-02	2.025917e+00	1.579478e-01	2.449523e-02	0	1.783724e-01
TCGA-BR-8296-01A-11R-2343-13	0	1.649602e+00	6.052014e-01	2.934455e-01	0	1.263335e-02	0	3.222771e-01	2.378916e-01	0	9.808657e-01
TCGA-BR-8297-01A-12R-2343-13	0	3.405180e+00	3.168511e-01	2.214212e-01	9.512368e-02	0	1.571989e-02	7.078980e-02	5.083869e-02	0	4.824152e-01
TCGA-BR-8361-01A-11R-2343-13	0	1.171910e+00	3.793989e-01	3.232885e-01	2.043254e-01	0	0	0	0	0	7.269488e-02
TCGA-BR-8362-01A-11R-2343-13	0	2.554437e+00	3.474724e-01	4.675178e-01	1.043541e+00	4.572959e-02	0	0	3.082072e-02	0	6.133883e-01
TCGA-BR-8363-01A-11R-2343-13	0	2.024876e+00	7.418957e-01	4.162958e-01	0	3.778427e-03	0	0	0	0	1.175046e-01
TCGA-BR-8364-01A-11R-2343-13	3.267656e-04	3.485731e+00	4.277077e-01	4.791189e-01	1.259975e-01	6.177964e-02	0	9.863122e-02	7.586791e-02	0	9.131306e-01
TCGA-BR-8365-01A-21R-2343-13	0	3.872720e+00	3.867638e-01	2.506677e-01	2.178592e-01	1.255117e-01	0	1.906368e-01	0	0	7.645893e-01
TCGA-BR-8366-01A-11R-2343-13	3.018760e-01	2.045299e+00	6.808766e-01	5.203473e-01	0	0	0	0	1.344507e-01	0	8.126758e-01
TCGA-BR-8367-01A-11R-2343-13	0	2.876908e+00	2.289332e-01	3.806607e-01	7.031157e-01	6.402897e-02	0	9.966987e-02	1.106237e-01	0	7.802839e-01
TCGA-BR-8368-01A-11R-2343-13	0	6.825608e-01	2.664106e-01	2.633009e-01	6.961104e-01	6.137704e-02	0	0	4.799438e-02	1.213615e-01	4.652255e-01
TCGA-BR-8369-01A-11R-2343-13	0	2.637515e+00	3.123529e-01	2.396609e-01	1.589662e-01	0	1.406591e-01	8.989517e-03	2.415813e-01	0	2.949574e-01
TCGA-BR-8371-01A-11R-2343-13	9.128396e-02	4.039996e+00	5.165456e-01	5.104346e-02	1.748206e-01	0	0	0	1.067308e-01	0	3.266236e-01
TCGA-BR-8372-01A-11R-2343-13	0	1.292655e+00	3.528936e-01	4.130781e-01	7.219508e-01	0	0	0	0	0	1.612675e-01
TCGA-BR-8373-01A-11R-2343-13	7.338298e-03	2.364706e+00	2.587991e-01	4.157635e-01	7.294961e-01	0	1.293170e+00	0	3.551658e-01	4.717264e-02	4.080374e-01
TCGA-BR-8380-01A-11R-2343-13	0	3.964193e+00	3.611831e-01	2.936920e-01	9.691794e-01	6.929803e-02	0	0	4.266501e-02	0	2.512111e-02
TCGA-BR-8381-01A-11R-2402-13	0	1.845629e+00	6.348034e-01	5.531294e-01	1.961155e-01	0	5.225537e-02	0	1.874512e-01	0	1.242240e+00
TCGA-BR-8382-01A-11R-2402-13	1.689504e-02	1.574999e+00	3.927171e-01	5.870665e-01	4.243181e-01	0	0	0	7.084908e-02	4.927155e-02	1.511597e-01
TCGA-BR-8384-01A-21R-2402-13	0	4.122603e+00	4.203349e-01	2.623947e-01	0	0	0	9.809813e-02	6.603273e-02	0	6.489844e-01
TCGA-BR-8483-01A-31R-2402-13	2.207088e-02	1.323272e+00	0	3.344346e-01	4.155748e-01	0	3.417374e-01	0	6.342873e-01	0	6.434909e-01
TCGA-BR-8484-01A-11R-2402-13	0	1.787033e+00	4.979365e-01	4.076604e-01	1.656770e-01	1.441912e-01	3.227818e-02	1.687366e-01	5.008701e-02	0	1.286397e+00
TCGA-BR-8485-01A-11R-2402-13	0	2.075024e+00	3.660250e-01	3.676233e-01	7.454248e-01	0	1.279564e+00	3.085978e-01	1.287010e-01	9.472090e-02	1.654530e-01
TCGA-BR-8486-01A-31R-2402-13	0	1.810013e+00	3.349508e-01	2.308592e-01	1.118330e+00	0	5.618621e-01	1.834956e-01	1.609629e-01	6.015871e-01	4.637175e-01
TCGA-BR-8487-01A-11R-2402-13	0	6.865160e-01	1.296665e-01	6.112557e-01	4.397586e-01	0	0	0	0	0	8.426165e-01
TCGA-BR-8588-01A-11R-2402-13	0	2.465137e+00	4.003645e-01	4.902967e-01	6.918142e-01	0	0	4.023968e-01	5.765616e-02	2.076859e-01	1.988766e-01
TCGA-BR-8589-01A-11R-2402-13	0	4.677999e-01	5.476843e-01	7.002424e-02	0	0	0	0	7.015024e-01	1.424189e-01	1.437274e+00
TCGA-BR-8590-01A-11R-2402-13	0	2.751315e+00	4.180353e-01	5.263333e-01	3.988232e-01	0	2.854383e-01	2.129624e-01	1.634494e-01	0	5.801269e-01
TCGA-BR-8591-01A-11R-2402-13	0	1.563892e+00	4.009390e-01	5.170350e-01	2.308291e-01	0	0	0	0	0	5.730328e-01
TCGA-BR-8592-01A-11R-2402-13	0	4.037911e+00	5.034900e-01	2.048231e-01	1.056961e+00	2.516490e-02	1.589715e-03	1.149730e-01	0	0	3.108805e-01
TCGA-BR-8676-01A-11R-2402-13	0	1.102125e+00	5.942920e-02	3.587047e-02	0	0	0	0	1.021758e-01	0	8.719352e-01
TCGA-BR-8677-01A-11R-2402-13	6.186376e-02	2.521775e+00	5.829823e-01	4.743378e-01	5.067651e-01	0	1.437842e-01	0	0	0	3.421904e-01
TCGA-BR-8678-01A-11R-2402-13	2.374818e-01	1.332310e+00	1.787902e-01	4.685879e-01	0	2.452952e-01	0	0	1.287398e+00	0	0
TCGA-BR-8679-01A-11R-2402-13	0	1.799497e+00	7.755858e-02	4.074430e-01	4.632118e-01	0	1.800856e-02	0	3.210864e-01	0	4.371728e-01
TCGA-BR-8680-01A-11R-2402-13	6.241920e-02	6.505182e-01	0	4.138391e-01	6.287236e-01	3.018405e-03	0	0	6.588085e-01	0	0
TCGA-BR-8682-01A-11R-2402-13	0	3.203827e+00	3.822604e-01	2.353329e-01	1.203803e+00	0	0	9.435398e-02	1.371656e-01	0	4.222872e-01
TCGA-BR-8683-01A-11R-2402-13	0	2.530695e+00	3.634692e-01	3.690255e-01	8.916699e-01	2.411517e-02	4.401981e-01	0	5.403357e-02	2.025652e-01	2.511431e-01
TCGA-BR-8686-01A-11R-2402-13	0	2.608168e+00	5.729085e-01	1.368487e-01	1.220836e-01	0	0	1.781891e-01	1.337401e-01	0	1.479262e+00
TCGA-BR-8687-01A-11R-2402-13	0	1.654646e+00	3.461244e-02	4.630449e-01	0	2.261307e-01	1.033054e-01	2.786155e-01	1.676225e-01	0	6.285062e-01
TCGA-BR-8690-01A-11R-2402-13	7.825450e-02	2.018624e+00	4.282518e-01	4.238832e-01	8.364287e-01	0	6.766943e-01	0	1.726306e-01	0	0
TCGA-BR-A44T-01A-32R-A24K-31	5.062260e-02	3.674502e+00	8.981378e-01	3.202211e-02	3.212546e-01	4.295352e-02	0	0	6.173621e-02	0	8.759623e-02
TCGA-BR-A44U-01A-11R-A36D-31	0	1.290695e+00	0	5.613929e-01	9.315509e-01	0	0	0	4.674545e-01	1.017980e-01	1.789587e-01
TCGA-BR-A452-01A-91R-A251-31	1.830445e-01	1.167017e+00	1.768104e-01	2.236913e-01	1.902126e-01	2.282996e-01	4.595409e-01	1.175154e-01	1.139483e+00	0	0
TCGA-BR-A453-01A-11R-A24K-31	0	4.521532e+00	2.816777e-01	3.091960e-01	4.537499e-01	5.215011e-02	0	0	6.456256e-03	0	0
TCGA-BR-A4CR-01A-11R-A24K-31	0	1.613537e+00	8.252960e-02	1.611739e-01	9.852719e-02	7.867336e-01	0	0	1.083756e-01	4.448721e-02	9.156070e-02
TCGA-BR-A4CS-01A-11R-A24K-31	0	1.421130e+00	8.883719e-03	4.623139e-01	2.061923e-01	1.376696e-02	5.508209e-01	0	3.018412e-01	3.324639e-01	8.622363e-01
TCGA-BR-A4IU-01A-22R-A251-31	0	3.609056e+00	5.339941e-01	2.173238e-01	1.527371e-01	0	0	0	1.620755e-01	0	5.989239e-01
TCGA-BR-A4IV-01A-31R-A251-31	0	4.153950e+00	2.819879e-01	3.252727e-01	1.952258e-02	6.050844e-03	0	0	1.525741e-01	2.962430e-01	4.165643e-01
TCGA-BR-A4IY-01A-11R-A251-31	6.375447e-01	1.961010e+00	5.187355e-01	7.902889e-01	0	0	0	0	1.639025e-01	0	0
TCGA-BR-A4IZ-01A-32R-A251-31	2.794120e-02	3.181811e+00	4.353875e-01	6.655511e-01	1.046770e-01	3.125149e-02	1.120345e-01	0	1.302872e-01	2.305194e-01	5.054900e-01
TCGA-BR-A4J1-01A-11R-A251-31	0	1.198791e+00	0	2.344530e-01	5.585537e-01	8.208062e-02	1.910121e+00	0	8.130521e-02	0	3.361197e-01
TCGA-BR-A4J2-01A-21R-A251-31	0	3.179977e+00	6.458215e-01	5.009913e-01	0	6.566852e-03	1.017636e-01	0	2.167002e-01	0	5.205051e-01
TCGA-BR-A4J4-01A-12R-A251-31	4.242099e-01	1.509404e+00	1.649787e-01	4.540441e-01	2.233892e-01	0	0	0	6.798501e-02	0	9.963819e-01
TCGA-BR-A4J5-01A-21R-A251-31	2.575181e-02	3.148539e+00	3.288902e-01	4.607103e-01	5.764157e-01	0	0	0	6.187919e-02	1.663696e-01	7.538942e-03
TCGA-BR-A4J6-01A-11R-A251-31	2.761699e-01	1.716214e+00	1.907209e-01	5.034933e-01	0	0	0	2.847161e-02	4.293854e-01	0	3.185490e-01
TCGA-BR-A4J7-01A-31R-A251-31	0	3.477548e+00	5.134645e-01	3.095174e-01	0	0	0	0	2.864320e-01	0	3.882609e-01
TCGA-BR-A4J8-01A-11R-A251-31	0	2.596980e+00	2.190880e-01	3.660532e-01	4.456515e-01	5.077225e-02	0	0	1.707975e-01	0	1.081277e+00
TCGA-BR-A4J9-01A-12R-A251-31	0	4.236885e+00	4.443772e-01	7.817212e-02	3.083125e-01	8.178168e-02	0	0	1.848080e-01	0	1.475790e-01
TCGA-BR-A4PD-01A-11R-A251-31	0	1.149344e+00	3.680346e-01	1.902828e-01	3.537185e-01	5.474194e-03	7.173805e-01	0	5.847197e-02	4.602700e-03	1.016123e+00
TCGA-BR-A4PE-01A-31R-A251-31	0	8.337896e-01	3.485962e-01	3.560616e-01	0	0	0	1.821702e-02	4.856275e-01	3.293531e-01	7.904597e-01
TCGA-BR-A4PF-01A-11R-A251-31	0	9.949848e-01	3.273461e-01	2.907274e-01	9.330460e-01	1.247745e-01	4.912191e-02	0	0	4.151889e-01	4.852218e-01
TCGA-BR-A4QI-01A-12R-A251-31	0	1.541428e+00	1.207182e-01	2.750001e-01	9.047752e-01	6.372925e-02	1.952715e-01	0	1.284020e-01	0	1.378446e-01
TCGA-BR-A4QL-01A-31R-A251-31	0	7.586648e-01	5.881083e-02	4.788612e-01	1.115931e+00	1.288661e-02	0	0	6.760728e-02	0	0
TCGA-BR-A4QM-01A-12R-A251-31	0	1.671176e+00	4.908610e-01	3.052922e-01	1.446491e+00	0	0	0	5.261723e-02	9.983803e-02	2.051143e-01
TCGA-CD-5798-01A-11R-1602-13	1.952450e-01	2.888782e+00	1.507639e-01	5.699815e-01	2.607018e-01	0	0	0	1.720392e-01	1.088515e-01	2.651108e-01
TCGA-CD-5799-01A-11R-1602-13	0	1.139594e+00	0	5.811812e-01	7.061477e-01	7.037207e-02	1.347273e-01	2.650541e-02	1.488444e-01	0	1.063162e+00
TCGA-CD-5800-01A-11R-1602-13	1.524316e-01	1.211912e+00	3.344332e-01	3.552244e-01	7.395722e-01	9.530052e-03	1.669064e+00	8.091240e-02	4.067351e-01	1.575855e-01	1.970087e-01
TCGA-CD-5801-01A-11R-1602-13	0	9.253628e-01	5.028038e-01	2.734983e-01	0	0	0	0	4.513635e-01	0	1.401232e+00
TCGA-CD-5803-01A-11R-1602-13	0	2.943140e+00	7.542359e-01	5.170548e-01	6.161139e-02	5.546009e-02	0	0	2.276318e-01	0	9.357874e-01
TCGA-CD-5804-01A-12R-2055-13	0	2.005931e+00	2.366769e-01	5.207801e-01	3.433480e-01	0	6.556304e-01	1.963745e-02	8.286657e-02	3.106588e-01	1.241293e+00
TCGA-CD-5813-01A-11R-1602-13	0	2.960051e+00	6.805428e-01	5.603384e-01	4.656477e-01	1.894150e-01	0	0	0	5.015983e-01	3.135761e-01
TCGA-CD-8524-01A-11R-2343-13	0	1.947154e+00	2.536668e-01	5.996923e-01	0	0	3.513798e-01	0	2.152756e-01	0	6.314063e-01
TCGA-CD-8525-01A-11R-2343-13	2.091297e-01	1.534218e+00	5.096602e-01	4.482750e-01	1.529687e-01	0	1.114747e+00	0	1.920460e-01	2.710408e-02	5.726878e-01
TCGA-CD-8526-01A-11R-2343-13	0	1.951503e+00	4.465400e-01	3.330511e-01	1.967266e-01	9.609288e-02	1.157266e+00	1.176579e-02	2.407045e-01	0	5.099070e-01
TCGA-CD-8527-01A-11R-2343-13	1.693590e-01	1.332651e+00	4.036205e-02	4.719691e-01	2.651277e-01	7.017040e-02	7.181311e-01	0	0	0	6.677710e-01
TCGA-CD-8528-01A-11R-2343-13	0	8.446477e-01	0	5.620707e-01	5.146520e-01	0	1.419359e-01	0	0	0	2.588926e-01
TCGA-CD-8529-01A-11R-2343-13	0	2.292162e+00	6.143105e-01	4.338449e-01	5.945671e-01	0	2.465137e-01	0	3.242280e-01	2.709176e-01	6.394655e-01
TCGA-CD-8530-01A-11R-2343-13	0	2.704324e+00	2.585587e-01	4.854393e-01	0	0	2.840679e-01	2.330433e-01	1.558642e-01	1.755887e-01	5.459174e-01
TCGA-CD-8531-01A-11R-2343-13	0	2.119419e+00	9.549444e-01	2.662844e-01	0	1.099506e-01	0	0	0	6.036152e-02	0
TCGA-CD-8532-01A-11R-2343-13	0	1.875117e+00	5.439079e-01	3.703702e-01	4.380918e-01	7.256909e-02	8.938578e-02	0	0	0	1.709872e+00
TCGA-CD-8533-01A-11R-2343-13	0	1.886376e+00	1.305086e-01	3.249317e-01	7.294997e-01	5.148847e-01	7.180933e-01	0	3.403536e-01	0	4.035387e-01
TCGA-CD-8534-01A-11R-2343-13	0	2.329910e+00	4.657654e-01	1.445539e-01	5.569149e-01	8.156855e-02	0	0	1.272879e-01	0	5.749593e-01
TCGA-CD-8535-01A-11R-2343-13	9.921887e-02	1.046545e+00	0	3.877229e-01	0	2.321890e-01	5.526842e-02	0	1.209045e+00	0	0
TCGA-CD-8536-01A-11R-2343-13	0	9.946481e-01	5.992559e-02	7.088088e-01	2.541780e-01	0	0	1.924233e-01	1.435068e-01	0	0
TCGA-CD-A486-01A-11R-A24K-31	1.088959e-01	1.287322e+00	1.955953e-01	6.452667e-01	7.725860e-03	7.279267e-02	1.113790e+00	5.371212e-02	2.415982e-01	4.259094e-01	7.413366e-01
TCGA-CD-A487-01A-21R-A24K-31	1.662481e-01	2.156632e+00	3.614086e-02	4.813702e-01	2.695271e-01	0	4.367508e-01	0	1.500295e-01	0	1.640793e-01
TCGA-CD-A489-01A-11R-A24K-31	2.264340e-01	3.317070e+00	3.353739e-01	3.808037e-01	7.597281e-02	2.924453e-02	0	0	2.541536e-01	0	1.847437e-01
TCGA-CD-A48A-01A-12R-A36D-31	3.310958e-02	1.813744e+00	2.139549e-01	2.666245e-01	2.371245e-01	1.554550e-01	0	9.776019e-03	4.855792e-01	0	6.212161e-01
TCGA-CD-A48C-01A-11R-A24K-31	0	1.381635e+00	5.822637e-02	6.316871e-01	7.399441e-02	0	5.328132e-01	0	7.641754e-02	0	5.597183e-01
TCGA-CD-A4MG-01A-11R-A251-31	0	1.558772e+00	3.112944e-01	5.765422e-01	6.233036e-01	0	0	0	1.768974e-01	2.078502e-01	0
TCGA-CD-A4MH-01A-11R-A251-31	0	1.567683e+00	2.265099e-01	2.730442e-01	1.059894e+00	8.573001e-02	1.335892e+00	1.657017e-02	8.187754e-02	3.001534e-01	4.786512e-01
TCGA-CD-A4MI-01A-21R-A251-31	0	2.995097e+00	6.344069e-01	5.188104e-01	0	0	0	0	1.725254e-01	0	6.035813e-01
TCGA-CD-A4MJ-01A-11R-A251-31	1.916899e-01	7.647756e-01	7.831061e-02	6.131237e-01	2.288792e-01	0	0	0	2.936721e-01	0	1.272107e-01
TCGA-CG-4301-01A-01R-1157-13	1.590980e-02	1.765329e+00	0	5.492484e-01	0	5.614795e-02	3.256352e-02	4.255959e-01	4.830415e-02	3.232600e-01	7.107578e-01
TCGA-CG-4304-01A-01R-1157-13	0	1.870256e+00	2.618649e-01	4.459738e-01	8.969836e-01	0	1.587942e-01	0	3.194257e-01	4.327017e-01	8.273969e-01
TCGA-CG-4305-01A-01R-1157-13	0	1.773768e+00	2.632521e-01	6.329575e-01	5.274463e-01	0	1.898217e-02	8.127301e-02	1.239730e-01	0	5.582459e-01
TCGA-CG-4306-01A-01R-1157-13	9.676312e-03	1.301884e+00	1.812926e-01	4.964085e-01	0	0	0	2.155713e-01	4.452109e-02	3.698215e-01	1.333429e-01
TCGA-CG-4436-01A-01R-1157-13	0	4.408757e-01	0	5.642352e-02	7.186342e-01	0	0	1.681502e-01	6.136063e-01	9.963618e-01	2.505481e-01
TCGA-CG-4437-01A-01R-1802-13	0	1.257954e+00	3.967158e-01	6.431476e-01	2.260439e-02	0	0	2.822964e-01	6.845009e-02	0	7.625993e-01
TCGA-CG-4438-01A-01R-1157-13	0	1.670664e+00	2.954416e-01	3.236712e-01	8.959309e-01	9.889856e-02	5.547928e-01	0	1.014952e-01	1.052286e-01	3.679333e-01
TCGA-CG-4440-01A-01R-1157-13	0	1.016084e+00	1.284904e-02	3.064048e-01	4.679472e-01	0	9.121957e-01	0	0	1.211697e-01	3.354220e-01
TCGA-CG-4441-01A-01R-1802-13	0	1.380173e+00	1.706612e-01	6.497247e-01	5.361339e-01	1.056762e-01	6.051914e-02	0	1.148487e-01	2.869479e-01	1.123835e+00
TCGA-CG-4442-01A-01R-1157-13	7.360374e-02	9.659169e-01	0	5.415799e-01	0	0	0	0	1.315983e-01	0	0
TCGA-CG-4443-01A-01R-1157-13	4.640567e-02	1.109760e+00	0	4.710718e-01	0	4.143924e-02	0	0	1.552838e+00	0	3.398763e-01
TCGA-CG-4444-01A-01R-1157-13	0	1.895061e+00	3.197591e-01	3.795435e-01	1.099833e+00	9.641655e-02	1.373691e-01	0	0	5.823556e-01	1.399235e-01
TCGA-CG-4449-01A-01R-1157-13	1.889944e-01	1.891942e+00	2.029947e-01	6.478037e-01	0	2.426470e-02	1.772251e-01	0	2.736248e-01	4.499828e-01	1.928143e-01
TCGA-CG-4460-01A-01R-1157-13	0	1.555146e+00	1.457381e-01	3.505378e-01	1.101466e-01	1.797617e-01	5.129191e-01	3.263685e-01	1.712914e-01	1.316751e-01	1.283266e-01
TCGA-CG-4462-01A-01R-1157-13	0	2.681160e+00	2.653810e-01	5.899475e-01	2.734694e-01	0	0	0	6.219205e-02	6.606248e-01	8.416791e-01
TCGA-CG-4465-01A-01R-1157-13	0	1.297592e+00	1.092414e-01	5.280775e-01	1.107890e+00	0	0	1.874616e-01	0	5.514891e-01	5.144337e-02
TCGA-CG-4466-01A-01R-1157-13	0	7.033742e-01	0	3.529417e-02	4.304834e-01	1.334416e-01	1.866675e-01	0	4.197843e-01	8.665968e-01	1.772038e-01
TCGA-CG-4469-01A-01R-1157-13	0	7.759756e-01	5.653502e-02	2.621071e-01	7.301600e-01	4.632116e-02	0	0	0	3.808604e-01	6.302962e-01
TCGA-CG-4472-01A-01R-1157-13	5.159387e-02	2.668043e+00	3.613425e-01	4.397351e-01	2.693833e-01	0	0	2.971218e-02	1.100471e-01	5.287697e-02	6.996304e-01
TCGA-CG-4474-01A-02R-1157-13	0	1.972582e+00	2.604535e-01	5.145220e-01	1.086939e+00	0	0	2.310313e-01	0	2.573269e-01	3.265000e-01
TCGA-CG-4475-01A-01R-1157-13	0	2.152453e+00	0	5.553066e-01	8.978052e-02	1.216541e-01	1.315387e-01	2.129691e-02	1.989612e-01	6.717316e-01	6.078700e-01
TCGA-CG-4476-01A-01R-1157-13	0	2.487290e+00	2.842997e-01	4.655799e-01	4.250740e-01	1.182615e-03	2.776413e-02	4.467595e-01	1.471098e-01	1.281420e-01	7.458512e-01
TCGA-CG-4477-01A-01R-1157-13	6.996845e-01	1.669742e+00	4.227137e-01	2.450942e-01	4.225809e-01	1.087702e-02	0	1.126541e-01	3.857055e-01	5.358728e-01	3.863099e-01
TCGA-CG-5716-01A-21R-1802-13	5.805584e-02	1.232628e+00	4.661925e-01	1.006285e-01	2.488895e-01	7.947592e-02	0	4.270406e-01	1.556318e-01	0	5.780664e-01
TCGA-CG-5717-01A-11R-1602-13	1.676450e+00	1.548964e+00	6.286369e-01	1.897005e-01	0	1.947084e-04	0	0	1.865069e-02	1.309380e-01	6.174509e-01
TCGA-CG-5718-01A-11R-1602-13	2.949320e-02	9.927903e-01	3.733460e-01	3.703379e-01	2.310188e-02	0	3.868177e-01	2.465665e-01	7.585903e-01	4.255963e-01	7.575944e-01
TCGA-CG-5719-01A-11R-1602-13	3.912169e-02	2.236345e+00	3.002253e-01	6.548706e-01	8.616187e-02	3.374201e-02	2.170344e-02	0	2.252283e-01	1.046217e-01	1.094359e+00
TCGA-CG-5720-11A-01R-1602-13	0	1.634331e+00	5.307367e-01	0	1.270084e+00	7.857337e-02	0	3.725090e-01	2.028514e-01	0	5.484671e-01
TCGA-CG-5720-01A-11R-1602-13	0	1.645749e+00	4.451102e-01	3.594764e-01	1.475171e+00	0	0	0	4.043155e-02	3.780367e-01	4.466702e-01
TCGA-CG-5721-11A-01R-1602-13	2.969656e-02	1.446571e+00	4.023407e-01	4.640086e-03	0	7.753560e-02	0	5.824790e-01	2.531269e-02	0	6.553439e-01
TCGA-CG-5721-01A-11R-1602-13	1.931297e-01	1.710854e+00	8.265348e-01	4.628111e-01	0	0	0	0	1.605584e-01	0	2.014234e-01
TCGA-CG-5722-11A-02R-1602-13	0	2.460429e+00	4.119176e-01	1.752074e-02	0	1.202771e-01	0	4.115822e-01	0	0	8.450557e-01
TCGA-CG-5722-01A-21R-1602-13	9.837981e-02	1.682662e+00	7.953265e-01	2.048175e-01	0	5.055018e-02	0	9.308238e-02	1.338641e-01	0	8.197949e-01
TCGA-CG-5723-01A-11R-1602-13	3.416938e-01	1.475292e+00	4.779429e-01	4.627857e-01	0	1.077549e-01	0	0	0	2.634679e-01	1.163388e-01
TCGA-CG-5724-01A-11R-1602-13	5.219942e-01	8.285000e-01	2.005635e-01	7.199149e-01	0	0	2.746041e-01	0	2.087964e-01	0	0
TCGA-CG-5725-01A-11R-1602-13	3.747464e-01	1.315241e+00	2.634854e-02	3.138994e-01	0	3.534285e-01	1.662226e-01	0	8.510938e-01	0	1.591681e-01
TCGA-CG-5726-01A-11R-1602-13	0	2.521819e-01	6.672721e-02	2.427355e-01	3.292077e-01	0	0	4.192839e-02	1.354047e-01	0	5.757172e-01
TCGA-CG-5728-11A-01R-1602-13	2.094363e-02	1.709061e+00	7.894895e-01	0	1.564455e-01	1.155578e-01	0	5.369587e-01	1.009491e-02	0	6.345194e-01
TCGA-CG-5730-11A-01R-1602-13	0	2.090165e+00	2.791363e-01	3.346831e-02	1.957025e+00	8.442456e-02	0	1.344571e-01	9.764375e-02	0	3.373399e-01
TCGA-CG-5732-01A-11R-1602-13	1.444095e-02	1.170389e+00	4.945206e-01	1.089118e-01	7.151237e-01	3.030112e-02	6.125665e-01	2.416903e-01	1.831438e-01	2.776980e-01	8.101445e-01
TCGA-CG-5733-11A-01R-1602-13	0	1.625987e+00	5.898515e-01	2.672859e-02	1.196318e-01	9.346074e-02	0	5.403893e-01	6.407262e-02	0	7.352576e-01
TCGA-CG-5734-11A-01R-1602-13	0	1.828389e+00	1.928447e-01	1.125395e-01	1.627764e+00	3.794637e-02	1.450376e-04	3.439974e-01	1.389002e-01	0	4.166934e-01
TCGA-CG-5734-01A-11R-1602-13	1.646598e-02	1.296472e+00	5.045525e-01	1.563472e-01	9.226477e-01	2.417065e-02	0	2.946916e-01	1.542125e-01	5.748865e-01	3.225875e-01
TCGA-D7-5577-01A-01R-1602-13	2.401928e-01	7.001741e-01	4.367568e-01	3.698370e-01	0	0	0	0	7.369755e-02	0	1.393337e+00
TCGA-D7-5578-01A-01R-1602-13	0	1.742343e+00	4.509835e-01	4.115753e-01	1.137353e+00	0	2.733984e-01	1.165996e-01	3.144665e-01	1.746222e-01	4.410176e-01
TCGA-D7-6518-01A-11R-1802-13	0	3.425344e+00	4.466716e-01	4.248777e-01	7.157780e-01	2.192822e-01	0	0	3.636095e-02	5.218374e-01	3.017736e-01
TCGA-D7-6519-01A-11R-1802-13	3.456299e-01	1.267703e+00	1.123758e-01	5.263493e-01	0	2.385343e-01	0	4.925572e-02	1.499356e-01	0	3.233120e-01
TCGA-D7-6520-01A-11R-1802-13	0	2.016864e+00	7.784001e-02	6.580946e-01	2.784528e-01	1.694134e-02	7.040433e-01	0	1.556876e-01	0	1.171774e+00
TCGA-D7-6521-01A-11R-1802-13	0	2.184267e+00	3.520672e-01	6.380499e-01	2.789369e-01	1.589062e-01	1.389935e-01	3.375419e-01	0	0	1.328067e+00
TCGA-D7-6522-01A-11R-1802-13	0	2.932916e+00	8.839654e-01	6.118192e-01	1.125591e+00	3.862524e-02	0	0	9.539794e-02	9.814033e-02	3.507214e-01
TCGA-D7-6524-01A-11R-1802-13	7.565023e-02	2.227646e+00	3.071251e-01	5.112548e-01	3.361016e-01	0	0	0	1.635190e-01	4.504872e-01	6.989268e-01
TCGA-D7-6525-01A-11R-1802-13	3.845826e-01	1.303729e+00	9.039637e-02	7.244442e-01	0	1.462365e-02	2.827704e-01	0	1.056261e-01	0	4.434777e-01
TCGA-D7-6526-01A-11R-1802-13	7.456583e-02	1.200809e+00	8.329961e-02	2.330127e-01	6.188879e-01	0	7.207191e-01	6.590552e-03	2.171722e-01	3.333594e-01	5.082260e-01
TCGA-D7-6527-01A-11R-1802-13	0	1.360358e+00	2.513421e-01	3.781714e-01	2.248624e-01	2.155431e-02	4.911322e-01	9.018420e-02	2.897117e-01	2.781909e-01	9.179272e-01
TCGA-D7-6528-01A-11R-1802-13	0	5.703367e-01	1.970783e-02	2.879858e-01	7.535003e-01	3.029299e-02	0	0	7.390130e-01	4.417570e-01	2.261549e-01
TCGA-D7-6815-01A-11R-1884-13	0	1.486828e+00	1.369875e-01	5.058255e-01	1.139842e+00	7.840738e-02	3.528836e-01	0	2.750845e-01	1.305477e-01	6.040826e-01
TCGA-D7-6817-01A-11R-1884-13	2.000397e-03	1.421877e+00	4.256370e-01	2.172167e-01	5.809161e-01	9.076468e-02	3.378681e-01	8.052340e-02	1.816253e-01	0	7.572862e-01
TCGA-D7-6818-01A-11R-1884-13	0	2.514536e+00	4.119550e-01	5.474357e-01	6.792408e-01	5.511977e-01	0	0	2.358290e-02	5.059506e-01	4.368919e-01
TCGA-D7-6820-01A-11R-1884-13	0	3.536054e-01	1.616760e-01	1.561473e-01	1.784720e-02	5.689893e-03	5.749178e-01	1.263452e-01	3.108555e-01	5.616345e-01	8.536730e-01
TCGA-D7-6822-01A-11R-1884-13	1.342955e-01	1.189156e+00	2.706899e-01	3.092104e-01	0	1.283839e-01	1.345951e-01	0	1.217223e+00	1.397539e-01	1.863218e-01
TCGA-D7-8570-01A-11R-2343-13	0	1.692940e+00	6.329992e-01	5.113911e-01	0	0	0	1.083206e-01	2.518758e-01	0	1.543689e+00
TCGA-D7-8572-01A-11R-2343-13	0	2.390621e+00	4.345164e-01	4.566252e-01	7.188467e-01	1.359229e-02	1.317269e+00	0	5.567647e-02	3.033306e-01	1.865546e-01
TCGA-D7-8573-01A-11R-2343-13	1.492643e-01	2.618231e-01	1.624373e-01	8.425925e-02	0	0	0	4.778461e-02	7.206389e-01	0	1.177484e+00
TCGA-D7-8574-01A-13R-2343-13	0	3.106028e+00	8.925899e-01	4.116047e-01	9.388636e-01	4.554207e-02	0	0	1.713106e-01	0	5.168101e-01
TCGA-D7-8575-01A-11R-2343-13	1.713756e-01	1.433702e+00	4.537440e-01	2.663288e-01	0	4.679334e-02	1.965723e-01	7.065306e-02	0	7.946828e-02	8.417260e-01
TCGA-D7-8576-01A-11R-2343-13	0	1.362008e+00	2.032775e-01	2.996646e-01	3.440811e-01	0	4.916727e-01	0	0	0	1.188374e+00
TCGA-D7-8578-01A-21R-2343-13	0	2.603679e+00	1.962010e-01	5.999014e-01	7.159191e-01	2.488342e-02	6.234194e-01	2.161913e-01	1.889832e-01	0	6.016229e-01
TCGA-D7-8579-01A-11R-2343-13	0	3.194937e+00	4.287937e-01	2.527411e-01	8.061657e-01	0	9.910201e-02	6.943438e-02	6.261740e-02	1.835741e-01	5.668800e-01
TCGA-D7-A4YT-01A-11R-A251-31	0	1.311046e+00	1.698683e-01	3.417938e-01	2.509221e-01	3.274318e-01	0	0	7.177006e-01	1.896008e-01	4.589137e-01
TCGA-D7-A4YU-01A-21R-A251-31	0	2.341844e+00	7.910293e-01	1.447711e-01	1.754410e-01	0	0	0	1.588206e-01	0	4.724839e-01
TCGA-D7-A4YV-01A-11R-A251-31	0	2.239143e+00	6.316996e-01	1.945610e-01	2.163486e-01	2.742336e-02	0	0	6.535261e-02	0	2.217116e-01
TCGA-D7-A4YX-01A-11R-A251-31	3.743463e-02	3.654392e-01	2.800301e-01	1.835101e-01	0	0	0	0	1.299204e-01	0	1.248992e+00
TCGA-D7-A4YY-01A-11R-A251-31	0	1.273483e+00	2.912314e-01	6.673101e-01	2.745087e-01	0	0	0	1.162426e-01	0	5.466341e-01
TCGA-D7-A4Z0-01A-22R-A251-31	1.020332e-01	2.313432e+00	4.677208e-01	1.007154e-01	7.744972e-01	0	0	1.209591e-03	9.188383e-02	2.672885e-01	3.205920e-01
TCGA-D7-A6EV-01A-11R-A31P-31	0	4.134479e-01	0	3.098560e-01	2.576182e-01	0	4.195865e-01	0	0	4.984777e-02	6.307865e-01
TCGA-D7-A6EX-01A-11R-A31P-31	0	2.457403e+00	8.125557e-02	2.329645e-01	1.253173e-01	5.024403e-01	0	0	5.772183e-01	0	0
TCGA-D7-A6EY-01A-21R-A31P-31	1.843555e-01	1.817248e+00	7.542175e-01	3.613694e-01	1.971756e-01	0	0	0	3.401034e-02	0	2.618335e-01
TCGA-D7-A6EZ-01A-11R-A31P-31	0	9.120238e-01	3.337354e-01	3.845385e-01	0	0	0	0	5.531258e-01	7.949705e-02	1.030561e+00
TCGA-D7-A6F0-01A-11R-A31P-31	4.417448e-02	1.334171e+00	3.255660e-01	3.380378e-01	4.083953e-01	3.601108e-03	2.221185e+00	0	2.178921e-01	0	4.021827e-01
TCGA-D7-A6F2-01A-12R-A31P-31	0	1.655583e+00	3.813322e-01	3.431010e-01	7.404951e-01	9.360143e-02	0	2.159561e-01	1.714286e-01	4.000345e-01	5.094528e-01
TCGA-D7-A747-01A-22R-A33Y-31	0	3.936934e+00	4.953369e-01	1.954920e-01	9.312952e-01	2.584890e-02	0	0	1.888498e-01	0	2.347820e-01
TCGA-D7-A748-01A-12R-A32D-31	2.909803e-01	2.115217e+00	2.837844e-01	7.460439e-01	2.955767e-01	0	0	0	0	5.946689e-01	6.847463e-01
TCGA-D7-A74A-01A-11R-A32D-31	2.751440e-01	3.593447e-01	6.730277e-02	1.445046e-01	3.731038e-01	1.178004e-01	0	0	2.780942e-01	0	6.495517e-01
TCGA-EQ-8122-01A-11R-2343-13	0	2.041333e+00	7.489460e-02	3.323564e-01	5.319650e-01	2.110608e-03	6.238973e-01	0	3.100747e-01	3.752424e-01	4.466502e-01
TCGA-EQ-A4SO-01A-11R-A251-31	7.493298e-03	3.992516e-01	0	9.036029e-02	3.247344e-01	9.110228e-02	2.051798e-01	0	3.034297e-01	6.946163e-02	4.656563e-01
TCGA-F1-6177-01A-11R-1802-13	0	2.907126e-01	1.005022e-01	4.038439e-01	8.689896e-01	0	0	0	1.255974e-01	2.071251e-01	1.676078e-01
TCGA-F1-6874-01A-11R-1884-13	0	1.270670e+00	2.529473e-01	3.591563e-01	7.094652e-01	6.758942e-02	0	0	0	6.827002e-01	1.014078e+00
TCGA-F1-6875-01A-11R-2055-13	0	9.270796e-01	0	3.540373e-01	0	2.968908e-01	0	0	1.401225e+00	0	0
TCGA-F1-A448-01A-11R-A24K-31	6.334107e-02	1.816257e+00	4.240839e-01	3.572816e-01	5.148756e-01	2.475831e-02	0	0	6.744149e-02	8.924369e-01	1.946736e-02
TCGA-F1-A72C-01A-21R-A33Y-31	0	1.503358e+00	2.069052e-01	5.457617e-01	4.919009e-01	1.147284e-02	3.227501e-01	2.972310e-01	2.220377e-02	9.763608e-02	7.814371e-01
TCGA-FP-7735-11A-01R-2055-13	0	4.899845e+00	1.330961e-02	2.739132e-02	0	4.929695e-02	0	1.400185e-01	0	0	0
TCGA-FP-7735-01A-11R-2055-13	0	1.573675e+00	4.171878e-01	3.222356e-01	3.739586e-01	0	6.391563e-01	3.202380e-02	6.126829e-01	1.489938e-01	1.110521e+00
TCGA-FP-7829-11A-01R-2055-13	1.201175e+00	4.257344e+00	4.380399e-02	2.171786e-01	0	4.401358e-03	0	0	0	5.790453e-02	0
TCGA-FP-7829-01A-11R-2055-13	6.731987e-02	1.046429e+00	7.331241e-02	5.433293e-01	6.431506e-01	6.440157e-02	0	0	2.342178e-01	4.398463e-01	2.458738e-01
TCGA-FP-7916-01A-11R-2203-13	0	2.300799e+00	6.424016e-01	3.490067e-01	2.832294e-01	0	0	2.009595e-02	1.196105e-01	0	1.444258e+00
TCGA-FP-7998-01A-11R-2203-13	0	2.600053e+00	8.618894e-01	3.021358e-01	0	0	0	0	1.416782e-01	0	1.285525e+00
TCGA-FP-8099-01A-11R-2343-13	1.267904e-01	1.225988e+00	2.405354e-01	6.420235e-01	3.249321e-01	8.368837e-02	1.928242e-01	0	1.119055e-01	6.284829e-02	7.893569e-01
TCGA-FP-8209-01A-11R-2343-13	0	4.373256e+00	7.480026e-01	1.974068e-01	5.336326e-03	2.133164e-02	0	0	1.116854e-01	0	6.745853e-01
TCGA-FP-8210-01A-11R-2343-13	6.912371e-02	3.378856e+00	7.489249e-01	3.623853e-01	2.896672e-01	2.557586e-02	0	1.734631e-02	1.874427e-01	0	5.655105e-01
TCGA-FP-8211-01A-11R-2343-13	1.970674e-01	7.417075e-01	2.141753e-01	3.458785e-01	0	0	0	2.393666e-01	3.753360e-01	0	7.374248e-01
TCGA-FP-8631-01A-11R-2402-13	1.062995e-01	1.205879e+00	0	5.854411e-01	3.782501e-02	0	7.667385e-01	8.850027e-02	8.704092e-02	0	8.723323e-01
TCGA-FP-A4BE-01A-12R-A24K-31	1.080811e-02	8.359861e-01	4.082778e-01	5.001437e-01	3.659429e-01	0	0	0	2.343372e-02	0	9.985044e-01
TCGA-FP-A4BF-01A-12R-A36D-31	7.962262e-02	2.002492e+00	5.220948e-01	6.522873e-01	4.907625e-01	4.334802e-02	2.057755e-01	0	0	1.329276e-01	2.893086e-01
TCGA-FP-A8CX-01A-11R-A36D-31	0	8.668697e-01	2.160231e-01	1.103774e-01	6.889994e-01	6.137602e-03	4.762068e-01	3.477309e-01	4.207677e-02	9.517271e-02	5.903613e-01
TCGA-FP-A9TM-01A-11R-A39E-31	5.576712e-02	1.237793e+00	6.866156e-01	0	6.770126e-01	5.869228e-02	2.397745e-01	1.645637e-01	0	7.317044e-02	3.656969e-01
TCGA-HF-7131-01A-11R-2055-13	1.082830e-02	1.030388e+00	1.709163e-01	8.592180e-02	7.318116e-01	0	4.039674e-01	1.507411e-01	0	4.908044e-01	6.654789e-01
TCGA-HF-7132-01A-11R-2055-13	0	1.869902e+00	5.691293e-01	3.590599e-01	5.385317e-01	1.322975e-02	0	3.652619e-01	1.238872e-01	4.665611e-02	2.417486e-01
TCGA-HF-7133-01A-11R-2055-13	0	1.411829e+00	4.503768e-01	3.766722e-01	0	1.427666e-01	1.496580e-01	2.917232e-01	3.677493e-02	2.881379e-01	4.139743e-01
TCGA-HF-7134-01A-11R-2055-13	0	8.863886e-01	2.258641e-01	1.043075e-01	6.941447e-01	0	0	0	3.352015e-01	7.217088e-01	4.634393e-01
TCGA-HF-7136-01A-11R-2055-13	4.414721e-02	1.706946e+00	1.054138e-01	4.091902e-01	5.811498e-01	1.510400e-01	1.571849e+00	0	2.224654e-01	1.279123e-01	2.531751e-01
TCGA-HF-A5NB-01A-11R-A31P-31	0	2.214750e-01	8.193096e-02	3.359678e-01	3.447260e-01	5.271846e-02	0	0	0	0	9.689851e-02
TCGA-HJ-7597-01A-21R-2203-13	6.029621e-02	1.168380e+00	4.381439e-01	2.728101e-01	5.515821e-02	4.789667e-02	1.259175e-01	1.615106e-01	0	0	3.931514e-01
TCGA-HU-8238-11A-01R-2343-13	0	1.450489e+00	7.890415e-02	0	1.981987e+00	3.683307e-02	0	2.073868e-01	1.163826e-01	0	5.884694e-01
TCGA-HU-8238-01A-11R-2343-13	1.275417e-01	1.239202e+00	3.863269e-01	1.124474e-01	8.955086e-01	4.151667e-02	4.886842e-02	0	1.694221e-01	3.742757e-01	3.206071e-01
TCGA-HU-8243-01A-11R-2343-13	0	1.032152e+00	4.772762e-02	2.110980e-01	3.596698e-01	0	1.382477e+00	1.088345e-01	0	1.830185e-01	8.571896e-01
TCGA-HU-8244-01A-11R-2343-13	2.103942e-01	0	0	0	9.837378e-01	0	0	0	1.930270e-01	2.085203e-01	4.609843e-01
TCGA-HU-8249-01A-11R-A36D-31	1.337273e-01	9.324477e-01	3.220023e-01	1.180964e-01	9.677274e-01	5.580791e-02	2.244906e-01	0	6.943408e-01	5.571011e-01	0
TCGA-HU-8602-01A-11R-2402-13	0	7.290150e-01	4.719622e-01	2.402352e-01	0	0	0	0	0	6.619461e-03	0
TCGA-HU-8604-01A-11R-2402-13	0	1.601202e+00	5.357393e-01	4.145191e-01	6.688137e-01	1.456674e-02	0	0	3.217765e-01	4.440136e-01	0
TCGA-HU-8608-01A-11R-2402-13	0	9.867917e-01	8.053947e-01	0	0	0	0	0	0	5.092112e-01	1.140748e+00
TCGA-HU-8610-01A-22R-2402-13	0	1.219516e+00	3.824239e-01	2.070111e-01	0	0	0	0	6.643886e-01	8.824487e-01	7.624832e-01
TCGA-HU-A4G2-01A-11R-A251-31	0	7.343437e-01	4.435620e-02	4.486298e-02	0	0	0	0	0	4.795200e-01	1.393344e+00
TCGA-HU-A4G3-11A-11R-A24K-31	0	5.058472e+00	0	0	0	8.641303e-02	0	0	0	0	0
TCGA-HU-A4G3-01A-11R-A24K-31	0	1.132934e+00	1.184284e-01	2.629926e-01	5.681602e-01	0	2.238123e-02	1.524115e-01	1.863815e-01	5.443317e-02	4.154526e-01
TCGA-HU-A4G6-01A-11R-A24K-31	0	0	0	0	0	0	0	0	8.590430e-01	5.149692e-02	1.381954e+00
TCGA-HU-A4G8-01A-11R-A251-31	0	8.904180e-01	5.485798e-01	2.187165e-01	5.523219e-02	0	0	1.068926e-01	6.970633e-02	0	1.661880e-01
TCGA-HU-A4G9-01A-11R-A24K-31	0	0	0	0	9.726067e-02	0	0	7.705688e-03	1.705340e-01	0	4.902331e-01
TCGA-HU-A4GC-11A-11R-A251-31	0	4.902262e+00	0	0	0	1.147662e-01	0	0	0	0	0
TCGA-HU-A4GC-01A-12R-A251-31	0	1.449189e+00	1.445459e-02	3.660904e-01	8.693409e-01	2.814574e-02	3.541094e-01	1.377382e-01	3.853100e-02	0	7.429861e-01
TCGA-HU-A4GD-01A-11R-A36D-31	1.207337e-01	9.449076e-01	1.494272e-01	1.760747e-02	1.147422e+00	0	1.231529e+00	9.655810e-03	3.299755e-01	2.390918e-01	1.330105e-01
TCGA-HU-A4GF-01A-11R-A24K-31	1.970220e-02	8.623472e-01	1.833497e-01	3.767134e-03	9.526043e-01	0	6.598046e-01	0	5.509322e-01	7.575776e-01	3.078957e-01
TCGA-HU-A4GH-11A-11R-A36D-31	0	4.773649e+00	0	6.100599e-02	7.062409e-01	5.297653e-03	0	6.065292e-02	8.207791e-03	1.388234e-01	7.112150e-02
TCGA-HU-A4GH-01A-11R-A24K-31	5.184175e-02	4.946346e-01	1.224603e-01	0	5.234233e-01	3.202535e-02	4.774289e-01	9.658399e-02	2.183774e-01	5.645560e-01	3.977405e-01
TCGA-HU-A4GJ-01A-11R-A251-31	0	2.180024e+00	9.909255e-01	1.340845e-03	2.150152e-01	7.664752e-02	9.705591e-02	3.643063e-01	1.270634e-02	0	4.651767e-01
TCGA-HU-A4GN-11A-12R-A251-31	0	4.088790e+00	0	0	9.904873e-01	0	0	8.499374e-02	0	0	2.583118e-01
TCGA-HU-A4GN-01A-11R-A251-31	5.202875e-02	3.331587e-01	2.744464e-01	4.062956e-01	0	0	0	0	1.322050e-01	0	7.481712e-02
TCGA-HU-A4GP-11A-21R-A251-31	0	4.943204e+00	3.612088e-02	0	0	1.212950e-01	0	1.537361e-02	0	5.655079e-02	0
TCGA-HU-A4GP-01A-11R-A251-31	0	1.014962e+00	2.106515e-01	2.814244e-02	5.386974e-01	0	1.601684e-01	0	0	7.789124e-02	4.720095e-01
TCGA-HU-A4GQ-01A-11R-A36D-31	1.160002e-01	2.124267e+00	9.386451e-02	4.630994e-01	3.627968e-01	0	0	0	0	0	3.269740e-01
TCGA-HU-A4GT-01A-21R-A251-31	0	4.798926e-01	5.636412e-02	3.409808e-01	1.218427e+00	0	0	0	1.379919e-01	3.591780e-01	4.291831e-02
TCGA-HU-A4GU-01A-11R-A251-31	0	3.663386e-01	0	4.188680e-01	6.162640e-01	0	0	0	6.483561e-01	4.437445e-01	1.024102e-01
TCGA-HU-A4GX-01A-12R-A251-31	0	9.901205e-01	4.043524e-01	1.608211e-01	4.819703e-01	1.647664e-02	0	2.718724e-01	0	0	6.024913e-01
TCGA-HU-A4GY-11A-11R-A36D-31	0	4.989192e+00	2.235935e-02	1.727052e-02	0	1.235275e-01	0	0	0	0	0
TCGA-HU-A4GY-01A-21R-A24K-31	0	2.933613e+00	9.615262e-01	3.170036e-01	3.909822e-01	8.987486e-02	0	0	7.374898e-02	0	3.460090e-01
TCGA-HU-A4H0-01A-11R-A251-31	0	4.374118e-01	4.825454e-01	0	0	0	0	0	4.011245e-01	0	1.290533e+00
TCGA-HU-A4H2-01A-11R-A251-31	0	9.817551e-01	3.386476e-01	3.492997e-01	0	0	2.378066e-01	1.248640e-01	7.358151e-02	0	6.113639e-01
TCGA-HU-A4H3-01A-21R-A251-31	2.840839e-02	8.862218e-01	3.880753e-02	5.202523e-01	3.159285e-01	0	1.105155e-01	9.192738e-02	3.873317e-02	0	2.069338e-01
TCGA-HU-A4H4-01A-21R-A251-31	0	8.592602e-01	5.328599e-01	1.925753e-01	3.600804e-01	0	0	0	1.169915e-01	3.930782e-01	6.332106e-01
TCGA-HU-A4H5-01A-21R-A251-31	1.475714e-01	7.037900e-01	2.181732e-01	2.538722e-01	0	1.299497e-02	5.123130e-03	0	1.303619e+00	8.653497e-02	3.543580e-01
TCGA-HU-A4H6-01A-11R-A251-31	5.645414e-02	1.315760e+00	4.732990e-01	7.757970e-02	1.406413e-01	0	2.771448e-01	1.661103e-01	3.510798e-01	2.309001e-01	3.546256e-01
TCGA-HU-A4H8-01A-11R-A251-31	0	5.986498e-01	2.329137e-01	8.848588e-02	3.514288e-01	0	0	3.622973e-02	1.477048e-01	0	4.796676e-01
TCGA-HU-A4HB-11A-11R-A251-31	0	4.897693e+00	0	0	1.265692e-01	4.242932e-02	0	2.072264e-02	0	8.617581e-02	0
TCGA-HU-A4HB-01A-12R-A251-31	0	1.780955e+00	7.221370e-01	5.761034e-02	1.163937e+00	0	5.924456e-01	1.786753e-01	5.000438e-02	2.990040e-02	4.845453e-01
TCGA-HU-A4HD-01A-11R-A251-31	0	1.434022e+00	1.027184e-01	3.631668e-01	7.204463e-01	5.337645e-02	1.208092e+00	0	1.176376e-01	7.032375e-02	5.180970e-01
TCGA-IN-7806-11A-01R-2055-13	2.467222e+00	1.670168e+00	1.823707e-01	0	0	0	0	0	0	0	1.165206e-01
TCGA-IN-7806-01A-11R-2055-13	6.350894e-01	1.676032e+00	2.462552e-01	2.282700e-01	8.768539e-01	1.159648e-01	0	0	3.492656e-01	0	5.537911e-01
TCGA-IN-7808-01A-11R-2203-13	0	2.079744e+00	1.045753e+00	2.231619e-02	3.230388e-01	2.373404e-01	0	0	1.577177e-01	0	1.846569e-01
TCGA-IN-8462-11A-01R-2343-13	2.361725e+00	1.460736e+00	3.099668e-01	0	0	0	0	0	0	0	2.591527e-01
TCGA-IN-8462-01A-11R-2343-13	1.280149e+00	1.890492e+00	2.836219e-01	3.038254e-01	7.013629e-02	0	2.895099e-01	8.096465e-02	0	7.071584e-02	4.339287e-01
TCGA-IN-8663-11A-01R-2402-13	2.545803e+00	1.208765e+00	2.203777e-02	0	0	0	0	0	0	0	1.719137e-01
TCGA-IN-8663-01A-11R-2402-13	9.016195e-01	1.085954e+00	0	4.364119e-01	0	0	0	0	3.008914e-01	0	0
TCGA-IN-A6RI-01A-11R-A32D-31	1.060238e-02	5.031159e-02	0	1.538216e-01	2.746908e-01	0	8.091969e-01	1.329873e-01	1.234873e-02	6.954025e-02	7.697308e-01
TCGA-IN-A6RJ-01A-21R-A33Y-31	2.141399e+00	6.732416e-01	3.616565e-01	4.092102e-02	0	0	0	0	3.261170e-02	0	2.993610e-01
TCGA-IN-A6RL-01A-11R-A32D-31	2.951395e-01	1.153267e+00	2.583435e-01	2.622301e-01	1.319090e-01	1.837034e-02	6.337401e-01	1.353760e-01	2.511715e-03	0	5.732015e-01
TCGA-IN-A6RN-01A-12R-A33Y-31	5.446471e-01	1.021490e+00	3.852565e-02	3.097889e-01	0	6.052318e-02	4.614465e-01	3.528564e-01	0	1.080919e-01	2.401466e-01
TCGA-IN-A6RO-01A-12R-A33Y-31	0	0	0	1.558343e-01	2.168948e-01	0	0	0	7.411816e-02	0	8.997933e-01
TCGA-IN-A6RR-01A-12R-A32D-31	1.728387e-01	8.118893e-01	1.941503e-02	2.036911e-01	4.756281e-02	4.234616e-02	2.915528e-01	1.219782e-01	9.951720e-03	5.888930e-02	8.959280e-01
TCGA-IN-A6RS-01A-12R-A354-31	4.763963e-01	5.379032e-01	1.364017e-01	1.124839e-01	9.096724e-01	0	1.084407e-01	0	2.944248e-01	1.093074e+00	1.127723e-01
TCGA-IN-A7NR-01A-11R-A354-31	1.106167e+00	1.431216e+00	3.643930e-01	2.515371e-01	1.751106e-02	5.551702e-02	3.410987e-01	3.378126e-01	8.366367e-02	0	4.374662e-01
TCGA-IN-A7NT-01A-21R-A354-31	1.083860e+00	1.140056e+00	8.340486e-02	5.148827e-01	0	9.615725e-02	1.879538e-01	0	9.772079e-02	9.351698e-02	0
TCGA-IN-A7NU-01A-22R-A354-31	5.908935e-01	1.420005e+00	3.102175e-01	5.570224e-01	0	0	2.762533e-01	5.015400e-02	4.792984e-02	9.333564e-02	3.743741e-01
TCGA-IN-AB1V-11A-11R-A414-31	2.081310e+00	2.420809e+00	3.153452e-01	0	0	0	0	0	0	0	2.111348e-01
TCGA-IN-AB1V-01A-21R-A414-31	1.565401e+00	1.437849e+00	4.367521e-01	0	1.952758e-01	1.631239e-02	1.202829e-01	1.970642e-02	6.553578e-03	7.028832e-02	4.104519e-01
TCGA-IN-AB1X-11A-21R-A39E-31	2.271313e+00	1.950612e+00	2.322599e-01	5.273528e-02	0	0	0	6.496632e-03	0	0	1.682139e-01
TCGA-IN-AB1X-01A-11R-A39E-31	9.716011e-01	9.447970e-01	6.893305e-01	8.707614e-02	0	6.148438e-02	3.632031e-02	1.596139e-01	0	1.936671e-01	5.779522e-01
TCGA-IP-7968-11A-01R-2203-13	1.799289e+00	1.938056e+00	3.773097e-01	2.180782e-01	0	0	0	0	4.634944e-02	3.399446e-01	2.260124e-01
TCGA-IP-7968-01A-11R-2203-13	6.879838e-02	1.735647e+00	2.867035e-01	4.399626e-01	4.620578e-01	4.530271e-02	6.876385e-01	0	2.851293e-01	1.900498e-01	3.608717e-01
TCGA-KB-A6F7-01A-12R-A32D-31	0	9.012877e-01	4.230091e-01	3.607524e-04	2.482264e-01	1.730927e-02	1.760414e+00	8.428939e-02	0	1.702190e-01	6.083712e-01
TCGA-KB-A93G-01A-11R-A39E-31	0	2.635706e+00	1.607107e-01	5.919517e-01	6.491919e-02	5.240379e-02	0	2.008660e-01	0	1.278641e+00	1.601251e-01
TCGA-KB-A93H-01A-11R-A39E-31	0	2.521313e-01	1.475010e-02	5.096118e-02	5.913065e-01	6.641315e-02	6.198915e-01	0	3.173035e-01	1.112199e-01	3.897900e-01
TCGA-KB-A93J-01A-11R-A39E-31	0	8.565006e-01	3.777953e-01	3.390569e-01	0	1.025603e-01	2.702425e-03	1.831664e-02	0	0	1.498093e+00
TCGA-MX-A5UG-01A-21R-A31P-31	7.844286e-02	3.122017e+00	7.201334e-01	3.389045e-01	7.855163e-01	0	0	6.243026e-03	1.412136e-01	4.096459e-01	3.925466e-01
TCGA-MX-A5UJ-01A-11R-A31P-31	0	2.338276e+00	3.056234e-01	3.802067e-01	7.094691e-01	0	1.136925e-01	1.035153e-01	1.853251e-01	0	1.599402e-01
TCGA-MX-A663-01A-11R-A31P-31	0	3.137915e+00	2.491659e-01	4.401902e-01	8.059648e-01	2.044850e-02	1.326709e+00	2.024517e-01	1.290069e-01	0	3.114746e-01
TCGA-MX-A666-01A-11R-A31P-31	2.500914e-02	1.624908e+00	5.596286e-01	1.946294e-02	8.020395e-01	0	1.631353e+00	1.837204e-01	2.533269e-01	1.526210e-02	4.190346e-02
TCGA-R5-A7O7-01A-11R-A33Y-31	6.325096e-02	1.050149e+00	1.047702e-01	3.494709e-01	7.536570e-02	0	6.052871e-01	8.113658e-02	2.686907e-01	3.984921e-01	5.803115e-01
TCGA-R5-A7ZE-01B-11R-A354-31	1.361676e+00	1.709853e-01	0	9.235024e-02	3.069407e-01	1.384395e-03	5.463814e-01	0	5.668548e-01	6.292360e-01	1.789576e-02
TCGA-R5-A7ZF-01A-11R-A354-31	4.920451e-01	2.746026e-01	0	1.977423e-01	2.819683e-01	9.124328e-02	1.279889e-01	0	7.149424e-01	4.351102e-02	0
TCGA-R5-A7ZI-01A-11R-A354-31	0	5.610391e-01	6.661749e-01	3.790836e-02	0	0	0	0	0	6.063653e-01	6.391865e-01
TCGA-R5-A7ZR-01A-11R-A354-31	0	3.596878e-01	1.104569e-01	1.833135e-02	6.853452e-01	2.151703e-02	1.155216e+00	0	0	1.689096e-01	1.251668e+00
TCGA-R5-A805-01A-11R-A36D-31	1.564232e-01	1.485967e+00	2.545104e-01	3.175209e-01	0	1.732329e-02	0	3.121957e-01	4.646868e-02	6.052596e-01	7.528770e-01
TCGA-RD-A7BS-01A-11R-A32D-31	1.042667e+00	1.722221e+00	4.686731e-01	3.629141e-01	1.003090e-01	1.886867e-02	7.000719e-02	2.029425e-01	1.096775e-02	4.208894e-01	2.853322e-01
TCGA-RD-A7BT-01A-11R-A33Y-31	1.585408e-02	4.198211e-01	1.945144e-02	1.057231e-01	8.828117e-01	2.986176e-02	7.428543e-01	3.026015e-01	3.936914e-01	3.118893e-01	2.136424e-01
TCGA-RD-A7BW-01A-11R-A32D-31	1.445111e-01	3.747078e+00	4.419385e-01	4.561810e-01	0	5.721456e-02	3.982830e-02	8.008217e-02	0	0	5.429005e-01
TCGA-RD-A7C1-01A-11R-A32D-31	0	1.070266e+00	3.968889e-01	3.638600e-01	1.650775e-01	0	3.254247e-01	0	7.501671e-02	1.297911e-01	8.194898e-01
TCGA-RD-A8MV-01A-11R-A36D-31	9.228785e-02	1.354658e+00	7.090368e-01	7.162601e-02	4.466384e-01	0	3.318009e-01	0	0	4.422508e-01	7.622088e-01
TCGA-RD-A8MW-01A-11R-A36D-31	2.538384e-02	2.027341e+00	3.748258e-01	5.642450e-01	8.567807e-03	1.311055e-02	6.946986e-01	0	1.902075e-01	3.203909e-01	7.815166e-01
TCGA-RD-A8N0-01A-12R-A36D-31	0	2.451101e+00	6.482813e-01	2.068002e-01	0	6.982524e-02	0	4.504269e-01	4.350633e-02	0	6.123379e-01
TCGA-RD-A8N1-01A-12R-A36D-31	0	2.027384e+00	7.393981e-01	4.071747e-01	1.186667e-02	1.879060e-03	5.696270e-02	2.231582e-01	2.037255e-01	0	8.271860e-01
TCGA-RD-A8N2-01A-12R-A36D-31	0	4.441773e+00	2.951941e-01	9.548881e-02	0	0	0	0	0	0	5.287360e-01
TCGA-RD-A8N4-01A-21R-A36D-31	4.911542e-02	4.285875e+00	4.750003e-01	1.482912e-02	0	1.290683e-01	0	2.501860e-03	0	0	1.932657e-01
TCGA-RD-A8N5-01A-12R-A36D-31	0	2.088194e+00	1.279522e-01	5.066731e-01	3.591308e-01	3.369124e-02	0	0	0	1.240575e+00	1.345765e-01
TCGA-RD-A8N6-01A-11R-A36D-31	0	2.705151e+00	1.500714e-01	2.736528e-01	8.043324e-01	1.613256e-01	1.199743e+00	0	1.959350e-01	0	3.584081e-01
TCGA-RD-A8N9-01A-12R-A39E-31	0	2.766912e+00	5.053293e-01	4.764180e-01	6.746945e-02	0	0	2.211648e-02	1.310688e-01	3.322241e-01	5.057934e-01
TCGA-RD-A8NB-01A-12R-A39E-31	0	2.342183e+00	5.900381e-01	3.243123e-01	1.324643e-01	0	0	0	7.968822e-02	0	2.232771e-01
TCGA-SW-A7EA-01A-12R-A354-31	2.966520e-01	5.455504e-01	1.112122e-01	5.969067e-01	0	0	0	0	0	0	9.147903e-03
TCGA-SW-A7EB-01A-11R-A354-31	8.542479e-03	1.653171e+00	2.923518e-01	1.568318e-01	9.741766e-01	9.108872e-03	1.413805e+00	3.587119e-01	1.231342e-01	0	2.693155e-01
TCGA-VQ-A8DT-01A-11R-A36D-31	1.617652e-01	5.189790e-01	6.674897e-02	1.106671e-01	6.233211e-01	0	1.377598e-01	0	2.098288e-01	9.372721e-02	5.523509e-01
TCGA-VQ-A8DU-01A-11R-A36D-31	0	1.655707e+00	1.814802e-01	3.739266e-01	3.231496e-01	0	1.073383e+00	3.061249e-01	5.125415e-01	8.178845e-02	1.378893e-02
TCGA-VQ-A8DV-01A-12R-A36D-31	0	1.163247e+00	0	1.521881e-01	5.125505e-01	9.015453e-02	2.169548e+00	0	5.291323e-01	0	4.003436e-01
TCGA-VQ-A8DZ-01A-11R-A36D-31	1.958043e-01	1.128943e+00	1.390210e-01	3.060516e-01	6.757555e-01	0	1.383069e+00	0	2.307168e-01	1.752274e-01	4.070321e-01
TCGA-VQ-A8E0-01A-11R-A414-31	0	6.637667e-01	1.363309e-01	1.184811e-01	1.712828e-01	1.196968e-01	6.783412e-01	8.389374e-02	0	5.033816e-01	1.114457e+00
TCGA-VQ-A8E2-01A-11R-A36D-31	0	2.340000e+00	2.312243e-01	4.656201e-01	5.946658e-01	2.168851e-01	1.283763e+00	2.808829e-02	5.318877e-01	0	7.314921e-02
TCGA-VQ-A8E3-01A-11R-A39E-31	1.036229e-01	7.794880e-01	5.571556e-01	2.728888e-01	2.405841e-01	2.011352e-02	0	0	1.359583e-01	8.810386e-02	2.162438e-01
TCGA-VQ-A8E7-01B-11R-A414-31	5.509975e-01	1.241491e+00	6.366787e-02	3.631781e-01	8.621123e-01	9.324384e-03	2.565416e-01	3.954818e-02	4.756596e-01	3.723346e-01	2.864329e-01
TCGA-VQ-A8P2-01A-11R-A36D-31	9.337866e-02	2.951807e-01	0	3.731290e-01	6.842193e-01	0	0	0	4.077553e-01	0	0
TCGA-VQ-A8P3-01A-11R-A36D-31	1.079317e-01	1.428510e+00	1.281447e-01	5.977140e-01	0	0	0	0	4.436904e-01	0	6.910562e-02
TCGA-VQ-A8P5-01A-11R-A39E-31	8.712349e-02	1.127976e+00	1.451869e-01	5.357535e-01	0	5.359289e-02	2.807440e-01	0	2.605607e-01	2.355379e-01	8.106786e-01
TCGA-VQ-A8P8-01A-11R-A39E-31	7.674965e-02	2.024601e+00	5.218023e-01	1.422013e-01	5.486063e-01	0	4.443842e-02	8.131210e-02	1.593725e-01	2.606885e-01	3.559763e-01
TCGA-VQ-A8PB-01A-11R-A39E-31	1.003023e-02	8.684918e-01	1.402541e-02	5.590734e-01	3.066202e-01	0	0	0	5.645252e-02	0	0
TCGA-VQ-A8PC-01A-11R-A39E-31	8.295885e-02	1.784971e+00	5.177149e-01	2.142807e-01	6.588349e-01	8.273218e-02	1.059151e-01	1.511329e-01	1.848008e-01	2.248219e-01	4.637183e-01
TCGA-VQ-A8PD-01A-11R-A414-31	4.989017e-02	2.127957e+00	6.787818e-01	1.410801e-01	3.573873e-01	0	0	6.016868e-02	1.871290e-01	2.467533e-01	7.379634e-01
TCGA-VQ-A8PE-01A-11R-A414-31	0	1.306272e+00	4.252435e-01	2.036530e-01	7.574999e-01	0	1.618621e+00	1.089539e-01	1.257141e-01	1.176134e-01	2.222969e-01
TCGA-VQ-A8PF-01A-11R-A414-31	0	1.695008e+00	7.316274e-01	2.547847e-01	2.139748e-02	0	0	0	1.923180e-02	1.334901e-01	1.820998e+00
TCGA-VQ-A8PH-01A-12R-A414-31	0	9.549459e-01	2.799574e-01	6.112021e-02	7.145235e-01	0	1.604798e+00	1.342185e-01	3.263916e-01	1.612734e-01	2.510250e-01
TCGA-VQ-A8PJ-01A-11R-A414-31	1.052577e-01	6.939917e-01	1.827830e-02	1.573413e-01	4.252683e-01	1.329952e-02	1.193726e+00	0	1.800936e-01	1.817104e-01	7.160967e-01
TCGA-VQ-A8PK-01A-12R-A414-31	9.939670e-02	9.831592e-01	3.845675e-02	4.831696e-01	0	4.255364e-02	5.503013e-01	2.858134e-01	5.995619e-02	3.715946e-01	8.152518e-01
TCGA-VQ-A8PM-01A-21R-A414-31	0	1.985529e+00	4.677103e-01	1.724274e-01	5.755914e-01	8.532602e-02	6.212242e-01	2.183950e-01	0	2.727771e-01	8.766432e-01
TCGA-VQ-A8PO-01A-11R-A414-31	2.504228e-02	1.094657e+00	5.818789e-01	4.467754e-01	9.078769e-01	0	0	0	0	1.615780e-01	0
TCGA-VQ-A8PP-01A-21R-A414-31	3.181289e-01	1.427781e+00	3.726461e-01	6.152899e-01	0	0	0	1.092116e-01	2.841394e-01	0	0
TCGA-VQ-A8PQ-01A-11R-A414-31	0	2.553863e+00	9.709279e-01	2.310176e-01	4.418165e-01	9.521037e-02	0	0	2.922043e-02	0	9.818141e-01
TCGA-VQ-A8PU-01A-12R-A414-31	0	3.720576e-01	0	0	1.121924e-01	8.754632e-03	1.962487e-02	0	1.528300e-01	5.586716e-01	8.920083e-01
TCGA-VQ-A8PX-01A-12R-A414-31	0	4.439837e-01	3.225111e-01	0	2.255563e-01	2.089176e-01	0	1.179074e-01	1.111619e-01	2.759748e-01	9.904484e-01
TCGA-VQ-A91A-01A-11R-A414-31	0	1.932962e+00	1.289437e-01	5.416139e-01	1.724058e-01	5.970538e-02	0	0	0	1.146779e+00	1.585040e-02
TCGA-VQ-A91D-01A-11R-A414-31	0	8.148680e-01	1.698576e-01	6.437471e-01	0	0	0	0	8.935789e-02	0	2.287921e-01
TCGA-VQ-A91E-01A-31R-A414-31	0	5.199929e-01	4.492886e-01	3.139260e-03	1.586153e-01	1.738761e-02	4.684778e-02	2.020395e-01	1.752932e-01	0	4.517856e-01
TCGA-VQ-A91K-01A-11R-A414-31	0	1.622076e+00	2.554686e-01	4.455688e-01	4.067443e-01	0	0	0	0	0	8.218750e-01
TCGA-VQ-A91N-01A-11R-A414-31	2.075439e-02	9.720121e-01	2.571888e-01	0	5.917660e-01	1.719490e-01	2.003179e-01	8.205259e-03	1.842089e-01	2.110400e-01	1.262216e-01
TCGA-VQ-A91Q-01A-12R-A414-31	8.802935e-02	1.624624e+00	1.709996e-01	5.325597e-01	0	1.200181e-01	1.831937e-01	0	1.826275e-01	3.765017e-01	5.113208e-01
TCGA-VQ-A91S-01A-11R-A414-31	0	1.195593e+00	3.213109e-01	1.402765e-01	8.409492e-01	0	4.863988e-01	0	1.721482e-01	2.333784e-01	2.181700e-01
TCGA-VQ-A91U-01A-11R-A414-31	0	1.109859e+00	3.817666e-01	1.707959e-01	7.725911e-01	3.648724e-02	1.108237e-01	2.438440e-01	1.862618e-01	2.094880e-01	1.383819e-01
TCGA-VQ-A91V-01A-11R-A414-31	3.208558e-01	4.907771e-01	1.087417e-01	1.377455e-01	2.424275e-01	1.168771e-01	6.083784e-02	0	7.371180e-02	2.740703e-02	3.752652e-01
TCGA-VQ-A91W-01A-11R-A414-31	0	7.518765e-01	3.407600e-01	0	0	0	0	6.426299e-02	8.662573e-01	5.943345e-01	1.140699e+00
TCGA-VQ-A91X-01A-12R-A414-31	1.352689e-02	0	0	0	9.716057e-01	0	3.504453e-01	1.701207e-01	5.987580e-01	3.236952e-01	2.175304e-02
TCGA-VQ-A91Y-01A-11R-A414-31	5.199009e-02	2.984890e+00	5.165161e-01	4.084845e-01	0	0	2.781282e-01	0	1.957153e-01	0	8.940808e-01
TCGA-VQ-A91Z-01A-11R-A414-31	3.354549e-01	4.935635e-01	0	2.780566e-01	0	1.824929e-01	3.149785e-01	0	1.192771e+00	0	0
TCGA-VQ-A922-01A-11R-A414-31	4.877242e-02	2.110938e+00	2.900235e-01	4.223281e-01	4.393778e-01	2.025777e-01	9.880006e-01	0	2.170465e-01	3.017994e-01	1.944624e-01
TCGA-VQ-A923-01A-11R-A414-31	0	1.597648e+00	7.027672e-01	7.287521e-02	1.367428e-02	0	0	0	1.614800e-01	0	1.763599e+00
TCGA-VQ-A924-01A-11R-A414-31	1.139501e-02	1.294550e+00	3.257076e-01	4.772371e-01	3.468474e-01	0	0	0	5.321933e-02	0	7.011529e-03
TCGA-VQ-A925-01A-11R-A414-31	1.888982e-01	1.269110e+00	2.395150e-01	1.824753e-01	3.061941e-01	6.741726e-02	3.599233e-01	2.969658e-02	1.234095e-01	0	4.117839e-01
TCGA-VQ-A927-01A-12R-A414-31	5.450311e-02	1.708739e+00	2.732145e-01	4.991494e-02	8.548096e-01	3.024295e-02	0	9.972757e-02	1.539752e-01	3.086424e-01	4.837159e-01
TCGA-VQ-A928-01A-11R-A414-31	0	1.842418e+00	2.079576e-01	5.902283e-01	0	1.041148e-01	1.835822e-01	0	4.340558e-01	1.090749e-01	5.688079e-01
TCGA-VQ-A92D-01A-11R-A414-31	2.817689e-02	9.011618e-01	0	3.627394e-01	5.740780e-01	1.670426e-02	1.397873e-01	0	1.781033e-01	1.269088e-01	5.980673e-01
TCGA-VQ-A94O-01A-11R-A414-31	0	1.176178e+00	2.748497e-01	1.250060e-01	8.379729e-01	0	1.895939e+00	0	4.433042e-01	2.921363e-01	2.186238e-01
TCGA-VQ-A94P-01A-13R-A414-31	0	4.311063e+00	3.892555e-01	1.534605e-01	1.286272e-01	0	0	0	1.238553e-02	2.804131e-01	1.553042e-01
TCGA-VQ-A94R-01A-11R-A414-31	0	2.118956e+00	3.650154e-01	4.297233e-01	4.539669e-01	1.260130e-01	1.697844e-01	0	2.468384e-02	0	8.048252e-01
TCGA-VQ-A94T-01A-11R-A414-31	2.683613e-01	5.792343e-01	0	2.386628e-01	0	1.335908e-01	0	0	2.468540e-01	3.225878e-01	1.182737e-01
TCGA-VQ-A94U-01A-12R-A414-31	0	2.315750e+00	2.937074e-01	3.637025e-01	2.622305e-01	1.699750e-01	0	0	3.394778e-01	0	4.108190e-01
TCGA-VQ-AA64-01A-11R-A414-31	2.807472e-02	1.822020e+00	1.522905e-01	6.940923e-01	0	9.930947e-02	4.226412e-01	1.597895e-01	3.424437e-01	0	3.735871e-01
TCGA-VQ-AA68-01A-11R-A414-31	2.975536e-01	7.321817e-01	3.308432e-01	1.946020e-01	0	0	0	1.653658e-01	2.168172e-01	0	4.965044e-01
TCGA-VQ-AA69-01A-11R-A414-31	1.736068e-01	3.835660e-01	1.911787e-01	6.137909e-02	0	0	0	0	1.112359e+00	0	3.845370e-01
TCGA-VQ-AA6A-01A-11R-A414-31	0	7.524148e-01	0	2.488459e-01	0	3.851447e-02	5.760508e-01	2.398852e-01	9.300646e-02	0	1.124984e+00
TCGA-VQ-AA6B-01A-11R-A414-31	0	1.033395e+00	3.339275e-03	2.648007e-01	1.314362e+00	8.268088e-02	1.934689e-01	0	4.466499e-01	4.038638e-01	7.305530e-02
TCGA-VQ-AA6D-01A-11R-A414-31	5.239765e-02	5.757522e-01	7.145692e-03	2.146670e-01	1.528816e-01	1.001418e-01	7.989258e-01	0	2.416854e-01	4.526045e-01	4.897508e-01
TCGA-VQ-AA6F-01A-31R-A414-31	0	1.141722e+00	4.516974e-01	5.244067e-02	2.182587e-01	8.300878e-02	1.356498e-01	7.802638e-02	0	3.580417e-01	1.282564e+00
TCGA-VQ-AA6G-01A-11R-A414-31	1.155641e-01	6.504126e-01	4.835993e-02	1.179075e-01	5.775377e-01	0	9.909421e-02	7.301280e-02	0	6.136352e-01	4.258178e-01
TCGA-VQ-AA6I-01A-11R-A414-31	0	9.452848e-01	2.480786e-01	2.496720e-01	0	0	0	3.697443e-01	8.054990e-02	0	5.532732e-01
TCGA-VQ-AA6J-01A-11R-A414-31	0	1.363177e+00	5.412638e-01	2.615827e-01	4.758777e-01	1.288702e-02	4.174990e-01	1.409042e-01	1.175215e-01	3.387829e-01	8.283630e-01
TCGA-VQ-AA6K-01A-11R-A414-31	1.662938e-01	1.496502e+00	2.958641e-01	3.576043e-01	8.645376e-02	1.137569e-01	0	0	2.301048e-01	3.238592e-01	8.751442e-01
TCGA-ZA-A8F6-01A-23R-A36D-31	0	3.149057e+00	3.017893e-01	3.149264e-01	1.183802e+00	0	0	0	1.759783e-02	7.753409e-02	6.635496e-01
TCGA-ZQ-A9CR-01A-11R-A39E-31	0	1.821676e+00	6.842287e-02	4.711114e-01	2.598196e-01	0	5.289832e-01	0	3.596441e-02	7.507989e-01	5.393803e-01
