sampleID	D15.10_VALK-AML-CLUSTER-5	D14.4_KORKOLA-EMBRYONAL-CARCINOMA	D14.11_WEBER-METHYLATED-LCP-IN-FIBROBLAST-UP	D8.7_KORKOLA-YOLK-SAC-TUMOR	D16.16_CORNIFIED-ENVELOPE	D9.1_GNF2-GLTSCR2	D15.2_MIPS-UTX-MLL2-3-COMPLEX	D15.8_FU-INTERACT-WITH-ALKBH8	D8.3_NIKOLSKY-BREAST-CANCER-7P15-AMPLICON	D15.12_SUGAR-TRANSMEMBRANE-TRANSPORTER-ACTIVITY	D10.4_IONOTROPIC-GLUTAMATE-RECEPTOR-ACTIVITY	D18.6_MOSERLE-IFNA-RESPONSE
TCGA-2G-AAEW-01A-11R-A430-07	7.912605e-01	0	1.446543e-01	0	0	1.929696e+00	2.540892e+00	1.395774e+00	2.276808e-01	0	6.455322e-01	9.276502e-01
TCGA-2G-AAEX-01A-11R-A430-07	2.289771e-01	5.271498e-01	4.398389e-01	9.691407e-02	0	4.052395e+00	2.300421e+00	0	2.110840e-01	0	7.591807e-01	1.397620e+00
TCGA-2G-AAF1-01A-11R-A430-07	6.051131e-01	0	1.925917e-01	0	0	2.078300e+00	2.565582e+00	1.361163e+00	1.741943e-01	0	6.314216e-01	1.192677e+00
TCGA-2G-AAF4-01A-11R-A430-07	4.098694e-01	0	2.738790e-01	0	0	4.329076e+00	2.583292e+00	6.443261e-02	0	0	5.889019e-01	1.389013e+00
TCGA-2G-AAF6-01A-11R-A430-07	9.864404e-01	1.541973e-01	1.829514e-01	1.114389e-01	0	3.913415e+00	2.442445e+00	1.451485e-01	0	0	3.231891e-01	1.683251e-01
TCGA-2G-AAF8-01A-11R-A430-07	4.928572e-01	5.833076e-01	3.820080e-01	1.920203e-01	0	3.344262e+00	2.346431e+00	0	4.919049e-01	0	1.105330e+00	9.163029e-01
TCGA-2G-AAFE-01A-11R-A430-07	8.211514e-01	0	5.004114e-01	4.139161e-02	0	2.846758e+00	2.260610e+00	1.081099e+00	0	0	2.008463e-01	2.900516e-01
TCGA-2G-AAFG-05A-11R-A430-07	9.080728e-01	4.140022e-01	5.441736e-01	0	0	3.245547e+00	2.217720e+00	0	6.697449e-02	0	5.173424e-01	7.278859e-01
TCGA-2G-AAFG-01A-11R-A430-07	9.881726e-01	4.379877e-01	3.350695e-01	0	0	3.600922e+00	2.428617e+00	0	0	0	3.594296e-01	4.109861e-01
TCGA-2G-AAFH-01A-12R-A430-07	7.167738e-01	3.180656e-01	1.998179e-01	1.621557e-01	0	4.016481e+00	2.465827e+00	0	2.634153e-01	0	8.921819e-01	7.689943e-01
TCGA-2G-AAFI-01A-21R-A430-07	2.631268e-01	1.730059e+00	0	1.368524e+00	0	1.441173e-01	2.331483e+00	0	1.376677e+00	0	1.110748e+00	6.561102e-01
TCGA-2G-AAFJ-01A-11R-A430-07	5.288284e-02	0	0	1.501648e+00	2.439713e-01	2.568108e-01	2.351617e+00	0	5.172860e+00	4.353257e-01	3.162970e+00	0
TCGA-2G-AAFL-01A-21R-A430-07	5.266330e-01	1.446854e+00	1.241900e+00	3.349094e-01	0	1.149086e+00	1.743834e+00	0	4.280152e-01	0	6.213908e-01	5.844016e-01
TCGA-2G-AAFM-01A-11R-A430-07	5.853063e-01	1.885390e+00	8.381580e-01	2.008203e-01	0	1.112830e+00	1.424095e+00	0	5.653471e-01	0	7.802998e-01	7.980875e-01
TCGA-2G-AAFN-01A-31R-A430-07	3.468020e-01	2.127840e+00	2.937835e-01	9.434620e-01	0	5.955098e-01	1.637740e+00	0	1.098792e+00	0	1.177206e+00	6.695924e-01
TCGA-2G-AAFO-01A-31R-A430-07	4.561092e-01	1.464179e+00	1.208103e+00	3.179638e-01	3.436519e-02	1.139831e+00	1.703762e+00	0	4.234466e-01	0	6.888959e-01	7.792520e-01
TCGA-2G-AAFV-01A-11R-A430-07	4.757227e-01	0	5.103475e-01	3.418401e+00	0	8.444490e-01	2.261315e+00	0	1.377960e+00	5.816515e-02	1.288451e+00	2.397645e-01
TCGA-2G-AAFY-01A-11R-A430-07	6.500065e-01	1.719686e+00	4.148337e-01	1.222072e-01	0	4.564349e-01	2.242704e+00	0	1.038147e+00	0	1.291232e+00	7.096224e-01
TCGA-2G-AAFZ-01A-11R-A430-07	2.358336e-01	5.504505e-01	0	2.134399e+00	8.322698e-03	1.217845e-01	2.223341e+00	0	3.359727e+00	5.073691e-01	2.283995e+00	0
TCGA-2G-AAG0-01A-11R-A430-07	5.438945e-01	2.009864e+00	2.742965e-01	3.932589e-01	0	3.137102e-01	2.306700e+00	0	8.826159e-01	0	1.319982e+00	6.275122e-01
TCGA-2G-AAG3-01A-11R-A430-07	4.079519e-01	2.240216e-02	3.289492e-01	8.618183e-02	3.270536e-01	1.154024e+00	2.348333e+00	4.735665e-01	2.769162e+00	0	2.184470e+00	5.264027e-01
TCGA-2G-AAG5-01A-11R-A430-07	3.662848e-01	0	1.193862e-01	9.934785e-01	1.587117e-01	1.538488e-01	2.108292e+00	0	4.964648e+00	8.119907e-01	2.340488e+00	0
TCGA-2G-AAG6-01A-11R-A430-07	2.602778e-01	0	1.055172e-01	7.879622e-01	4.835160e-01	2.082189e-01	2.316932e+00	0	4.923146e+00	3.911683e-01	2.615335e+00	0
TCGA-2G-AAG7-01A-11R-A430-07	3.199055e-01	1.972860e+00	0	6.078794e-01	0	1.959873e-01	2.392874e+00	0	2.208986e+00	0	2.295344e+00	0
TCGA-2G-AAG8-01A-31R-A430-07	4.987537e-01	1.741765e+00	1.032920e+00	3.337766e-01	0	1.157676e+00	2.026375e+00	0	1.876981e-01	0	5.082343e-01	4.591457e-01
TCGA-2G-AAG9-01A-11R-A430-07	1.036594e+00	6.772247e-02	2.051724e-01	2.499002e-01	0	2.735108e+00	2.343051e+00	7.813579e-01	2.297439e-01	0	5.778978e-01	4.068068e-01
TCGA-2G-AAGA-01A-11R-A430-07	3.302061e-01	1.950594e+00	8.996457e-01	2.624580e-01	0	7.594399e-01	2.188047e+00	0	6.593863e-01	0	9.665766e-01	0
TCGA-2G-AAGC-01A-21R-A430-07	2.909537e-01	1.616814e+00	0	9.122286e-01	0	8.384618e-02	2.388793e+00	0	1.954860e+00	0	1.718649e+00	6.807960e-01
TCGA-2G-AAGE-01A-21R-A430-07	3.025640e-01	1.921114e+00	1.519500e-01	6.503800e-01	0	2.732358e-01	2.393635e+00	0	1.530312e+00	0	1.579975e+00	4.561895e-01
TCGA-2G-AAGF-01A-31R-A430-07	2.785535e-01	1.808295e+00	2.984155e-01	8.316157e-01	1.546226e-02	5.556071e-02	1.809532e+00	0	2.063339e+00	0	1.752002e+00	3.111528e-01
TCGA-2G-AAGG-01A-11R-A430-07	4.295782e-01	5.130332e-01	1.472383e-01	1.784485e+00	0	2.005013e-01	1.828157e+00	0	3.152400e+00	1.028601e+00	1.536007e+00	3.904949e-01
TCGA-2G-AAGI-05A-11R-A430-07	3.303671e-01	0	5.763498e-01	0	0	3.448531e+00	2.422172e+00	5.319348e-01	3.697947e-02	0	6.399603e-01	1.369915e+00
TCGA-2G-AAGI-01A-11R-A430-07	3.106536e-01	8.920099e-01	0	1.411983e+00	0	0	2.205230e+00	0	3.048864e+00	5.113796e-01	1.986020e+00	4.159261e-01
TCGA-2G-AAGJ-01A-11R-A430-07	6.863178e-01	1.878362e+00	1.850433e-01	6.444517e-01	0	7.865277e-01	2.400890e+00	0	7.129515e-01	0	1.018055e+00	4.120202e-01
TCGA-2G-AAGK-01A-11R-A430-07	4.942122e-01	1.599639e+00	0	1.800192e+00	0	3.657021e-01	2.263345e+00	0	8.685162e-01	1.322583e-01	7.286260e-01	7.387279e-01
TCGA-2G-AAGM-01A-11R-A430-07	2.603233e-01	3.951379e-01	0	2.403820e+00	0	1.321860e-01	2.245495e+00	0	3.129276e+00	1.203414e-01	2.918421e+00	0
TCGA-2G-AAGN-01A-11R-A430-07	5.271897e-01	2.105112e+00	3.474683e-01	3.508657e-01	0	1.101906e+00	2.347710e+00	0	3.157522e-01	0	5.696103e-01	3.439770e-01
TCGA-2G-AAGO-01A-11R-A430-07	2.880623e-01	2.036513e+00	5.085362e-01	4.351948e-01	0	7.370729e-01	2.528424e+00	0	4.006635e-01	0	9.200237e-01	3.740052e-01
TCGA-2G-AAGP-01A-11R-A430-07	5.503027e-01	8.361718e-01	2.394826e-01	1.024611e+00	0	0	2.141840e+00	0	2.895610e+00	5.841383e-01	1.823179e+00	3.734972e-01
TCGA-2G-AAGS-01A-11R-A430-07	2.612449e-01	1.398142e+00	0	1.416233e+00	0	0	2.354683e+00	0	2.929352e+00	0	2.980360e+00	0
TCGA-2G-AAGT-01A-11R-A430-07	6.317458e-01	0	0	4.336208e+00	0	1.051704e+00	2.064265e+00	0	9.379867e-01	1.678473e-01	2.158145e-01	3.203197e-01
TCGA-2G-AAGV-01A-11R-A430-07	2.123012e-04	0	6.175848e-02	8.130907e-02	1.253116e+00	9.469631e-01	2.230411e+00	0	5.440366e+00	0	2.077194e+00	0
TCGA-2G-AAGW-01A-11R-A430-07	1.780956e-01	2.272595e+00	0	5.560945e-01	0	1.099120e+00	2.239806e+00	0	1.412413e+00	0	1.304688e+00	0
TCGA-2G-AAGX-01A-11R-A430-07	1.154298e-02	4.092697e-01	6.363604e-02	8.282331e-01	3.847836e-01	0	2.326810e+00	0	4.604795e+00	8.581010e-02	3.166537e+00	0
TCGA-2G-AAGY-05A-11R-A430-07	3.751916e-01	0	3.500606e-01	0	0	3.474897e+00	2.566189e+00	9.702254e-01	0	0	4.061149e-02	2.007084e-01
TCGA-2G-AAGY-01A-11R-A430-07	2.001857e-01	0	1.990388e-02	1.140984e+00	0	4.069803e-01	2.328732e+00	0	4.895685e+00	2.116761e-01	4.325747e+00	1.797672e-02
TCGA-2G-AAGZ-01A-11R-A430-07	6.100077e-01	1.455563e+00	9.170900e-01	2.945445e-01	1.459960e-02	8.947708e-01	2.008159e+00	0	7.830735e-01	0	9.194346e-01	6.334206e-01
TCGA-2G-AAH0-01A-11R-A430-07	6.641678e-01	3.042165e-01	2.956322e-01	7.078144e-02	0	3.573218e+00	2.318758e+00	2.996097e-01	1.915221e-01	0	7.250525e-01	7.717459e-01
TCGA-2G-AAH2-01A-11R-A430-07	9.790882e-02	5.404202e-01	0	8.952776e-01	0	6.680234e-01	2.129865e+00	0	3.377615e+00	8.437847e-02	2.567656e+00	9.903561e-01
TCGA-2G-AAH3-01A-11R-A430-07	7.482669e-01	0	4.559765e-01	1.468427e-01	0	2.021973e+00	2.539432e+00	1.106150e+00	5.655868e-01	0	7.747055e-01	1.915745e-02
TCGA-2G-AAH4-01A-12R-A430-07	3.896766e-01	0	0	2.714837e+00	0	4.711316e-01	1.961493e+00	0	3.371467e+00	5.988417e-02	2.673297e+00	2.537906e-01
TCGA-2G-AAH8-01A-11R-A430-07	4.961373e-01	2.771653e-01	0	2.007266e-01	0	3.433921e+00	2.500307e+00	8.625653e-01	0	0	3.262992e-01	7.544000e-01
TCGA-2G-AAHA-01A-11R-A430-07	1.172117e+00	0	3.281403e-02	9.388155e-02	0	1.492504e+00	2.465526e+00	1.571485e+00	2.658523e-01	0	5.094589e-01	6.181296e-01
TCGA-2G-AAHC-01A-11R-A430-07	9.282927e-01	9.717572e-03	5.333008e-01	0	0	3.614836e+00	2.505899e+00	0	0	0	5.530672e-01	8.133502e-01
TCGA-2G-AAHG-01A-11R-A430-07	3.485068e-01	2.651029e-01	6.395733e-01	0	0	3.802182e+00	2.431218e+00	3.013036e-01	1.754555e-01	0	6.530616e-01	1.992392e-01
TCGA-2G-AAHL-01A-11R-A430-07	6.712986e-01	1.165681e-01	5.590487e-01	3.217959e-02	0	2.896422e+00	1.689839e+00	1.292674e+00	0	0	0	7.461332e-01
TCGA-2G-AAHN-01A-11R-A430-07	1.146902e+00	0	3.926779e-01	2.691304e-01	0	1.960779e+00	1.920616e+00	1.329773e+00	0	0	2.080769e-01	7.406988e-01
TCGA-2G-AAHP-05A-11R-A430-07	2.778038e-01	0	2.095942e-01	0	0	2.257911e+00	2.332936e+00	1.535416e+00	4.201964e-01	0	6.895615e-01	1.500127e+00
TCGA-2G-AAHP-01A-12R-A430-07	9.541415e-02	4.915862e-01	2.835604e-01	1.565497e-01	0	4.873723e+00	1.982638e+00	0	4.511431e-01	0	6.580645e-01	6.771549e-01
TCGA-2G-AAHT-01A-11R-A430-07	8.744326e-01	0	6.328303e-02	0	0	2.334670e+00	2.493618e+00	1.381524e+00	1.202564e-01	0	3.844703e-01	6.283071e-01
TCGA-2G-AAKD-01A-31R-A430-07	4.832551e-01	2.113203e+00	2.331111e-01	6.368912e-01	0	5.590778e-01	2.040532e+00	0	1.050514e+00	0	1.301680e+00	4.746870e-01
TCGA-2G-AAKG-05A-11R-A430-07	7.161984e-01	2.950441e-01	4.281445e-01	3.431560e-01	0	5.346606e+00	6.678603e-01	0	3.157696e-01	0	2.385186e-01	7.849422e-01
TCGA-2G-AAKG-01A-11R-A430-07	3.998722e-01	1.606649e+00	0	1.498783e+00	0	3.046532e-01	1.859012e+00	0	1.533539e+00	7.279943e-02	1.088422e+00	7.651146e-01
TCGA-2G-AAKH-01A-11R-A430-07	4.278013e-01	1.633284e+00	6.825528e-01	2.621051e-01	0	1.310529e+00	2.474247e+00	0	1.531347e-01	0	7.372743e-01	9.174142e-01
TCGA-2G-AAKL-01A-11R-A430-07	5.487176e-01	2.007353e+00	4.255994e-01	3.119202e-01	0	7.921436e-01	2.464195e+00	0	3.128155e-01	0	6.938305e-01	3.653335e-01
TCGA-2G-AAKM-01A-11R-A430-07	5.489435e-01	1.924775e+00	2.035152e-01	1.441652e-01	0	2.179610e-01	2.416448e+00	0	1.463780e+00	0	1.490903e+00	6.951116e-02
TCGA-2G-AAKO-05A-11R-A430-07	1.048516e+00	0	5.503601e-01	0	0	1.570406e+00	2.500560e+00	1.006848e+00	2.964908e-01	0	8.156955e-01	8.750071e-01
TCGA-2G-AAKO-01A-11R-A430-07	5.582051e-01	0	1.334055e-01	0	0	2.364810e+00	2.393869e+00	1.295498e+00	1.828119e-01	0	6.030479e-01	1.413909e+00
TCGA-2G-AAL5-01A-11R-A430-07	1.808113e-01	0	0	2.092761e+00	1.171663e-01	4.545890e-01	1.995732e+00	0	4.567312e+00	0	4.025937e+00	0
TCGA-2G-AAL7-01A-11R-A430-07	4.564857e-01	2.149448e+00	3.610985e-01	8.109843e-01	0	8.260874e-01	2.079916e+00	0	3.889233e-01	1.026728e-03	5.150348e-01	3.272024e-01
TCGA-2G-AALF-01A-11R-A430-07	6.049298e-01	0	1.988572e-01	4.808782e+00	0	2.070126e+00	1.250624e+00	0	9.891947e-02	0	0	5.894510e-01
TCGA-2G-AALG-01A-11R-A430-07	3.097160e-01	0	6.679687e-01	1.596371e+00	1.301656e-01	1.102750e+00	1.281939e+00	0	3.561478e+00	1.079556e+00	8.556456e-01	1.876323e-01
TCGA-2G-AALN-01A-11R-A430-07	3.956479e-01	1.189515e+00	1.597106e-01	1.683879e+00	0	2.116896e-01	1.629743e+00	0	2.654298e+00	2.818754e-01	1.951361e+00	2.155820e-01
TCGA-2G-AALO-01A-12R-A430-07	4.279404e-01	0	1.376062e-01	1.327807e+00	0	6.666324e-01	1.991401e+00	0	3.980195e+00	1.578008e+00	3.799720e-01	0
TCGA-2G-AALP-01A-12R-A430-07	4.470527e-01	1.646165e+00	0	1.588701e+00	0	1.935996e-01	1.844380e+00	6.401788e-02	1.908042e+00	1.331397e-01	1.399931e+00	2.557189e-01
TCGA-2G-AALQ-01A-12R-A430-07	3.333728e-01	0	2.552543e-02	2.507116e+00	8.283073e-02	6.659208e-01	1.733123e+00	0	3.930290e+00	1.042798e-01	3.097676e+00	4.758879e-02
TCGA-2G-AALR-01A-21R-A430-07	4.318718e-01	0	0	3.342782e+00	0	3.656843e-01	1.927814e+00	0	3.289335e+00	4.939257e-02	3.044938e+00	0
TCGA-2G-AALS-01A-12R-A430-07	6.139999e-01	1.321514e+00	2.246461e-01	9.525429e-01	0	3.410627e-01	1.891928e+00	0	1.662724e+00	1.014793e-01	1.187097e+00	9.455992e-01
TCGA-2G-AALT-01A-11R-A430-07	2.873295e-01	4.905931e-01	2.661915e-01	1.069898e+00	3.220092e-02	6.233232e-01	1.449013e+00	0	3.735629e+00	8.307907e-01	1.274611e+00	3.956158e-01
TCGA-2G-AALW-01A-11R-A430-07	3.584387e-01	0	7.804196e-02	2.252767e+00	0	2.747880e-01	2.003127e+00	0	3.460062e+00	7.946823e-01	1.741987e+00	3.631244e-01
TCGA-2G-AALX-01A-11R-A430-07	2.443942e-01	0	0	7.524448e-01	4.241483e-01	4.701624e-01	2.083026e+00	0	5.256065e+00	2.700041e-01	3.368693e+00	2.803395e-03
TCGA-2G-AALY-01A-11R-A430-07	3.944599e-01	1.493266e+00	2.084233e-01	9.455517e-01	0	2.552239e-01	1.820240e+00	0	2.628066e+00	0	2.481192e+00	9.357579e-02
TCGA-2G-AALZ-01A-11R-A430-07	3.097887e-01	2.356493e-02	7.308159e-01	5.117461e-01	1.228579e-03	8.264851e-01	1.830066e+00	0	3.660777e+00	7.362614e-02	2.544616e+00	3.826972e-01
TCGA-2G-AAM2-01A-11R-A430-07	3.693801e-01	1.953567e+00	0	1.204552e+00	0	2.339986e-01	2.210263e+00	0	1.646099e+00	0	2.072273e+00	1.115044e-01
TCGA-2G-AAM3-01A-11R-A430-07	1.997195e-01	0	2.788653e-02	7.929523e-01	7.066723e-01	5.919470e-01	1.888065e+00	0	5.331177e+00	4.497953e-01	2.277216e+00	0
TCGA-2G-AAM4-01A-11R-A430-07	3.997880e-01	1.938786e+00	0	8.627988e-01	0	4.306379e-01	2.029157e+00	0	2.340653e+00	0	2.679133e+00	0
TCGA-2X-A9D5-01A-11R-A430-07	7.569948e-01	0	2.138345e-01	2.309376e-01	0	3.172603e+00	2.421745e+00	6.443252e-01	2.014735e-01	0	7.191469e-01	7.655189e-01
TCGA-2X-A9D6-01A-11R-A430-07	6.203850e-01	0	2.325888e-01	0	0	1.642044e+00	2.652687e+00	1.388160e+00	6.010854e-01	0	9.399135e-01	8.531499e-01
TCGA-4K-AA1G-01A-11R-A430-07	7.471680e-01	0	0	0	0	2.633278e+00	2.666598e+00	1.412828e+00	0	0	6.864793e-02	1.519651e-01
TCGA-4K-AA1H-01A-11R-A430-07	8.052670e-01	0	8.412277e-01	0	0	1.586432e+00	2.124225e+00	7.077201e-01	6.229074e-01	0	9.003447e-01	1.418577e+00
TCGA-4K-AA1I-01A-11R-A430-07	8.774988e-01	1.294046e-01	3.359195e-01	2.119788e-01	0	2.474574e+00	2.285343e+00	7.010108e-01	2.999843e-02	0	3.204885e-01	1.246501e+00
TCGA-4K-AAAL-01A-11R-A430-07	5.867000e-01	4.130610e-01	1.128263e+00	1.472260e-01	0	3.189163e+00	1.876196e+00	0	2.671345e-01	0	7.656870e-01	5.036141e-01
TCGA-S6-A8JW-01A-11R-A430-07	3.498442e-01	0	5.188123e-02	1.291073e-01	0	2.416958e+00	2.659969e+00	1.365634e+00	4.180290e-01	0	6.954147e-01	1.091556e+00
TCGA-S6-A8JX-01A-11R-A430-07	1.283788e-01	1.821672e-01	4.281451e-01	3.781807e-03	0	4.182224e+00	2.609393e+00	4.030277e-01	2.675074e-01	0	6.582727e-01	5.350620e-02
TCGA-S6-A8JY-01A-11R-A431-07	6.230577e-01	3.735962e-01	2.156068e-01	0	0	4.089897e+00	2.570192e+00	9.694174e-02	0	0	4.366907e-01	2.696941e-01
TCGA-SB-A6J6-01A-11R-A431-07	6.132751e-01	7.211469e-02	2.541442e-01	2.240380e-02	0	4.815214e+00	2.427286e+00	0	0	0	6.276950e-01	8.148787e-01
TCGA-SB-A76C-01A-11R-A431-07	2.213503e-01	0	1.617264e-01	0	0	3.970292e+00	2.498463e+00	8.170201e-01	0	0	2.013042e-01	8.156945e-01
TCGA-SN-A6IS-01A-11R-A431-07	2.490123e-01	2.594533e-01	5.293178e-01	2.496714e-02	0	3.927602e+00	2.505164e+00	0	5.300295e-01	0	1.153676e+00	9.046723e-01
TCGA-SN-A84W-01A-11R-A431-07	8.195702e-03	0	0	1.121845e+00	2.513965e-01	4.371703e-01	2.264560e+00	0	5.461644e+00	5.457686e-01	3.183479e+00	0
TCGA-SN-A84X-01A-11R-A431-07	3.940058e-01	4.373056e-01	1.601385e-01	6.098701e-01	7.970583e-01	1.979323e+00	1.567625e+00	0	2.605647e+00	0	1.624879e+00	8.529586e-01
TCGA-SN-A84Y-01A-11R-A431-07	3.456564e-01	2.156280e+00	0	9.458728e-01	0	4.430077e-01	2.417015e+00	0	1.106623e+00	0	1.662153e+00	3.505249e-01
TCGA-SO-A8JP-01A-11R-A431-07	1.854507e-01	0	4.919046e-01	0	0	3.665449e+00	2.498281e+00	8.239637e-01	2.981504e-01	0	6.013953e-01	1.721865e-01
TCGA-VF-A8A8-01A-11R-A431-07	3.638194e-01	2.072925e+00	0	1.324159e+00	0	3.148787e-01	1.887839e+00	0	1.664873e+00	0	1.800418e+00	1.690439e-01
TCGA-VF-A8A9-01A-11R-A431-07	3.402498e-01	1.919140e-01	5.464529e-01	0	0	4.467666e+00	2.068414e+00	0	1.441834e-01	0	7.551804e-01	1.396108e+00
TCGA-VF-A8AA-01A-11R-A431-07	4.717167e-01	0	6.050930e-01	0	0	2.768357e+00	2.146627e+00	1.233158e+00	0	0	2.831077e-01	8.818206e-01
TCGA-VF-A8AB-01A-31R-A431-07	1.452356e+00	9.927517e-02	2.226954e-01	1.873537e-01	0	2.471896e+00	2.227474e+00	3.383015e-01	5.056762e-01	0	6.684750e-01	3.566953e-01
TCGA-VF-A8AC-01A-11R-A431-07	3.244351e-01	0	8.628131e-01	4.956824e-02	0	2.117615e+00	2.031182e+00	1.300656e+00	1.718482e-01	0	5.455110e-01	1.418947e+00
TCGA-VF-A8AD-01A-11R-A431-07	6.959241e-01	1.804858e+00	4.919978e-01	5.242353e-01	0	9.813070e-01	2.150947e+00	0	2.694423e-01	0	6.366632e-01	8.092664e-01
TCGA-VF-A8AE-01A-11R-A431-07	5.141196e-01	2.650646e-01	3.327651e-01	0	0	4.746768e+00	1.752047e+00	0	0	0	3.598240e-01	1.728178e+00
TCGA-W4-A7U2-01A-11R-A431-07	4.781311e-01	2.240362e-01	1.349429e-01	0	0	4.556596e+00	2.604965e+00	0	0	0	5.531913e-01	8.350245e-01
TCGA-W4-A7U3-01A-12R-A431-07	3.632864e-01	4.643852e-02	0	2.701931e+00	0	2.312139e-01	2.191200e+00	0	2.641525e+00	7.763782e-02	2.082229e+00	7.725255e-01
TCGA-W4-A7U4-01A-12R-A431-07	4.730827e-01	2.210595e+00	1.128689e-02	4.049266e-01	0	8.054776e-01	2.569762e+00	0	6.183665e-01	0	9.146783e-01	3.917205e-01
TCGA-WZ-A7V3-01A-11R-A431-07	6.150493e-01	9.406908e-02	6.817412e-02	9.855112e-02	0	4.042164e+00	2.515328e+00	1.911623e-01	1.105257e-01	0	6.420956e-01	4.583012e-01
TCGA-WZ-A7V4-01A-11R-A431-07	6.805531e-01	0	6.094296e-01	0	0	2.166503e+00	2.464687e+00	1.183671e+00	0	0	5.196310e-01	8.865089e-01
TCGA-WZ-A7V5-01A-11R-A431-07	7.195007e-01	0	5.073899e-01	0	0	3.489175e+00	2.504911e+00	4.190451e-01	0	0	5.825897e-01	7.471610e-01
TCGA-WZ-A8D5-01A-11R-A431-07	7.976156e-01	1.875120e-01	2.583850e-01	9.276876e-02	0	3.865871e+00	2.402205e+00	3.980326e-02	0	0	5.928433e-01	1.152106e+00
TCGA-X3-A8G4-01A-11R-A431-07	5.715362e-01	1.094929e+00	0	1.784910e+00	0	4.618353e-01	1.886189e+00	0	1.952671e+00	9.245620e-02	1.641149e+00	7.605353e-01
TCGA-XE-A8H1-01A-11R-A431-07	3.996869e-01	1.855388e+00	5.986975e-01	3.497021e-01	0	5.042419e-01	2.415594e+00	0	9.046635e-01	0	1.337746e+00	4.119286e-01
TCGA-XE-A8H4-01A-31R-A431-07	8.622363e-01	1.583356e-01	3.986267e-01	7.473793e-02	0	3.098958e+00	2.318621e+00	3.938635e-01	0	0	5.005777e-01	1.148688e+00
TCGA-XE-A8H5-01A-11R-A431-07	4.438469e-01	1.121046e-01	0	4.745755e-02	0	4.373908e+00	2.606622e+00	3.402157e-01	0	0	5.329410e-01	1.197123e+00
TCGA-XE-A9SE-01A-21R-A431-07	6.140160e-01	3.921004e-01	0	4.683854e-01	0	3.736715e+00	2.399447e+00	0	7.266344e-01	0	1.367085e+00	8.784982e-01
TCGA-XE-AANI-01A-11R-A431-07	1.746767e-01	0	1.664465e-01	8.084891e-01	1.668436e-01	3.963555e-01	2.222587e+00	0	5.225412e+00	0	4.530482e+00	0
TCGA-XE-AANJ-01A-11R-A431-07	8.438740e-01	4.004160e-01	1.034918e-01	4.457168e-02	0	4.512715e+00	2.363253e+00	0	0	0	2.849634e-01	1.514643e-01
TCGA-XE-AANR-01A-11R-A431-07	6.442343e-01	0	9.989374e-01	0	0	3.119725e+00	2.125179e+00	3.432591e-01	2.439289e-01	0	6.741808e-01	1.933545e-01
TCGA-XE-AANV-01A-11R-A431-07	5.404296e-01	0	5.227420e-01	0	0	2.814263e+00	2.420484e+00	1.009714e+00	4.889692e-02	0	4.970308e-01	6.513188e-01
TCGA-XE-AAO3-01A-11R-A431-07	2.707574e-01	6.213724e-01	0	8.132164e-02	0	4.737054e+00	2.579146e+00	0	4.169743e-02	0	6.711663e-01	8.516759e-01
TCGA-XE-AAO4-01A-11R-A431-07	4.170696e-01	0	6.697299e-01	2.727515e-02	0	2.657853e+00	1.858715e+00	1.400381e+00	1.816270e-01	0	5.091145e-01	1.008199e+00
TCGA-XE-AAO6-01A-31R-A431-07	7.796408e-01	2.489565e-01	0	0	0	4.110761e+00	1.814166e+00	2.407850e-01	4.003305e-01	0	6.888754e-01	5.505260e-01
TCGA-XE-AAOB-01A-11R-A431-07	8.405822e-01	1.209873e+00	1.261896e-01	8.284590e-01	0	2.034051e-01	1.946515e+00	0	1.920010e+00	0	1.716797e+00	7.835751e-01
TCGA-XE-AAOC-01A-11R-A431-07	3.179830e-01	0	1.118789e-01	1.425658e+00	2.939998e-01	6.701759e-01	1.911014e+00	0	4.769395e+00	2.302850e-01	3.937277e+00	0
TCGA-XE-AAOD-01A-11R-A431-07	6.107380e-01	4.190771e-01	9.967282e-01	0	0	3.040579e+00	2.219399e+00	0	4.779348e-03	0	5.965285e-01	9.326266e-01
TCGA-XE-AAOF-01A-11R-A431-07	5.427586e-01	0	8.683837e-02	4.236058e-02	0	2.763984e+00	2.157748e+00	1.297544e+00	2.116392e-01	0	4.817186e-01	1.397055e+00
TCGA-XE-AAOJ-01A-12R-A431-07	7.724383e-02	0	0	2.521715e+00	0	5.227775e-01	1.913134e+00	0	4.197318e+00	0	3.860543e+00	1.198751e-01
TCGA-XE-AAOL-01A-11R-A431-07	6.552199e-04	4.911517e-02	0	0	0	4.979620e+00	1.787650e+00	5.808985e-01	9.163972e-01	0	9.982712e-01	9.464457e-01
TCGA-XY-A89B-01A-11R-A431-07	1.204906e+00	0	1.644480e-01	1.164448e-01	0	2.020502e+00	2.587642e+00	1.016577e+00	1.765247e-01	0	6.849686e-01	7.619936e-01
TCGA-XY-A8S2-01A-11R-A431-07	4.407222e-01	2.067338e+00	1.907578e-02	4.276552e-01	1.968896e-03	1.819605e-01	2.518301e+00	0	1.282001e+00	0	1.405084e+00	4.582268e-01
TCGA-XY-A8S3-01B-11R-A431-07	2.296723e-01	1.749685e+00	0	1.463485e+00	0	1.766428e-01	2.305561e+00	3.122318e-02	1.513510e+00	4.254232e-02	1.169323e+00	4.154716e-01
TCGA-XY-A9T9-01A-11R-A431-07	4.901083e-01	7.411401e-02	1.155362e-01	0	0	4.377919e+00	2.539163e+00	0	2.318193e-01	0	8.514048e-01	1.339927e+00
TCGA-YU-A90P-01A-11R-A431-07	7.381132e-01	1.957313e+00	1.253657e-04	3.756453e-01	0	7.888843e-01	2.613295e+00	0	6.565959e-01	0	1.293527e+00	4.123282e-01
TCGA-YU-A90Q-01A-11R-A431-07	1.691444e-01	0	2.634217e-01	0	0	2.574558e+00	2.629751e+00	1.339218e+00	5.677009e-01	0	8.983134e-01	3.743735e-01
TCGA-YU-A90S-01A-11R-A431-07	1.396079e+00	0	4.329856e-01	2.628511e-02	0	1.791579e+00	2.161695e+00	8.881089e-01	4.042005e-01	0	4.238640e-01	7.832245e-01
TCGA-YU-A90W-01A-11R-A431-07	2.591606e-01	0	3.345866e-01	0	0	4.588915e+00	2.568018e+00	8.793024e-02	1.487540e-01	0	7.911113e-01	8.911723e-01
TCGA-YU-A90Y-01A-11R-A431-07	3.808428e-01	1.497765e+00	8.166398e-02	1.197917e+00	0	2.375639e-01	2.237673e+00	0	1.574775e+00	7.011371e-02	1.317696e+00	7.960041e-01
TCGA-YU-A912-01A-11R-A431-07	8.469339e-01	1.267989e-01	0	2.734217e-01	0	2.665869e+00	2.482347e+00	8.942229e-01	3.130992e-01	0	7.033773e-01	6.251563e-01
TCGA-YU-A94D-01A-11R-A431-07	1.076658e-01	0	0	1.779954e+00	0	6.911229e-01	2.336157e+00	0	4.341540e+00	0	4.392424e+00	0
TCGA-YU-A94I-01A-11R-A431-07	3.406608e-01	0	0	4.367518e+00	0	8.873164e-01	2.477320e+00	0	1.383640e+00	0	1.209783e+00	0
TCGA-YU-AA4L-01A-11R-A431-07	4.459499e-01	6.708346e-03	1.689495e-02	4.251501e+00	0	1.589650e+00	2.024232e+00	0	5.858124e-01	4.496388e-02	1.687890e-01	5.277874e-01
TCGA-YU-AA61-01A-11R-A431-07	2.800987e-01	4.218364e-01	1.354565e-01	2.321189e+00	0	5.051941e-01	2.179263e+00	0	2.114510e+00	7.574098e-02	1.745277e+00	8.262637e-01
TCGA-ZM-AA05-01A-12R-A431-07	1.346538e+00	0	0	0	0	2.513267e+00	1.401587e+00	1.288568e+00	9.893860e-01	0	8.310463e-01	2.894252e-01
TCGA-ZM-AA06-01A-12R-A431-07	4.914536e-01	2.357363e-02	3.872756e-02	2.839945e-01	0	3.175759e+00	1.269512e+00	1.184424e+00	1.422375e+00	3.741500e-02	8.886226e-01	5.420077e-01
TCGA-ZM-AA0B-01A-11R-A431-07	4.897798e-01	3.668511e-02	2.517092e-01	0	0	4.446637e+00	1.641407e+00	2.056262e-01	9.435229e-01	0	1.184160e+00	1.289678e+00
TCGA-ZM-AA0D-01A-11R-A431-07	8.782240e-01	0	3.881003e-01	0	1.529293e-02	2.230630e+00	1.631683e+00	1.402345e+00	7.670932e-01	0	7.610622e-01	1.014438e+00
TCGA-ZM-AA0E-01A-12R-A431-07	9.138507e-01	0	9.328147e-02	0	0	3.414946e+00	1.635350e+00	1.030110e+00	6.348841e-01	0	6.336379e-01	7.247966e-01
TCGA-ZM-AA0F-01A-21R-A431-07	9.985255e-01	0	2.702832e-01	2.304847e-01	5.164159e-03	1.649811e+00	1.708110e+00	1.194592e+00	1.375129e+00	4.052005e-01	4.789427e-01	4.982112e-01
TCGA-ZM-AA0H-01A-11R-A431-07	1.257036e+00	0	2.219492e-01	2.267836e-02	0	2.699281e+00	1.680857e+00	8.834300e-01	5.724533e-01	0	5.980037e-01	6.717951e-01
TCGA-ZM-AA0N-01A-21R-A431-07	5.463478e-01	1.074929e-01	9.817610e-02	0	0	5.276105e+00	1.531381e+00	0	8.009110e-01	0	1.155204e+00	9.559563e-01
