sampleID	D10.9_REACTOME-TRANSLOCATION-OF-ZAP-70-TO-IMMUNOLOGICAL-SYNAPSE	D10.8_GNF2-CDH3	D10.7_CHASSOT-SKIN-WOUND	D10.6_PROTEIN-DEACETYLASE-ACTIVITY	D11.3_FARMER-BREAST-CANCER-CLUSTER-5	D11.8_BIOCARTA-ETC-PATHWAY
TCGA-4C-A93U-01A-11R-A39I-07	7.071339e-01	4.969916e-01	0	2.632039e-01	3.457373e+00	3.455184e-01
TCGA-BJ-A0YZ-01A-11R-A10U-07	2.810541e-01	1.735068e-01	0	0	1.435938e+00	7.904852e-01
TCGA-BJ-A0Z0-01A-11R-A10U-07	0	0	8.546062e-02	1.836050e+00	0	2.716288e-01
TCGA-BJ-A0Z2-01A-11R-A10U-07	2.668201e-01	0	0	2.720084e+00	2.920787e-01	3.485079e-01
TCGA-BJ-A0Z3-01A-11R-A13Y-07	1.004263e+00	0	5.347919e-01	0	1.001995e+00	1.652914e-01
TCGA-BJ-A0Z5-01A-11R-A10U-07	2.744020e-01	4.146718e-01	0	8.758844e-01	9.290342e-01	6.981722e-01
TCGA-BJ-A0Z9-01A-11R-A10U-07	4.965711e-01	1.490865e+00	0	0	1.975832e+00	1.081295e+00
TCGA-BJ-A0ZA-01A-11R-A10U-07	5.331047e-01	3.879467e-01	4.605647e-01	2.375933e+00	2.170930e-03	4.911296e-01
TCGA-BJ-A0ZB-01A-11R-A10U-07	1.683323e-01	8.742157e-02	0	8.987756e-02	2.259353e+00	5.996761e-01
TCGA-BJ-A0ZC-01A-12R-A13Y-07	4.021222e-01	0	7.936323e-01	0	2.756303e-01	6.062894e-01
TCGA-BJ-A0ZE-01A-11R-A10U-07	0	2.582471e-01	0	2.772466e+00	7.877692e-02	1.142888e+00
TCGA-BJ-A0ZG-01A-11R-A10U-07	3.821998e-01	0	1.997255e+00	6.646035e-02	6.975636e-01	4.887224e-01
TCGA-BJ-A0ZH-01A-11R-A10U-07	5.069135e-01	8.637933e-01	0	4.456903e-01	1.553698e+00	7.060407e-01
TCGA-BJ-A0ZJ-01A-11R-A10U-07	1.009063e+00	0	1.146603e+00	6.288180e-01	7.977531e-01	2.720456e-01
TCGA-BJ-A18Y-01A-11R-A13Y-07	1.636276e-01	0	1.174878e+00	2.342568e+00	9.451494e-01	2.929664e-01
TCGA-BJ-A18Z-01A-21R-A13Y-07	4.279407e-01	5.022810e-01	0	5.533775e-01	2.862058e+00	4.393242e-01
TCGA-BJ-A190-01A-11R-A13Y-07	0	0	1.404574e+00	0	3.859707e-01	8.479510e-01
TCGA-BJ-A191-01A-11R-A13Y-07	7.468345e-01	1.153450e+00	0	0	0	3.858766e-01
TCGA-BJ-A192-01A-31R-A13Y-07	4.026266e-01	3.480810e-01	3.076919e-01	6.604071e-01	9.145280e-01	1.194450e+00
TCGA-BJ-A28R-11A-11R-A16R-07	1.132686e+00	0	2.322866e+00	0	5.111554e-01	6.770707e-01
TCGA-BJ-A28R-01A-11R-A16R-07	7.320408e-01	1.037331e+00	0	9.182974e-02	1.227921e+00	5.585315e-01
TCGA-BJ-A28S-01A-11R-A19O-07	0	0	0	3.078096e+00	6.344941e-01	3.291134e-01
TCGA-BJ-A28T-01A-11R-A16R-07	1.360709e+00	1.907382e-02	1.771653e+00	1.804965e-01	1.301635e+00	3.571516e-01
TCGA-BJ-A28V-01A-11R-A19O-07	0	1.364994e-01	5.817672e-01	6.394574e-01	6.344580e-01	1.524775e-01
TCGA-BJ-A28W-11A-11R-A32Y-07	1.323981e+00	1.685807e-01	3.933349e-01	1.295369e+00	5.416873e-01	1.453107e+00
TCGA-BJ-A28W-01A-11R-A32Y-07	1.713269e+00	0	1.904907e+00	0	3.599799e-01	8.932991e-01
TCGA-BJ-A28X-11A-11R-A22L-07	1.437322e+00	0	2.099757e+00	0	6.935353e-01	4.367259e-01
TCGA-BJ-A28X-01A-11R-A22L-07	1.176316e+00	5.262393e-01	4.175671e-01	2.728001e-01	2.239005e+00	3.836138e-01
TCGA-BJ-A28Z-01A-11R-A16R-07	1.350536e+00	3.486247e-01	3.270407e-02	1.477684e+00	1.818754e+00	3.471344e-01
TCGA-BJ-A290-11A-11R-A180-07	2.484382e-01	0	2.817514e+00	0	7.120489e-01	5.717344e-01
TCGA-BJ-A290-01A-11R-A180-07	0	0	0	2.558903e-01	1.928774e+00	1.831955e-02
TCGA-BJ-A291-01A-11R-A16R-07	2.588542e-01	0	8.231842e-01	1.962341e-01	6.431539e-01	8.323586e-01
TCGA-BJ-A2N7-11A-11R-A18C-07	1.388872e-01	0	2.724958e+00	0	3.896550e-01	5.087063e-01
TCGA-BJ-A2N7-01A-11R-A18C-07	1.187156e-01	2.578581e-02	1.127126e+00	1.974786e+00	8.936223e-01	6.265907e-01
TCGA-BJ-A2N8-11A-11R-A18C-07	6.736545e-02	0	2.155037e+00	0	3.195270e-01	6.858733e-01
TCGA-BJ-A2N8-01A-11R-A18C-07	3.582370e-01	5.709941e-01	4.186227e-01	2.148415e+00	1.819802e-01	7.414787e-01
TCGA-BJ-A2N9-11A-11R-A18C-07	1.266791e+00	0	2.674699e+00	0	4.268450e-01	7.166636e-01
TCGA-BJ-A2N9-01A-11R-A18C-07	8.971593e-01	0	1.103067e+00	0	0	1.625921e+00
TCGA-BJ-A2NA-11A-11R-A19O-07	9.877420e-01	0	2.170129e+00	0	4.338916e-01	8.145901e-01
TCGA-BJ-A2NA-01A-12R-A19O-07	5.183087e-01	9.141398e-01	1.742619e-01	1.561327e-01	1.676748e+00	6.656116e-01
TCGA-BJ-A2P4-01A-11R-A18C-07	2.581076e-01	0	3.497574e-01	2.974755e+00	1.072767e+00	4.269717e-01
TCGA-BJ-A3EZ-01A-11R-A206-07	3.919603e-01	1.056491e+00	0	1.181826e-01	2.076185e+00	8.128356e-01
TCGA-BJ-A3F0-01A-11R-A206-07	2.857456e-01	0	3.708561e-01	1.207889e+00	8.139116e-01	7.719350e-01
TCGA-BJ-A3PR-11A-11R-A220-07	1.188071e+00	1.475354e-02	2.605445e+00	0	4.091440e-01	1.124611e+00
TCGA-BJ-A3PR-01A-11R-A220-07	1.505637e+00	7.724779e-01	8.350928e-01	2.879958e-01	1.681190e+00	6.694618e-01
TCGA-BJ-A3PT-01A-12R-A220-07	6.254280e-01	0	1.275427e+00	1.959356e+00	1.349614e+00	7.028104e-01
TCGA-BJ-A3PU-11A-11R-A220-07	2.228536e-01	0	2.873718e+00	0	6.613928e-01	6.197501e-01
TCGA-BJ-A3PU-01A-11R-A220-07	4.599712e-01	1.222987e+00	0	0	1.588510e+00	1.376608e+00
TCGA-BJ-A45C-01A-11R-A23W-07	0	2.953665e-01	1.221203e+00	8.484840e-01	3.604668e-01	3.289396e-01
TCGA-BJ-A45D-01A-11R-A23W-07	4.613358e-01	3.132741e-01	3.899306e-01	2.647929e+00	9.029896e-01	7.416748e-01
TCGA-BJ-A45E-01A-11R-A32Y-07	1.749082e+00	0	3.414371e-01	0	1.507902e+00	1.166229e+00
TCGA-BJ-A45F-01A-12R-A23W-07	2.866711e-01	0	4.864143e-01	2.692053e+00	1.005462e+00	8.297235e-01
TCGA-BJ-A45G-01A-11R-A23W-07	2.089814e-01	2.106732e-01	1.402261e+00	2.067615e+00	5.141531e-01	4.909982e-01
TCGA-BJ-A45H-01A-12R-A23W-07	4.753341e-01	4.292744e-01	1.325752e+00	8.841225e-01	1.328203e+00	2.969253e-01
TCGA-BJ-A45I-01A-11R-A23W-07	8.788643e-01	8.258872e-01	0	1.180596e-01	2.653248e+00	5.805508e-01
TCGA-BJ-A45J-01A-11R-A23W-07	3.144019e-01	1.382364e+00	0	6.306789e-01	1.260214e+00	2.689193e-01
TCGA-BJ-A45K-01A-11R-A23W-07	0	1.213459e-01	6.624894e-01	9.247630e-01	8.758822e-01	9.936328e-02
TCGA-BJ-A4O8-01A-11R-A250-07	6.862517e-01	5.850349e-01	0	3.593163e-01	2.560758e+00	2.607627e-01
TCGA-BJ-A4O9-01A-11R-A250-07	0	0	0	0	1.965696e-01	9.716172e-01
TCGA-CE-A13K-01A-11R-A10U-07	3.800204e-01	3.047997e-01	0	2.694553e+00	1.256657e+00	1.466174e-01
TCGA-CE-A27D-01A-11R-A16R-07	1.178717e+00	1.341040e-01	1.279392e+00	1.364848e+00	1.363175e+00	3.715268e-01
TCGA-CE-A3MD-01A-11R-A20F-07	5.156925e-01	6.148626e-02	0	2.582587e+00	1.596782e+00	1.952300e-01
TCGA-CE-A3ME-01A-11R-A20F-07	3.390943e-01	7.939085e-01	0	0	1.147604e+00	9.328750e-01
TCGA-CE-A481-01A-21R-A23W-07	7.946575e-01	2.641151e-01	5.338287e-01	2.607067e+00	1.322679e+00	1.626484e-03
TCGA-CE-A482-01A-11R-A23W-07	3.646674e-01	6.878781e-01	0	2.352169e+00	1.496189e+00	9.989412e-02
TCGA-CE-A483-01A-11R-A23W-07	1.496162e-01	6.483875e-01	3.382706e-02	1.218471e-01	1.047633e+00	4.932738e-01
TCGA-CE-A484-01A-11R-A23W-07	7.379955e-02	0	2.096426e-01	2.886873e+00	1.026648e+00	1.704052e-01
TCGA-CE-A485-01A-11R-A23W-07	5.645771e-01	3.837361e-01	7.600340e-01	1.642720e+00	2.364719e+00	0
TCGA-DE-A0XZ-01A-11R-A180-07	9.207611e-01	0	0	8.220811e-01	1.304936e+00	0
TCGA-DE-A0Y2-01A-11R-A10U-07	2.129021e-01	1.879340e+00	0	2.077729e-01	1.264607e+00	7.474143e-01
TCGA-DE-A0Y3-01B-11R-A10U-07	2.142487e-01	1.479018e+00	0	0	1.061712e+00	7.802973e-01
TCGA-DE-A2OL-01A-11R-A18C-07	0	2.724838e-01	6.892548e-01	6.050176e-01	6.286667e-01	1.055626e-01
TCGA-DE-A3KN-01A-11R-A20F-07	3.308288e-01	3.581779e-01	2.533349e-01	2.739076e+00	1.236789e+00	1.664058e-01
TCGA-DE-A4M8-01A-21R-A250-07	1.306872e+00	0	5.500993e-01	1.818647e+00	1.270176e+00	1.418266e-01
TCGA-DE-A4M9-01A-11R-A250-07	1.990828e-02	4.896770e-01	6.685110e-01	0	1.115708e+00	4.493856e-01
TCGA-DE-A4MA-01A-11R-A250-07	5.023138e-01	1.476268e+00	0	0	1.483946e+00	1.394306e+00
TCGA-DE-A4MB-01A-11R-A250-07	5.490313e-01	7.775190e-01	0	9.834046e-01	2.978654e+00	5.965830e-01
TCGA-DE-A4MC-01A-11R-A250-07	5.263653e-01	8.945623e-01	0	3.164277e-01	2.249109e+00	5.795510e-01
TCGA-DE-A4MD-06A-11R-A250-07	4.686946e-01	0	7.523153e-01	3.900161e-01	3.076738e+00	7.455925e-01
TCGA-DE-A4MD-01A-11R-A250-07	0	5.796449e-01	0	0	1.028989e+00	1.255319e+00
TCGA-DE-A69J-01A-21R-A39I-07	2.853531e-01	1.086040e+00	0	0	1.815539e+00	6.363105e-01
TCGA-DE-A69K-01A-11R-A39I-07	3.979267e-01	6.929851e-01	0	1.781152e+00	1.037379e+00	2.872225e-01
TCGA-DE-A7U5-01A-11R-A39I-07	7.792792e-01	1.399357e+00	1.533176e-01	9.378580e-02	2.948312e+00	5.465598e-01
TCGA-DJ-A13L-01A-11R-A220-07	1.027192e+00	4.416714e-01	2.414719e-01	2.919221e-01	2.563654e+00	5.451601e-01
TCGA-DJ-A13M-01A-11R-A10U-07	2.266708e-02	2.515940e-01	2.259931e-01	2.918784e+00	0	7.251717e-01
TCGA-DJ-A13O-01A-11R-A10U-07	7.924490e-01	1.055094e+00	1.722016e+00	2.933363e-01	1.010554e+00	8.137259e-01
TCGA-DJ-A13P-01A-11R-A10U-07	1.803111e-01	0	0	2.075208e-01	6.359370e-01	1.244113e-01
TCGA-DJ-A13R-01A-11R-A10U-07	1.347569e+00	4.100242e-01	4.336835e-01	7.098494e-01	4.451066e-01	1.244325e+00
TCGA-DJ-A13S-01A-11R-A10U-07	6.244099e-02	0	0	3.050663e+00	4.095562e-01	9.506887e-01
TCGA-DJ-A13T-01A-11R-A10U-07	2.318292e-01	5.515180e-01	0	6.866484e-01	6.478293e-01	6.049934e-02
TCGA-DJ-A13U-01A-11R-A10U-07	2.686048e-01	3.088037e-01	6.176962e-02	1.832169e-01	1.287387e+00	9.807440e-01
TCGA-DJ-A13V-01A-11R-A10U-07	3.627033e-01	3.661682e-01	0	0	1.329318e+00	6.873896e-02
TCGA-DJ-A13W-01A-11R-A10U-07	4.684901e-01	0	9.728034e-01	7.629841e-01	7.795697e-01	6.343634e-02
TCGA-DJ-A13X-01A-11R-A10U-07	2.701992e-01	0	9.121483e-01	3.428084e-01	1.013460e+00	1.052963e-01
TCGA-DJ-A1QD-01A-11R-A14Y-07	3.181168e-01	1.199457e+00	5.109264e-01	3.704292e-02	1.520381e+00	7.651439e-01
TCGA-DJ-A1QE-01A-21R-A14Y-07	3.955706e-01	1.380811e+00	0	0	2.362335e+00	5.856835e-01
TCGA-DJ-A1QF-01A-12R-A14Y-07	1.885015e-01	0	0	2.524491e-02	1.507100e+00	2.916407e-01
TCGA-DJ-A1QG-01A-11R-A14Y-07	2.724141e-01	0	0	2.501207e+00	7.366418e-01	9.575424e-01
TCGA-DJ-A1QH-01A-21R-A14Y-07	3.224727e-01	5.835209e-01	0	0	2.565915e+00	7.802495e-01
TCGA-DJ-A1QI-01A-11R-A14Y-07	3.804339e-01	4.270610e-01	0	6.050789e-02	1.264196e+00	1.903924e-01
TCGA-DJ-A1QL-01A-11R-A14Y-07	1.986168e-01	0	6.752588e-01	8.426219e-01	7.902125e-01	1.538491e-01
TCGA-DJ-A1QM-01A-11R-A14Y-07	4.059489e-01	4.031737e-01	1.697080e+00	5.130599e-01	2.006305e+00	5.102528e-01
TCGA-DJ-A1QN-01A-11R-A14Y-07	4.181573e-01	0	0	9.361490e-01	1.184677e+00	8.885915e-02
TCGA-DJ-A1QO-01A-11R-A14Y-07	6.139277e-01	1.573632e+00	1.668598e-01	9.585407e-03	2.047527e+00	8.879721e-01
TCGA-DJ-A1QQ-01A-11R-A14Y-07	4.425056e-01	1.191513e+00	2.116349e-01	3.110038e-01	1.569496e+00	2.929895e-02
TCGA-DJ-A2PN-01A-21R-A19O-07	3.085014e-01	1.416766e+00	2.806905e-01	1.814936e-01	1.211981e+00	5.191212e-01
TCGA-DJ-A2PO-01A-21R-A19O-07	7.918206e-01	0	0	6.659238e-01	1.435970e+00	2.862224e-01
TCGA-DJ-A2PP-01A-11R-A19O-07	0	0	0	1.494059e+00	2.858659e-01	1.289087e+00
TCGA-DJ-A2PQ-01A-11R-A18C-07	3.456496e-02	0	0	2.321281e-01	1.193184e+00	2.625281e-01
TCGA-DJ-A2PR-01A-11R-A19O-07	6.839735e-01	1.055304e+00	0	8.007072e-01	6.005566e-01	1.177825e-01
TCGA-DJ-A2PS-01A-11R-A18C-07	5.690339e-01	1.632677e-01	1.002650e+00	8.254589e-01	1.099457e+00	2.332097e-01
TCGA-DJ-A2PT-01A-11R-A18C-07	7.003205e-01	1.207514e+00	3.133209e-02	0	2.854588e+00	9.298718e-01
TCGA-DJ-A2PU-01A-12R-A19O-07	3.921862e-01	0	0	1.453991e-01	1.224139e+00	3.513728e-02
TCGA-DJ-A2PV-01A-11R-A19O-07	4.410791e-01	0	7.772019e-01	5.028183e-02	1.592834e+00	0
TCGA-DJ-A2PW-01A-11R-A19O-07	5.327566e-01	1.092265e+00	0	1.260787e-01	1.212976e+00	5.062321e-01
TCGA-DJ-A2PX-01A-11R-A18C-07	1.016390e+00	0	5.065120e-01	9.806108e-01	9.404113e-01	9.999830e-02
TCGA-DJ-A2PY-01A-11R-A18C-07	4.492065e-01	5.151513e-01	2.547965e-02	3.052060e-02	2.608815e+00	5.648468e-01
TCGA-DJ-A2PZ-01A-21R-A18C-07	4.335682e-01	4.897148e-01	6.425469e-01	1.440721e-01	2.094122e+00	7.923413e-01
TCGA-DJ-A2Q0-01A-11R-A206-07	1.975963e-01	0	0	2.686909e-01	7.486751e-01	2.072873e+00
TCGA-DJ-A2Q1-01A-22R-A19O-07	9.818733e-01	9.401229e-01	1.354501e-01	4.689264e-01	2.854551e+00	8.476149e-01
TCGA-DJ-A2Q2-01A-11R-A19O-07	5.558390e-01	1.523508e-01	1.194007e+00	1.470476e-01	9.976579e-01	1.046946e+00
TCGA-DJ-A2Q3-01A-11R-A18C-07	8.925863e-01	7.717074e-01	6.918051e-01	5.508208e-01	1.833718e+00	5.478141e-01
TCGA-DJ-A2Q4-01A-21R-A18C-07	5.002895e-01	1.557477e+00	0	1.472096e-01	1.123890e+00	3.832496e-01
TCGA-DJ-A2Q5-01A-11R-A18C-07	1.120533e+00	0	0	3.488994e-01	1.261280e+00	1.543967e-01
TCGA-DJ-A2Q6-01A-11R-A18C-07	4.947408e-01	0	3.824779e-01	4.453630e-01	2.385254e+00	9.981043e-02
TCGA-DJ-A2Q7-01A-11R-A18C-07	5.831002e-01	0	4.671605e-01	7.856764e-02	9.629481e-01	1.799459e-01
TCGA-DJ-A2Q9-01A-21R-A18C-07	1.216978e+00	5.238893e-01	4.937223e-01	0	3.163499e+00	5.565091e-01
TCGA-DJ-A2QA-01A-11R-A18C-07	2.341938e-01	3.164820e-01	1.635461e+00	4.844753e-01	1.294214e+00	6.548803e-01
TCGA-DJ-A2QB-01A-11R-A19O-07	2.298171e-01	0	4.621491e-02	2.276938e+00	4.854047e-01	1.179787e+00
TCGA-DJ-A2QC-01A-11R-A18C-07	3.684510e-01	1.436543e-01	1.677896e-01	7.184091e-01	8.279038e-01	3.546705e-01
TCGA-DJ-A3UK-01A-11R-A22L-07	3.157444e-01	2.695846e-03	2.918102e-01	6.711228e-01	1.003008e+00	0
TCGA-DJ-A3UM-01A-11R-A22L-07	4.492695e-01	8.308209e-01	1.132756e-01	1.812071e-01	1.494265e+00	3.927932e-01
TCGA-DJ-A3UN-01A-11R-A22L-07	4.531855e-01	0	3.624203e-01	1.235644e+00	1.033649e+00	7.499212e-02
TCGA-DJ-A3UO-01A-11R-A22L-07	1.694907e-01	6.771224e-01	0	1.434009e+00	1.133692e+00	3.157300e-01
TCGA-DJ-A3UP-01A-11R-A22L-07	3.839310e-01	1.531878e-01	0	2.703468e+00	0	1.425455e-01
TCGA-DJ-A3UQ-01A-11R-A22L-07	5.110527e-01	5.287630e-01	5.436497e-01	1.925734e-01	3.023457e+00	4.282345e-01
TCGA-DJ-A3UR-01A-11R-A22L-07	2.304883e-01	0	3.254323e-01	0	6.888413e-01	1.545397e-01
TCGA-DJ-A3US-01A-11R-A22L-07	1.081634e+00	4.765884e-01	9.003220e-01	1.739700e+00	4.583894e-01	2.037404e-01
TCGA-DJ-A3UT-01A-11R-A22L-07	0	1.525916e-01	1.834978e+00	2.281193e+00	5.677567e-01	6.164861e-01
TCGA-DJ-A3UU-01A-11R-A22L-07	6.689934e-01	1.766578e-01	1.123607e+00	2.526404e-01	1.311904e+00	7.784514e-02
TCGA-DJ-A3UW-01A-11R-A22L-07	1.086424e+00	6.083751e-01	6.854528e-01	3.313754e-01	1.755541e+00	5.906609e-01
TCGA-DJ-A3UX-01A-11R-A22L-07	6.627329e-01	2.358665e-01	1.894646e+00	3.461717e-01	8.352263e-01	5.282540e-01
TCGA-DJ-A3UY-01A-21R-A22L-07	5.398640e-01	5.985318e-01	1.312840e+00	1.495959e-01	2.134872e+00	6.482539e-01
TCGA-DJ-A3UZ-01A-11R-A22U-07	6.833856e-01	2.337082e-01	1.928888e+00	1.388455e+00	5.566108e-01	3.513987e-01
TCGA-DJ-A3V0-01A-11R-A22U-07	3.722687e-01	3.336110e-01	8.372515e-01	3.057725e-01	2.698773e+00	5.900512e-01
TCGA-DJ-A3V2-01A-11R-A22U-07	1.071267e+00	3.997679e-02	2.007823e-01	3.624920e-01	8.828946e-01	2.563735e-01
TCGA-DJ-A3V3-01A-11R-A22U-07	7.427752e-01	3.886065e-01	6.616118e-01	1.217619e+00	7.502092e-01	1.442657e-01
TCGA-DJ-A3V4-01A-11R-A22U-07	4.545140e-01	3.288930e-01	1.303248e+00	1.882958e-01	1.753743e+00	5.670335e-01
TCGA-DJ-A3V5-01A-11R-A22U-07	2.827930e-01	4.178164e-01	6.313535e-01	0	2.604410e+00	5.041248e-01
TCGA-DJ-A3V7-01A-11R-A23N-07	3.880075e-01	1.026340e+00	0	3.080021e-01	9.999335e-01	9.263433e-01
TCGA-DJ-A3V8-01A-11R-A23N-07	3.072817e-01	1.361456e+00	4.136902e-01	1.742193e-01	1.390408e+00	8.149669e-01
TCGA-DJ-A3V9-01A-11R-A23N-07	5.141447e-01	8.409677e-01	9.975516e-01	4.641990e-01	1.014845e+00	1.167464e-01
TCGA-DJ-A3VA-01A-11R-A23N-07	4.973166e-01	9.184883e-01	0	1.598778e-01	7.900053e-01	4.298108e-01
TCGA-DJ-A3VB-01A-11R-A23N-07	5.730080e-01	1.301315e+00	0	3.655500e-01	2.088109e+00	9.589832e-01
TCGA-DJ-A3VD-01A-11R-A23N-07	1.148830e+00	7.424803e-01	7.879669e-01	0	2.410397e+00	3.890052e-01
TCGA-DJ-A3VE-01A-11R-A23N-07	2.848171e-01	9.575649e-01	1.572130e-01	0	1.425428e+00	1.192666e-01
TCGA-DJ-A3VF-01A-11R-A23N-07	5.718580e-01	4.654143e-01	4.648751e-01	3.368719e-01	3.596458e+00	5.128198e-01
TCGA-DJ-A3VG-01A-11R-A23N-07	2.168120e-01	2.295208e-01	9.865429e-01	2.686132e+00	7.191185e-01	3.447713e-01
TCGA-DJ-A3VI-01A-11R-A23N-07	4.276646e-01	1.299275e+00	0	0	8.961696e-01	7.636579e-01
TCGA-DJ-A3VJ-01A-11R-A23N-07	5.551395e-01	1.172668e+00	4.342615e-01	7.380250e-01	1.499684e+00	3.142973e-01
TCGA-DJ-A3VK-01A-11R-A23N-07	2.121714e-01	0	2.455336e-01	2.822547e+00	7.803934e-01	2.882310e-01
TCGA-DJ-A3VL-01A-11R-A23N-07	9.052339e-01	0	1.113976e+00	2.605814e+00	3.345896e-01	5.198411e-01
TCGA-DJ-A3VM-01A-11R-A23N-07	1.484241e-01	0	2.619430e-01	2.636182e+00	1.126672e+00	6.603570e-01
TCGA-DJ-A4UL-01A-11R-A250-07	4.422220e-01	1.266807e-01	1.748398e-01	1.314514e-01	8.422856e-01	3.909148e-01
TCGA-DJ-A4UP-01A-11R-A250-07	8.886489e-01	1.610408e-01	1.476565e+00	1.937056e+00	9.940475e-01	2.120930e-01
TCGA-DJ-A4UQ-01A-11R-A250-07	4.886810e-01	7.158138e-01	1.038399e+00	1.145254e+00	1.601288e+00	1.928328e-01
TCGA-DJ-A4UR-01A-11R-A250-07	4.953730e-01	0	3.230504e-01	3.111049e+00	1.147172e+00	2.059689e-01
TCGA-DJ-A4UT-01A-11R-A250-07	9.530630e-01	7.511761e-01	2.406964e-01	1.394133e+00	1.953019e+00	3.008357e-01
TCGA-DJ-A4UW-01A-11R-A250-07	4.193127e-01	5.275415e-02	1.715568e+00	9.136142e-01	2.170001e+00	1.448232e-01
TCGA-DJ-A4V0-01A-11R-A250-07	1.101117e+00	5.694114e-02	1.558099e+00	1.563622e+00	6.661318e-01	2.842114e-01
TCGA-DJ-A4V2-01A-11R-A250-07	4.859771e-01	1.721074e+00	3.387924e-02	2.459839e-01	1.471826e+00	6.294171e-01
TCGA-DJ-A4V4-01A-11R-A250-07	3.094860e-01	4.223628e-01	1.257484e+00	3.894523e-01	1.751746e+00	5.718447e-01
TCGA-DJ-A4V5-01A-11R-A250-07	8.633455e-01	9.924416e-01	1.351517e-01	1.151179e+00	1.750911e+00	2.339432e-01
TCGA-DO-A1JZ-11A-11R-A13Y-07	1.553343e-01	0	2.459116e+00	1.661004e-01	3.051290e-01	5.185630e-01
TCGA-DO-A1JZ-01A-11R-A13Y-07	4.317915e-02	9.821821e-01	0	8.294542e-01	5.168031e-01	2.017912e-01
TCGA-DO-A1K0-01A-11R-A13Y-07	1.902442e-01	5.994908e-01	0	1.312262e-02	1.559207e+00	4.062835e-01
TCGA-DO-A2HM-01B-11R-A22L-07	1.344599e+00	9.619013e-01	0	2.384842e-01	2.340257e+00	5.793412e-01
TCGA-E3-A3DY-01A-11R-A20F-07	6.237043e-01	6.714762e-02	0	0	9.403080e-01	3.763380e-01
TCGA-E3-A3DZ-01A-11R-A20F-07	3.903815e-02	0	6.463883e-01	2.362801e+00	7.167557e-01	1.757882e-01
TCGA-E3-A3E0-01A-11R-A20F-07	4.341167e-01	6.330504e-01	6.739514e-01	1.275398e+00	4.522617e-01	2.936003e-01
TCGA-E3-A3E1-01A-11R-A20F-07	4.398905e-01	9.808718e-01	3.959824e-01	4.512104e-01	1.241704e+00	8.918998e-01
TCGA-E3-A3E2-01A-11R-A20F-07	1.017058e+00	0	5.182712e-01	2.090256e-01	9.527858e-01	1.781765e-01
TCGA-E3-A3E3-01A-11R-A20F-07	2.946596e-01	6.574563e-01	0	0	1.423957e+00	8.755245e-01
TCGA-E3-A3E5-01A-11R-A20F-07	1.798390e-01	0	1.638605e-01	8.609026e-01	1.322175e+00	1.233975e-01
TCGA-E8-A242-01A-21R-A16R-07	8.643405e-01	1.196563e+00	0	0	2.543560e+00	7.621130e-01
TCGA-E8-A2EA-01A-11R-A180-07	1.083804e+00	1.008343e+00	7.264204e-01	2.792545e-01	2.072768e+00	6.927658e-01
TCGA-E8-A2JQ-11A-11R-A180-07	1.465569e+00	0	1.960320e+00	0	5.964500e-01	5.428691e-01
TCGA-E8-A2JQ-01A-11R-A180-07	1.279655e+00	1.279255e+00	0	7.002259e-02	2.181578e+00	6.231240e-01
TCGA-E8-A3X7-01A-11R-A22U-07	3.150330e-01	4.612015e-01	5.290962e-01	2.494850e-01	2.303583e+00	7.699761e-01
TCGA-E8-A413-01A-21R-A23N-07	5.778454e-01	4.323638e-01	1.410918e+00	1.361170e-01	2.583655e+00	3.601264e-01
TCGA-E8-A414-01A-11R-A23N-07	6.303930e-01	4.544445e-01	1.318842e+00	5.066426e-01	2.511895e+00	2.744550e-01
TCGA-E8-A415-01A-11R-A23N-07	3.906646e-01	7.759568e-01	1.406365e+00	1.658631e-01	1.053056e+00	7.186939e-01
TCGA-E8-A416-01A-11R-A23N-07	3.994212e-01	1.741275e-02	3.050320e+00	2.689400e-02	1.199652e+00	4.792742e-01
TCGA-E8-A417-01A-21R-A23N-07	6.762897e-01	4.564965e-01	0	5.870843e-02	1.287516e+00	6.874754e-01
TCGA-E8-A418-01A-11R-A23N-07	4.037972e-01	8.285796e-01	0	2.221900e-01	1.252221e+00	1.063083e+00
TCGA-E8-A419-01A-11R-A23N-07	1.056594e+00	1.465203e+00	0	0	1.688093e+00	6.772241e-01
TCGA-E8-A432-01A-11R-A23N-07	4.902069e-01	0	1.318241e-01	2.682394e+00	1.959749e+00	2.004763e-01
TCGA-E8-A433-01A-11R-A23N-07	5.108528e-01	6.827072e-01	1.399538e+00	2.050506e-01	2.097912e+00	7.329177e-01
TCGA-E8-A434-01A-11R-A23N-07	2.589094e-01	3.639298e-01	1.837309e+00	2.146812e-01	1.716812e+00	6.341913e-01
TCGA-E8-A436-01A-12R-A23W-07	6.681473e-01	8.605502e-01	1.052338e+00	1.401618e-01	1.898906e+00	4.995136e-01
TCGA-E8-A437-01A-12R-A23W-07	2.595791e-01	5.220324e-01	1.019699e+00	4.560524e-01	1.698473e+00	4.554810e-01
TCGA-E8-A438-01A-11R-A23W-07	3.090961e-01	0	1.039502e-02	3.006987e+00	1.252444e+00	1.265070e-01
TCGA-E8-A44K-01A-21R-A23W-07	5.297669e-01	8.805759e-01	2.770698e-01	3.100026e-01	2.389454e+00	7.901277e-01
TCGA-E8-A44M-01A-21R-A23W-07	1.382202e+00	1.889929e-01	5.248461e-01	1.721156e+00	1.245814e+00	1.707231e-01
TCGA-EL-A3CL-01A-11R-A19O-07	2.229097e-01	1.269530e+00	0	1.834666e-01	6.290996e-01	2.973309e-01
TCGA-EL-A3CM-01A-11R-A19O-07	3.678904e-01	1.433882e-01	4.784760e-01	1.898847e-01	3.024049e+00	5.219515e-01
TCGA-EL-A3CN-01A-12R-A20F-07	9.054635e-01	1.234681e+00	0	1.261581e-01	2.204657e+00	6.588965e-01
TCGA-EL-A3CO-01A-11R-A19O-07	9.210839e-01	1.733709e-01	2.287381e+00	6.300713e-02	1.735252e+00	5.172691e-01
TCGA-EL-A3CP-01A-11R-A19O-07	0	0	1.839522e-01	0	1.974518e+00	7.026458e-02
TCGA-EL-A3CR-01A-12R-A206-07	7.475404e-01	4.720147e-01	3.804395e-01	9.949396e-01	2.652842e+00	3.204276e-01
TCGA-EL-A3CS-01A-21R-A19O-07	3.585615e-02	2.446788e-01	2.982169e-01	0	2.019500e+00	1.264725e+00
TCGA-EL-A3CT-01A-12R-A206-07	5.264797e-01	9.723617e-01	0	5.570327e-01	2.510856e+00	7.778339e-01
TCGA-EL-A3CU-01A-11R-A19O-07	8.464979e-01	1.650331e-01	2.654654e-02	0	2.518522e+00	3.351612e-01
TCGA-EL-A3CV-01A-11R-A19O-07	9.765531e-01	4.457316e-01	2.212903e-01	0	2.946450e+00	6.060493e-01
TCGA-EL-A3CW-01A-11R-A19O-07	1.015928e+00	3.083191e-01	2.001312e+00	2.106568e-01	1.101683e+00	5.662995e-01
TCGA-EL-A3CX-01A-11R-A19O-07	5.018590e-01	0	0	0	1.533458e+00	1.081159e+00
TCGA-EL-A3CY-01A-11R-A19O-07	1.339396e+00	4.699250e-01	6.696052e-01	9.433311e-01	2.312310e+00	3.200479e-01
TCGA-EL-A3CZ-01A-11R-A19O-07	1.410178e-01	7.200051e-02	4.750789e-01	2.443970e+00	0	3.279450e-01
TCGA-EL-A3D0-01A-12R-A206-07	9.235588e-02	0	0	3.341422e-01	2.215452e+00	6.031844e-02
TCGA-EL-A3D1-01A-11R-A19O-07	3.516578e-01	1.197197e+00	5.134492e-01	1.369952e+00	1.557166e+00	4.286716e-01
TCGA-EL-A3D4-01A-11R-A19O-07	1.904302e-01	0	1.295320e+00	2.236880e+00	1.219941e+00	4.411578e-01
TCGA-EL-A3D5-01A-22R-A206-07	0	0	7.280102e-01	7.345940e-01	1.413376e+00	2.910569e-01
TCGA-EL-A3D6-01A-12R-A206-07	7.234858e-01	1.086759e+00	0	1.245911e-01	2.635938e+00	7.168447e-01
TCGA-EL-A3GO-01A-11R-A206-07	4.243680e-01	0	3.388509e-01	1.057767e+00	1.035554e+00	8.106394e-02
TCGA-EL-A3GP-01A-11R-A206-07	7.657567e-01	0	0	1.091197e+00	3.541602e+00	5.613767e-01
TCGA-EL-A3GQ-01A-11R-A206-07	4.006709e-01	0	1.377844e+00	4.077208e-01	1.543505e+00	0
TCGA-EL-A3GR-01A-21R-A206-07	3.651276e-01	1.511722e+00	1.148246e+00	3.527766e-01	1.555637e+00	1.524592e-01
TCGA-EL-A3GS-01A-11R-A20F-07	2.596907e-01	1.796432e+00	0	0	9.459003e-01	8.238358e-01
TCGA-EL-A3GU-01A-11R-A21D-07	2.590966e-01	7.201724e-01	3.970753e-01	5.999140e-01	3.229289e+00	5.097672e-01
TCGA-EL-A3GV-01A-11R-A21D-07	5.631370e-01	5.370063e-01	4.474022e-01	5.137618e-01	1.500758e+00	3.125807e-01
TCGA-EL-A3GW-01A-11R-A206-07	1.638588e-01	5.539035e-01	1.015953e-01	2.399912e+00	3.672859e-01	7.396958e-01
TCGA-EL-A3GX-01A-11R-A206-07	7.285085e-01	1.348338e+00	0	0	1.184447e+00	6.698127e-01
TCGA-EL-A3GY-01A-21R-A206-07	5.399083e-01	1.162971e+00	2.395583e-02	0	1.360202e+00	5.808242e-01
TCGA-EL-A3GZ-11A-11R-A20F-07	1.418931e-01	0	2.988769e+00	0	4.972804e-01	4.324106e-01
TCGA-EL-A3GZ-01A-11R-A20F-07	3.780609e-01	4.615320e-01	1.729827e-01	3.453581e-01	1.358061e+00	5.425615e-02
TCGA-EL-A3H1-11A-11R-A21D-07	6.890565e-01	0	2.867402e+00	7.348883e-03	4.011134e-01	8.218357e-01
TCGA-EL-A3H1-01A-11R-A21D-07	2.728586e-01	3.816081e-01	6.108811e-01	1.516667e+00	3.672071e-01	3.251492e-01
TCGA-EL-A3H2-11A-11R-A20F-07	1.182996e-01	0	2.720098e+00	0	5.011179e-01	6.758381e-01
TCGA-EL-A3H2-01A-11R-A20F-07	3.075229e-01	0	1.239772e+00	1.469453e-01	0	7.744053e-01
TCGA-EL-A3H3-01A-11R-A206-07	9.403526e-01	5.420835e-01	0	1.819217e+00	1.957137e+00	7.661872e-01
TCGA-EL-A3H4-01A-11R-A206-07	1.542735e-01	1.584697e+00	0	0	1.543661e+00	6.168704e-01
TCGA-EL-A3H5-01A-11R-A206-07	7.164774e-01	0	2.837625e-01	8.675400e-02	3.854162e+00	3.475899e-01
TCGA-EL-A3H7-11A-11R-A21D-07	7.806495e-01	2.566559e-01	2.837297e+00	0	9.034162e-01	5.602424e-01
TCGA-EL-A3H7-01A-11R-A21D-07	7.195458e-01	1.086985e+00	0	0	2.797247e+00	5.351313e-01
TCGA-EL-A3H8-01A-11R-A20F-07	1.956285e-01	8.447932e-01	0	0	1.516599e+00	3.225729e-01
TCGA-EL-A3MW-11A-11R-A20F-07	3.043821e-01	0	3.275808e+00	0	1.007064e+00	4.333858e-01
TCGA-EL-A3MW-01A-11R-A20F-07	3.617825e-01	0	0	3.641547e-01	8.695306e-01	2.076727e-01
TCGA-EL-A3MX-11A-11R-A21D-07	6.280843e-02	0	2.890453e+00	1.019793e-01	8.157533e-01	6.318864e-01
TCGA-EL-A3MX-01A-11R-A21D-07	1.678314e-01	9.722585e-01	0	3.317334e-01	1.168413e+00	2.877443e-01
TCGA-EL-A3MY-11A-12R-A21D-07	3.889675e-02	0	2.680772e+00	6.699135e-01	7.137430e-01	6.087950e-01
TCGA-EL-A3MY-01A-11R-A21D-07	5.822916e-01	9.493951e-01	3.240984e-02	0	3.403760e+00	5.169844e-01
TCGA-EL-A3MZ-01A-11R-A21D-07	3.001931e-01	6.203098e-01	0	3.546632e-01	2.911906e+00	6.355778e-01
TCGA-EL-A3N2-11A-11R-A20F-07	1.448330e-01	0	2.936880e+00	0	5.408881e-01	5.509570e-01
TCGA-EL-A3N2-01A-11R-A20F-07	3.892062e-01	7.027696e-01	0	3.822343e-01	1.967603e+00	5.214502e-01
TCGA-EL-A3N3-11A-11R-A20F-07	1.047761e+00	7.025441e-02	2.624875e+00	0	2.758514e-01	4.184797e-01
TCGA-EL-A3N3-01A-11R-A20F-07	8.953632e-01	1.325593e+00	0	2.042644e-02	2.098008e+00	7.003602e-01
TCGA-EL-A3T0-11A-12R-A22L-07	7.898401e-01	0	2.632539e+00	0	6.069392e-01	6.153110e-01
TCGA-EL-A3T0-01A-22R-A22L-07	4.936171e-01	1.968853e-01	1.486650e+00	1.659184e+00	1.415497e+00	2.086630e-01
TCGA-EL-A3T1-11A-11R-A22L-07	9.756548e-01	1.547119e-01	2.473955e+00	8.980643e-02	1.433656e+00	4.682417e-01
TCGA-EL-A3T1-01A-11R-A22L-07	7.570056e-01	8.547123e-01	0	0	2.410440e+00	5.839034e-01
TCGA-EL-A3T2-11A-11R-A22L-07	0	0	3.030515e+00	8.932968e-03	6.627352e-01	4.569171e-01
TCGA-EL-A3T2-01A-11R-A22L-07	8.878883e-02	4.596042e-01	8.113643e-01	2.019044e+00	1.815679e-01	2.311282e-01
TCGA-EL-A3T3-11A-11R-A22L-07	3.520714e-02	0	3.205397e+00	0	6.806221e-01	6.735187e-01
TCGA-EL-A3T3-01A-11R-A22L-07	4.185292e-01	1.521769e+00	3.978667e-01	9.784594e-02	1.211497e+00	4.126592e-01
TCGA-EL-A3T6-11A-11R-A220-07	8.924552e-01	2.160284e-01	2.991083e+00	0	4.529280e-01	6.371243e-01
TCGA-EL-A3T6-01A-11R-A220-07	9.749548e-01	1.891876e+00	0	0	1.101743e+00	8.479073e-01
TCGA-EL-A3T7-11A-21R-A22L-07	1.228482e-01	0	3.186846e+00	0	5.427095e-01	4.902904e-01
TCGA-EL-A3T7-01A-11R-A22L-07	3.728287e-01	1.233371e+00	7.446145e-02	0	8.944888e-01	3.029382e-01
TCGA-EL-A3T8-11A-11R-A22L-07	2.679592e-01	8.750899e-02	2.993900e+00	3.250622e-02	8.171483e-01	6.318923e-01
TCGA-EL-A3T8-01A-21R-A22L-07	3.367253e-01	6.818620e-01	1.001084e-02	7.168949e-01	1.191352e+00	3.732256e-02
TCGA-EL-A3T9-01A-21R-A22L-07	5.193259e-01	7.189388e-01	0	6.912007e-01	4.002076e+00	5.552928e-01
TCGA-EL-A3TA-11A-12R-A22L-07	2.806419e-01	0	3.026099e+00	0	3.329659e-01	6.216656e-01
TCGA-EL-A3TA-01A-12R-A22L-07	6.800139e-01	1.870920e-01	1.528278e+00	4.565535e-01	1.378729e+00	2.539658e-01
TCGA-EL-A3TB-11A-11R-A22L-07	3.941214e-01	0	3.045539e+00	0	6.377437e-01	5.821809e-01
TCGA-EL-A3TB-01A-11R-A22L-07	4.291425e-01	5.097887e-01	6.224683e-01	1.357130e+00	9.400743e-01	2.946365e-01
TCGA-EL-A3ZG-11A-13R-A23N-07	0	6.099525e-02	3.293290e+00	0	4.262608e-01	9.099360e-01
TCGA-EL-A3ZG-01A-11R-A23N-07	0	0	2.137231e-01	5.445304e-01	1.338598e+00	9.274824e-01
TCGA-EL-A3ZH-11A-11R-A23N-07	1.589528e-01	2.894906e-01	3.369959e+00	0	2.714803e-01	6.919355e-01
TCGA-EL-A3ZH-01A-31R-A23N-07	1.709421e-01	8.362013e-01	8.897056e-01	1.715886e+00	0	4.938458e-01
TCGA-EL-A3ZK-11A-11R-A23N-07	1.027010e+00	0	2.517450e+00	8.011837e-02	5.190592e-01	5.573325e-01
TCGA-EL-A3ZK-01A-21R-A23N-07	6.537581e-01	1.475115e+00	1.014374e-01	4.402145e-01	1.614300e+00	8.985304e-01
TCGA-EL-A3ZL-11A-11R-A23N-07	4.268641e-01	0	3.259583e+00	0	6.197340e-01	4.558945e-01
TCGA-EL-A3ZL-01A-11R-A23N-07	2.271141e-01	0	3.930055e-01	6.760865e-01	2.213931e+00	0
TCGA-EL-A3ZM-11A-12R-A23N-07	4.882993e-02	0	3.218310e+00	0	6.436950e-01	9.787734e-01
TCGA-EL-A3ZM-01A-12R-A23N-07	4.869419e-01	1.060316e+00	0	0	3.090730e+00	1.216668e+00
TCGA-EL-A3ZN-01A-11R-A23N-07	2.554389e-01	2.811363e-01	1.522486e+00	2.275088e+00	1.242910e+00	2.284325e-01
TCGA-EL-A3ZO-11A-12R-A23N-07	3.289468e-01	9.397458e-02	3.312922e+00	0	9.462255e-01	5.710901e-01
TCGA-EL-A3ZO-01A-11R-A23N-07	8.214849e-01	1.057301e+00	1.016409e-01	5.887271e-01	3.199858e+00	8.181019e-01
TCGA-EL-A3ZP-11A-11R-A23N-07	1.046640e+00	0	2.542741e+00	2.083024e-01	8.112136e-01	3.729422e-01
TCGA-EL-A3ZP-01A-11R-A23N-07	9.087283e-01	8.922744e-01	1.590714e-01	1.326690e+00	2.023226e+00	9.637501e-02
TCGA-EL-A3ZQ-11A-11R-A23N-07	5.323489e-01	4.353459e-02	3.316903e+00	0	6.541781e-01	5.464410e-01
TCGA-EL-A3ZQ-01A-11R-A23N-07	6.822969e-01	4.271165e-01	3.369853e-01	2.893501e-01	5.493651e-01	8.289762e-01
TCGA-EL-A3ZR-11A-11R-A23N-07	4.438795e-01	1.264075e-02	3.260189e+00	0	9.267091e-01	4.840264e-01
TCGA-EL-A3ZR-01A-11R-A23N-07	0	0	1.294242e-01	3.608731e+00	6.364347e-01	3.705422e-01
TCGA-EL-A3ZS-11A-11R-A23N-07	1.793014e+00	0	2.039006e+00	0	6.271692e-01	1.000800e+00
TCGA-EL-A3ZS-01A-12R-A23N-07	9.945772e-01	8.516658e-01	1.271966e+00	4.874555e-01	1.246151e+00	1.971051e-01
TCGA-EL-A3ZT-11A-13R-A23N-07	8.031587e-02	0	2.954752e+00	0	3.242342e-01	4.257067e-01
TCGA-EL-A3ZT-01A-12R-A23N-07	2.598139e-01	1.434810e+00	4.334174e-01	1.888622e-01	1.148143e+00	2.409873e-01
TCGA-EL-A4JV-01A-11R-A250-07	1.245655e-01	0	3.770457e-01	3.284766e+00	4.642297e-01	2.321496e-01
TCGA-EL-A4JW-01A-11R-A250-07	4.537427e-01	1.336549e+00	4.762621e-01	0	1.785466e+00	7.445306e-01
TCGA-EL-A4JX-01A-12R-A250-07	1.324286e+00	1.452693e+00	0	0	1.789434e+00	7.128531e-01
TCGA-EL-A4JZ-01A-11R-A250-07	8.789441e-01	9.843718e-05	0	1.472645e+00	2.682928e+00	1.006807e-01
TCGA-EL-A4K0-01A-11R-A250-07	5.425319e-01	3.834861e-01	2.070616e-01	5.861160e-01	1.527892e+00	2.594107e-02
TCGA-EL-A4K1-01A-11R-A250-07	3.399979e-01	4.133990e-01	1.864568e-01	1.339057e-01	2.383912e+00	7.226985e-01
TCGA-EL-A4K2-01A-11R-A250-07	7.380628e-01	5.218380e-01	1.103996e+00	1.565022e+00	5.216258e-01	3.780301e-01
TCGA-EL-A4K4-01A-11R-A250-07	4.268296e-01	1.005760e+00	1.829129e-02	0	3.170635e+00	6.452540e-01
TCGA-EL-A4K6-01A-12R-A250-07	0	2.121394e-01	8.805057e-02	3.460991e+00	1.163256e-02	3.504526e-01
TCGA-EL-A4K7-01A-11R-A250-07	8.147152e-02	9.659195e-01	0	0	1.017457e+00	9.015973e-01
TCGA-EL-A4K9-01A-11R-A250-07	4.621252e-01	4.321133e-01	0	6.876564e-01	1.197578e+00	2.129825e-01
TCGA-EL-A4KD-01A-11R-A250-07	5.706749e-01	7.222142e-01	2.041494e-01	2.426071e+00	1.058726e+00	2.245376e-01
TCGA-EL-A4KG-01A-11R-A250-07	5.723915e-01	1.428618e+00	0	0	1.964090e+00	7.071192e-01
TCGA-EL-A4KH-01A-11R-A250-07	2.897116e-01	5.672895e-03	9.325674e-01	6.915013e-01	1.118630e+00	3.719471e-01
TCGA-EL-A4KI-01A-11R-A250-07	0	6.726263e-02	0	2.671482e+00	9.986760e-01	5.940481e-01
TCGA-EM-A1CS-11A-21R-A13Y-07	3.143810e-01	0	2.666514e+00	0	4.234006e-01	8.659271e-01
TCGA-EM-A1CS-01A-11R-A13Y-07	2.691868e-01	0	1.272108e-02	2.268699e-01	1.113769e+00	1.170210e-02
TCGA-EM-A1CT-11A-11R-A13Y-07	0	0	3.053257e+00	0	6.766299e-01	8.957975e-01
TCGA-EM-A1CT-01A-11R-A13Y-07	5.093247e-01	3.663921e-01	1.409779e-02	0	1.273795e+00	6.228123e-01
TCGA-EM-A1CU-11A-11R-A13Y-07	5.820959e-01	0	2.700145e+00	0	0	5.421325e-01
TCGA-EM-A1CU-01A-11R-A13Y-07	3.982940e-01	1.429648e+00	0	1.687019e-01	1.025336e+00	1.946927e-01
TCGA-EM-A1CV-11A-11R-A13Y-07	0	0	2.773230e+00	0	3.633608e-01	6.290538e-01
TCGA-EM-A1CV-01A-11R-A13Y-07	1.118300e-01	0	0	8.369377e-01	9.422018e-01	2.254998e-02
TCGA-EM-A1CW-11A-12R-A13Y-07	3.666830e-01	0	2.550966e+00	0	0	4.820731e-01
TCGA-EM-A1CW-01A-21R-A13Y-07	7.574070e-01	1.093999e-01	1.248580e+00	7.320784e-01	2.696557e-01	1.366034e+00
TCGA-EM-A1YA-01A-11R-A14Y-07	2.086719e-01	0	9.799862e-01	0	7.133757e-01	1.464348e+00
TCGA-EM-A1YB-01A-11R-A14Y-07	2.173983e-01	0	0	2.433391e-01	9.408389e-01	2.047744e+00
TCGA-EM-A1YC-11A-11R-A14Y-07	7.330022e-01	0	2.986840e+00	1.707502e-01	9.271569e-01	5.835710e-01
TCGA-EM-A1YC-01A-11R-A14Y-07	4.918062e-02	7.433105e-02	7.696234e-01	2.405987e-01	1.813684e-01	1.758690e+00
TCGA-EM-A1YD-01A-11R-A14Y-07	4.270876e-01	0	2.031900e+00	1.580145e-01	1.072208e+00	3.731966e-01
TCGA-EM-A1YE-01A-11R-A14Y-07	2.193877e-01	0	1.382692e+00	4.199986e-01	5.022611e-01	6.985959e-01
TCGA-EM-A22I-01A-11R-A180-07	3.917246e-01	1.074340e+00	0	2.978532e-01	2.135237e+00	6.322652e-01
TCGA-EM-A22J-01A-11R-A180-07	1.857604e-01	0	0	2.574121e+00	0	1.104581e+00
TCGA-EM-A22K-01A-11R-A180-07	1.270920e-01	0	1.180127e-01	3.067744e+00	3.821154e-01	1.756378e-01
TCGA-EM-A22L-01A-11R-A180-07	0	0	1.376538e-01	3.160527e+00	3.375439e-01	3.020460e-01
TCGA-EM-A22M-01A-11R-A32Y-07	1.275803e+00	2.743345e-01	0	1.337928e+00	1.387376e+00	3.114073e-01
TCGA-EM-A22N-01A-11R-A180-07	5.415893e-01	0	8.301066e-01	3.900796e-01	5.166762e-01	1.465975e+00
TCGA-EM-A22O-01A-11R-A180-07	1.659615e-01	3.537784e-01	0	0	5.499697e-01	1.422713e+00
TCGA-EM-A22P-01A-11R-A19O-07	9.306950e-01	0	4.879845e-01	9.524960e-01	2.292183e+00	1.279047e-02
TCGA-EM-A22Q-01A-11R-A180-07	2.473232e-01	0	5.088583e-01	2.165892e+00	2.858729e-01	7.291409e-01
TCGA-EM-A2CJ-01A-11R-A180-07	9.579846e-02	4.707017e-01	1.024828e+00	7.907161e-01	3.016463e-01	5.217369e-01
TCGA-EM-A2CK-01A-11R-A180-07	5.116556e-02	0	4.884362e-01	2.494635e+00	2.058938e-01	4.369434e-01
TCGA-EM-A2CL-01A-11R-A180-07	0	4.005354e-02	5.052432e-01	1.414873e+00	2.969779e-01	2.815822e-01
TCGA-EM-A2CN-01A-11R-A19O-07	0	5.048344e-01	2.971479e-01	2.299241e+00	3.558391e-01	4.650434e-01
TCGA-EM-A2CO-01A-11R-A19O-07	1.728418e-01	0	4.021338e-01	6.355425e-01	6.022292e-01	1.769773e+00
TCGA-EM-A2CP-01A-11R-A180-07	1.513109e+00	0	1.236874e-01	7.976856e-01	4.801720e-01	8.279046e-01
TCGA-EM-A2CQ-01A-11R-A180-07	2.068221e-01	4.617648e-01	5.777362e-01	9.842430e-01	5.511015e-01	1.230287e+00
TCGA-EM-A2CR-01A-11R-A180-07	2.689381e-01	0	8.408490e-03	2.240922e+00	7.575842e-01	4.771392e-01
TCGA-EM-A2CS-06A-11R-A180-07	1.655124e-01	4.060167e-01	9.770644e-01	1.116304e+00	1.332526e+00	3.573339e-01
TCGA-EM-A2CS-01A-11R-A180-07	1.254320e-01	3.531944e-01	7.396581e-01	1.135587e+00	1.361975e+00	1.198229e-01
TCGA-EM-A2CT-01A-11R-A180-07	9.754618e-02	0	3.156985e-01	1.296379e+00	6.136627e-01	1.499031e+00
TCGA-EM-A2CU-01A-12R-A180-07	7.219098e-01	3.355873e-01	3.210784e-01	2.482741e+00	1.017047e+00	2.423998e-01
TCGA-EM-A2OV-01A-11R-A206-07	1.807553e-01	0	9.273082e-01	0	4.841384e-01	1.396920e+00
TCGA-EM-A2OW-01A-11R-A206-07	4.194705e-01	0	8.321818e-01	2.939241e-01	7.864797e-01	1.336801e+00
TCGA-EM-A2OX-01A-11R-A206-07	3.115950e-01	3.120623e-01	0	1.266043e+00	1.558767e+00	2.083265e-01
TCGA-EM-A2OY-01A-11R-A206-07	1.436671e-01	0	1.564490e-02	6.102025e-01	0	1.951888e+00
TCGA-EM-A2OZ-01A-11R-A206-07	3.197011e-01	5.860492e-01	0	1.147794e-01	1.075774e+00	1.031007e+00
TCGA-EM-A2P0-01A-11R-A206-07	2.859997e-01	9.705096e-01	8.364882e-01	4.085537e-01	9.725732e-01	3.110784e-01
TCGA-EM-A2P1-06A-11R-A206-07	1.047318e+00	8.696830e-01	0	3.885021e-02	2.157593e+00	6.902215e-01
TCGA-EM-A2P1-01A-11R-A206-07	1.262899e+00	8.085138e-01	7.177472e-02	3.450197e-01	2.087790e+00	6.469766e-01
TCGA-EM-A2P2-01A-11R-A206-07	0	3.170709e-01	0	2.573146e+00	6.530768e-01	2.916859e-01
TCGA-EM-A2P3-01A-11R-A206-07	3.953353e-01	2.584074e-01	6.438127e-01	0	2.501120e+00	3.408162e-01
TCGA-EM-A3AI-01A-11R-A206-07	1.652897e-02	0	9.562447e-01	3.756340e-01	7.151415e-01	5.908778e-01
TCGA-EM-A3AJ-01A-11R-A206-07	1.191522e+00	1.929039e-01	2.162361e-01	0	9.832547e-01	5.947298e-01
TCGA-EM-A3AK-01A-11R-A206-07	3.901072e-01	2.411578e-01	3.223551e-01	1.276826e+00	1.514360e+00	1.529417e-01
TCGA-EM-A3AL-01A-11R-A206-07	1.948675e-01	1.023217e-01	5.834434e-01	5.852952e-01	8.009310e-01	3.047894e-01
TCGA-EM-A3AN-01A-11R-A206-07	3.338369e-01	2.706148e-01	7.812265e-02	1.144800e+00	1.213907e+00	3.211271e-01
TCGA-EM-A3AO-01A-11R-A206-07	8.755565e-01	5.247458e-01	8.561961e-02	2.023134e+00	9.980428e-01	2.494868e-01
TCGA-EM-A3AP-01A-12R-A20F-07	2.777830e-01	0	0	2.509682e+00	9.757542e-01	1.098102e-01
TCGA-EM-A3AQ-01A-11R-A20F-07	3.376142e-01	3.368870e-01	1.601676e-01	1.829009e+00	1.096440e+00	2.937223e-01
TCGA-EM-A3AR-01A-12R-A20F-07	2.717154e-01	3.390749e-01	2.308020e+00	4.736856e-01	1.264428e+00	3.336458e-01
TCGA-EM-A3FJ-01A-11R-A21D-07	2.869204e-01	4.729478e-02	8.602333e-01	1.890070e-01	1.324758e+00	2.136287e-01
TCGA-EM-A3FK-01A-11R-A21D-07	2.319448e-02	1.930303e+00	0	1.859890e-01	8.414243e-01	3.508739e-01
TCGA-EM-A3FL-01A-11R-A21D-07	4.350348e-01	1.579453e-01	1.591712e+00	0	2.508880e-02	1.351410e+00
TCGA-EM-A3FM-01A-11R-A21D-07	5.278041e-01	1.094508e+00	0	1.037019e-01	2.483068e+00	1.020340e+00
TCGA-EM-A3FN-01A-11R-A21D-07	1.121915e-01	0	9.904922e-01	2.939443e-01	7.394711e-01	6.821398e-01
TCGA-EM-A3FO-01A-11R-A21D-07	3.650372e-02	2.091921e+00	0	6.887258e-01	9.210296e-01	5.267366e-01
TCGA-EM-A3FP-01A-11R-A21D-07	7.608899e-01	0	6.050956e-01	2.601216e+00	5.528176e-01	7.188587e-01
TCGA-EM-A3FQ-06A-11R-A21D-07	4.207159e-01	5.549097e-01	2.296938e-01	2.572243e+00	4.158654e-01	2.497045e-01
TCGA-EM-A3FQ-01A-11R-A21D-07	1.013673e+00	9.502607e-01	8.519873e-01	1.205488e+00	1.901305e+00	5.218641e-01
TCGA-EM-A3FR-01A-11R-A220-07	2.274011e-01	4.590043e-01	1.498788e+00	1.055524e+00	3.438523e-01	4.482182e-01
TCGA-EM-A3O3-01A-11R-A220-07	1.057882e+00	8.115831e-01	0	1.276494e+00	2.513229e+00	7.301379e-01
TCGA-EM-A3O6-01A-11R-A220-07	2.068483e-01	0	9.756427e-01	4.565896e-01	6.537461e-01	7.461992e-01
TCGA-EM-A3O7-01A-11R-A220-07	2.037889e-01	0	0	0	2.809501e-01	1.969157e-01
TCGA-EM-A3O8-01A-11R-A220-07	0	0	3.247948e-01	3.080125e+00	2.270173e-01	4.457891e-01
TCGA-EM-A3O9-01A-11R-A220-07	6.147301e-01	0	0	3.562959e-01	8.617758e-01	2.265561e+00
TCGA-EM-A3OA-01A-11R-A220-07	2.422985e-01	0	0	1.145005e+00	8.332290e-03	1.531249e+00
TCGA-EM-A3OB-01A-11R-A220-07	0	2.516980e-01	1.841716e-01	3.685327e+00	1.726604e-01	4.516470e-01
TCGA-EM-A3ST-11A-11R-A22U-07	3.061322e-01	0	2.945565e+00	9.214273e-02	3.564831e-01	1.065432e+00
TCGA-EM-A3ST-01A-11R-A22U-07	1.135112e-01	3.238889e-01	0	2.599164e+00	5.075186e-02	4.963210e-01
TCGA-EM-A3SU-06A-11R-A22U-07	1.208923e+00	1.150203e+00	3.751075e-02	7.219830e-01	1.712134e+00	5.337000e-01
TCGA-EM-A3SU-01A-11R-A22U-07	9.540408e-01	9.462230e-01	0	5.653841e-01	1.371932e+00	1.110087e+00
TCGA-EM-A3SX-01A-11R-A22U-07	1.820945e-01	1.291176e-02	0	7.268597e-01	1.048519e+00	0
TCGA-EM-A3SY-01A-11R-A22U-07	4.444394e-01	0	0	0	5.200984e-01	2.466494e+00
TCGA-EM-A3SZ-01A-11R-A22U-07	7.405425e-01	1.336079e+00	0	9.679897e-02	1.385582e+00	8.166085e-01
TCGA-EM-A4FF-01A-11R-A250-07	6.398689e-01	6.536139e-01	0	5.472834e-01	1.881678e+00	4.154108e-01
TCGA-EM-A4FH-01A-11R-A250-07	0	0	1.054867e+00	4.693835e-02	3.463413e-01	5.543935e-01
TCGA-EM-A4FK-01A-11R-A250-07	0	0	0	1.306098e+00	2.676639e-01	1.385018e+00
TCGA-EM-A4FM-01A-11R-A250-07	4.134950e-01	4.289557e-01	0	0	3.202396e+00	5.083611e-01
TCGA-EM-A4FN-01A-11R-A250-07	4.443823e-01	5.211801e-01	0	1.458063e-01	1.606889e+00	7.844280e-01
TCGA-EM-A4FO-01A-11R-A250-07	1.231766e+00	0	8.046750e-01	1.147444e+00	1.523799e+00	3.909657e-01
TCGA-EM-A4FQ-01A-11R-A250-07	5.597347e-01	8.213247e-01	0	6.325111e-01	2.134485e+00	7.691837e-01
TCGA-EM-A4FR-01A-11R-A250-07	2.812023e-01	0	0	3.360503e+00	9.178708e-01	1.494596e-01
TCGA-EM-A4FU-01A-11R-A250-07	3.112231e-01	0	3.466653e-01	3.407425e+00	1.134640e+00	5.655950e-01
TCGA-EM-A4FV-01A-11R-A250-07	8.979954e-01	1.867722e-01	3.124183e-01	8.099109e-01	9.274493e-01	1.385021e-01
TCGA-EM-A4G1-01A-11R-A250-07	4.055056e-01	4.524539e-01	4.889360e-01	1.399083e+00	5.301360e-01	1.047702e+00
TCGA-ET-A25G-01A-11R-A16R-07	2.381233e-01	2.050349e+00	0	0	2.267602e+00	9.311811e-01
TCGA-ET-A25I-01A-11R-A16R-07	6.616730e-01	0	0	2.332182e+00	3.052845e-01	1.021820e+00
TCGA-ET-A25J-01A-11R-A16R-07	2.871736e-01	0	0	4.195906e-01	2.015818e+00	8.006230e-01
TCGA-ET-A25K-01A-11R-A16R-07	1.798907e-01	8.276687e-01	4.491084e-01	4.127334e-01	1.327381e+00	0
TCGA-ET-A25L-01A-11R-A16R-07	3.699814e-01	4.567354e-01	0	3.351951e-01	3.092649e+00	4.977672e-01
TCGA-ET-A25M-01A-11R-A16R-07	9.631868e-02	2.110599e-01	2.515340e-01	0	2.615788e+00	5.356143e-01
TCGA-ET-A25N-01A-11R-A16R-07	2.623086e-01	1.671351e+00	4.704657e-01	5.096030e-01	7.170911e-01	3.270660e-01
TCGA-ET-A25O-01A-11R-A16R-07	0	0	0	0	6.396911e-01	5.429464e-01
TCGA-ET-A25P-01A-11R-A16R-07	2.353040e-01	4.309900e-02	9.611325e-02	3.161774e+00	1.029391e+00	2.171002e-01
TCGA-ET-A25R-01A-11R-A16R-07	4.658727e-01	4.980983e-01	0	0	2.410664e+00	5.219263e-01
TCGA-ET-A2MX-11C-11R-A23N-07	2.799008e-01	2.474888e-02	3.001093e+00	0	4.033318e-01	6.809069e-01
TCGA-ET-A2MX-01A-11R-A23N-07	1.590151e-01	1.393749e+00	0	0	1.410782e+00	1.513344e+00
TCGA-ET-A2MY-01A-11R-A18C-07	2.198849e-01	5.375208e-01	0	3.595612e-01	1.739859e+00	9.818744e-01
TCGA-ET-A2MZ-01A-12R-A19O-07	2.205223e-01	1.986215e-01	0	5.796652e-01	1.200428e+00	1.487633e-01
TCGA-ET-A2N0-01A-11R-A18C-07	6.557726e-01	1.158974e+00	1.136920e+00	0	8.956131e-01	1.350809e+00
TCGA-ET-A2N3-01B-21R-A23N-07	0	3.198927e-01	8.057053e-01	9.392752e-01	3.267617e-01	3.465314e-01
TCGA-ET-A2N4-01A-12R-A19O-07	1.278344e-01	0	0	1.585367e+00	8.190460e-01	2.111978e-01
TCGA-ET-A2N5-11B-11R-A18C-07	0	0	2.743870e+00	0	3.277521e-01	6.959384e-01
TCGA-ET-A2N5-01A-11R-A18C-07	1.003735e-01	0	4.613805e-01	3.014118e+00	5.718498e-02	6.864880e-01
TCGA-ET-A39I-01A-11R-A19O-07	0	0	5.955691e-01	2.634665e+00	8.559331e-02	4.547532e-01
TCGA-ET-A39J-01A-11R-A19O-07	1.543457e-01	9.343023e-01	2.458752e-01	5.896873e-01	1.455340e+00	9.746736e-02
TCGA-ET-A39K-01A-11R-A19O-07	4.194406e-01	7.468889e-01	4.748109e-01	2.322355e-01	1.168248e+00	5.346551e-01
TCGA-ET-A39L-01A-12R-A19O-07	2.161716e-01	0	1.684609e-01	1.396430e+00	4.687238e-01	2.624131e-01
TCGA-ET-A39M-01A-11R-A19O-07	1.088227e+00	1.531116e-01	0	1.073708e+00	1.149458e+00	3.715018e-01
TCGA-ET-A39N-01A-11R-A19O-07	3.731918e-01	3.245009e-01	0	0	1.074411e+00	8.083398e-01
TCGA-ET-A39O-01A-11R-A19O-07	6.287071e-01	9.366121e-01	0	0	2.380390e+00	8.375734e-01
TCGA-ET-A39P-01A-21R-A19O-07	2.055329e-01	4.042507e-01	0	9.775442e-02	2.243905e+00	7.078864e-01
TCGA-ET-A39R-01A-11R-A19O-07	1.085350e+00	3.180788e-01	0	1.430644e+00	1.501163e+00	2.658945e-01
TCGA-ET-A39S-01A-11R-A19O-07	2.400143e-01	6.207333e-01	1.613627e+00	4.593062e-01	1.177599e+00	3.013541e-01
TCGA-ET-A39T-01A-11R-A19O-07	1.798451e-01	6.808988e-01	0	0	5.468066e-01	1.256473e+00
TCGA-ET-A3BN-01A-11R-A19O-07	3.244646e-02	1.866812e+00	3.615856e-01	6.577255e-01	1.045922e+00	4.884641e-01
TCGA-ET-A3BO-01A-11R-A19O-07	8.062638e-01	5.567954e-01	0	4.744413e-01	1.770045e+00	3.341717e-01
TCGA-ET-A3BP-01A-21R-A19O-07	2.196286e-01	0	0	8.265087e-01	1.125010e+00	4.467745e-01
TCGA-ET-A3BQ-01B-11R-A206-07	3.348475e-01	7.046189e-01	3.964297e-01	5.922335e-01	1.168604e+00	6.665123e-02
TCGA-ET-A3BS-01A-11R-A206-07	1.118722e+00	0	0	2.516278e-01	7.858866e-01	2.032188e-01
TCGA-ET-A3BT-01A-11R-A19O-07	4.135575e-01	3.916487e-01	7.295561e-02	0	1.876027e+00	5.709884e-01
TCGA-ET-A3BU-01A-11R-A19O-07	3.191767e-01	1.297024e+00	0	7.925462e-01	1.146805e+00	2.580336e-01
TCGA-ET-A3BV-01A-11R-A19O-07	5.835653e-01	1.044863e+00	2.820441e-02	0	3.371091e+00	3.281435e-01
TCGA-ET-A3BW-01A-11R-A19O-07	0	0	0	6.407411e-01	2.760562e-01	9.857615e-02
TCGA-ET-A3BX-01A-11R-A19O-07	3.082920e-01	2.273788e+00	0	0	1.198174e+00	7.125860e-01
TCGA-ET-A3DO-01A-11R-A19O-07	1.085193e+00	1.292306e+00	0	0	2.026572e+00	6.201664e-01
TCGA-ET-A3DP-11A-22R-A21D-07	4.588349e-02	5.801874e-02	3.196862e+00	0	5.444819e-01	6.667512e-01
TCGA-ET-A3DP-01A-11R-A21D-07	4.576371e-01	5.515615e-01	8.084893e-01	5.020910e-01	1.230803e+00	1.900706e-01
TCGA-ET-A3DQ-01A-11R-A19O-07	8.994618e-01	5.955627e-02	1.419364e+00	2.107705e+00	9.451287e-01	4.608978e-01
TCGA-ET-A3DR-01A-11R-A19O-07	6.544607e-02	1.365759e+00	1.513293e+00	0	9.663459e-01	2.604527e-01
TCGA-ET-A3DS-01A-11R-A19O-07	5.439212e-01	0	1.462393e+00	2.831472e-01	3.709012e-01	6.839125e-01
TCGA-ET-A3DT-01A-11R-A19O-07	1.356829e+00	2.163301e-01	2.432503e-02	5.050772e-01	1.466782e+00	1.426484e-01
TCGA-ET-A3DU-01A-11R-A19O-07	1.269871e+00	1.163424e+00	0	0	1.905413e+00	6.557877e-01
TCGA-ET-A3DV-01A-12R-A206-07	0	4.212362e-01	8.109756e-01	5.874541e-01	4.129105e-01	6.579921e-01
TCGA-ET-A3DW-11A-11R-A19O-07	0	2.433255e-01	2.634961e+00	1.883164e-01	3.852068e-01	9.217383e-01
TCGA-ET-A3DW-01A-11R-A19O-07	4.736888e-01	1.294371e+00	0	7.433590e-02	9.303539e-01	9.319695e-01
TCGA-ET-A40P-01A-11R-A23N-07	3.168178e-01	0	1.095353e+00	2.521886e+00	8.090824e-01	4.963283e-01
TCGA-ET-A40Q-01A-11R-A23N-07	7.748415e-01	3.633556e-01	0	2.907276e-01	2.460798e+00	6.755740e-01
TCGA-ET-A40R-01A-11R-A23N-07	7.168524e-01	2.678419e-01	1.131820e+00	1.478817e+00	8.582523e-01	3.772205e-01
TCGA-ET-A40S-01A-11R-A23N-07	9.354920e-01	8.214671e-01	8.508383e-02	2.259459e+00	1.262570e+00	5.203129e-01
TCGA-ET-A40T-01A-11R-A23N-07	7.107288e-01	4.004384e-01	4.319888e-01	1.019743e+00	1.724435e+00	4.139141e-03
TCGA-ET-A4KN-01A-11R-A250-07	1.252249e+00	1.521215e+00	3.646509e-02	1.942948e-01	2.126926e+00	1.579928e+00
TCGA-ET-A4KQ-01A-12R-A250-07	8.046501e-03	0	1.325418e+00	2.958319e+00	6.886701e-01	3.223680e-01
TCGA-FE-A22Z-01A-11R-A16R-07	1.678837e-01	8.952247e-01	0	0	2.820499e+00	5.228019e-01
TCGA-FE-A230-01A-11R-A14Y-07	9.256107e-01	1.221347e+00	0	0	1.000695e+00	6.728140e-01
TCGA-FE-A231-01A-11R-A14Y-07	2.954873e-01	3.117744e-01	0	1.195101e-01	1.020689e+00	1.084877e+00
TCGA-FE-A232-01A-11R-A14Y-07	6.391848e-01	6.212972e-01	7.923768e-01	1.333655e-01	1.597496e+00	6.598856e-01
TCGA-FE-A233-01A-11R-A14Y-07	1.357023e-01	1.265949e+00	0	0	1.216956e+00	8.592577e-01
TCGA-FE-A234-01A-11R-A14Y-07	4.431435e-01	8.940900e-01	0	5.983832e-02	2.074182e+00	5.517874e-01
TCGA-FE-A235-01A-11R-A16R-07	4.483209e-01	7.679803e-01	8.652615e-01	6.523385e-01	1.184924e+00	2.893282e-01
TCGA-FE-A236-01A-11R-A16R-07	2.163049e-01	3.499326e-01	0	0	1.271861e+00	9.827405e-01
TCGA-FE-A237-01A-11R-A16R-07	3.947696e-01	2.830627e-01	4.447294e-01	3.619470e-01	2.368097e+00	4.449945e-01
TCGA-FE-A238-01A-11R-A16R-07	4.587940e-01	6.948837e-01	0	0	1.238554e+00	7.414839e-01
TCGA-FE-A239-01A-11R-A16R-07	1.447612e-01	0	4.990301e-01	2.602118e-01	6.673351e-01	5.219449e-01
TCGA-FE-A23A-01A-11R-A16R-07	9.655269e-01	1.295960e+00	0	0	1.618681e+00	6.717229e-01
TCGA-FE-A3PA-01A-12R-A220-07	3.704996e-01	2.971616e-01	0	2.644659e+00	1.417738e+00	1.279787e-01
TCGA-FE-A3PB-01A-11R-A220-07	7.459379e-01	1.617545e-01	6.951018e-01	1.895195e-01	3.181356e+00	5.353741e-01
TCGA-FE-A3PC-01A-11R-A220-07	4.918576e-01	7.778988e-01	2.306996e-01	5.887593e-01	1.369981e+00	4.344891e-01
TCGA-FE-A3PD-01A-11R-A220-07	6.692916e-01	2.651197e-01	0	2.435062e+00	9.458986e-01	2.794318e-01
TCGA-FK-A3S3-01A-11R-A22L-07	2.011626e-01	2.298809e-02	4.486970e-01	2.086090e+00	9.382163e-01	2.093681e-01
TCGA-FK-A3SB-01A-11R-A22L-07	2.437180e-01	4.016758e-01	6.040502e-02	1.054641e+00	1.185930e+00	0
TCGA-FK-A3SD-01A-11R-A22L-07	0	7.479095e-02	1.512489e+00	1.341940e-01	3.973571e-01	7.336285e-01
TCGA-FK-A3SE-01A-11R-A22L-07	2.546507e-01	1.665729e+00	1.234062e+00	3.481662e-02	1.224447e+00	5.218185e-01
TCGA-FK-A3SG-01A-11R-A22L-07	2.010677e-01	8.866931e-01	3.524383e-01	1.625987e+00	1.065780e+00	4.153244e-01
TCGA-FK-A3SH-01A-11R-A22L-07	8.569961e-02	1.078376e+00	0	3.919070e-01	1.058539e+00	2.929651e-01
TCGA-FK-A4UB-01A-11R-A250-07	1.889424e-01	1.509645e-01	3.711155e-01	1.331976e+00	1.197286e+00	7.382776e-02
TCGA-FY-A2QD-01A-11R-A19O-07	0	5.413497e-01	1.054083e+00	0	0	5.901744e-01
TCGA-FY-A3BL-01A-11R-A19O-07	4.204426e-02	5.681601e-01	0	0	9.471777e-01	9.019646e-01
TCGA-FY-A3I4-01A-11R-A21D-07	5.226211e-01	1.180885e+00	1.679533e+00	7.112097e-01	1.909843e+00	2.776157e-01
TCGA-FY-A3I5-01B-11R-A220-07	6.494046e-01	0	1.621456e+00	1.021304e-02	7.501034e-01	9.245104e-01
TCGA-FY-A3NM-01A-11R-A21D-07	8.852503e-02	0	1.198179e+00	3.754912e-01	3.243500e-02	8.211087e-01
TCGA-FY-A3NN-01A-11R-A21D-07	3.106727e-01	6.017872e-02	0	4.184719e-01	6.909082e-01	8.864923e-01
TCGA-FY-A3NP-01A-11R-A21D-07	8.690045e-02	0	3.314045e-01	2.741730e+00	1.219350e-01	6.666507e-01
TCGA-FY-A3ON-01A-11R-A220-07	6.492093e-01	1.428153e+00	1.062163e-02	6.192657e-01	1.159147e+00	1.120670e-01
TCGA-FY-A3R6-01A-11R-A220-07	1.089790e+00	4.196158e-01	7.977221e-01	1.981273e+00	1.372066e+00	4.793655e-01
TCGA-FY-A3R7-01A-11R-A220-07	5.726710e-01	3.367951e-01	1.579164e+00	6.564244e-01	1.021138e+00	2.032243e-01
TCGA-FY-A3R8-01A-11R-A220-07	4.464152e-01	5.804188e-01	0	3.845967e-01	2.276229e+00	5.241463e-01
TCGA-FY-A3R9-01A-11R-A220-07	8.540657e-03	0	1.353110e+00	1.637790e+00	3.248542e-01	1.268729e+00
TCGA-FY-A3RA-01A-11R-A220-07	1.604883e-01	1.020281e+00	9.163528e-02	0	6.184465e-01	9.929478e-01
TCGA-FY-A3TY-11A-12R-A22U-07	1.624090e-01	0	3.071475e+00	0	4.659707e-01	4.412336e-01
TCGA-FY-A3TY-01A-11R-A22U-07	7.066300e-01	3.008524e-01	1.857094e+00	4.443887e-01	2.562437e+00	4.093526e-01
TCGA-FY-A3W9-01A-11R-A22L-07	4.638649e-02	3.288732e-01	0	2.727364e+00	4.326946e-01	2.895772e-01
TCGA-FY-A3WA-01A-11R-A22L-07	6.084570e-02	0	1.294216e+00	6.697894e-01	2.974726e-01	1.717184e-01
TCGA-FY-A3YR-01A-11R-A22U-07	3.216647e-01	5.998364e-01	2.540306e-02	0	2.628526e+00	6.984601e-01
TCGA-FY-A40K-01A-11R-A23N-07	6.557074e-01	0	5.188410e-01	4.408391e-01	1.148924e+00	0
TCGA-FY-A40L-01A-11R-A23N-07	5.619461e-01	7.745254e-01	2.455854e-02	5.729976e-01	2.281277e+00	6.357012e-01
TCGA-FY-A40M-01A-11R-A23N-07	2.419131e-01	1.063359e+00	0	4.491941e-01	6.857624e-01	4.534939e-01
TCGA-FY-A40N-01A-11R-A23N-07	5.958808e-01	3.330372e-01	8.163894e-01	1.267047e+00	0	2.108168e-01
TCGA-FY-A4B0-01A-21R-A23W-07	4.428178e-01	0	6.316484e-01	1.294424e+00	1.305047e+00	6.965579e-01
TCGA-FY-A4B3-01A-11R-A23W-07	2.454837e-01	1.624907e+00	1.759658e-03	7.910576e-01	2.087430e+00	2.029285e-01
TCGA-FY-A4B4-01A-11R-A23W-07	6.842435e-01	1.406040e+00	9.521865e-02	5.550809e-01	1.352004e+00	5.020157e-01
TCGA-FY-A76V-01A-11R-A39I-07	2.590223e-01	0	3.950049e-01	2.393824e+00	1.010756e+00	1.392274e-01
TCGA-GE-A2C6-11A-11R-A16R-07	1.279079e+00	0	2.424937e+00	5.233568e-02	4.141205e-01	6.489065e-01
TCGA-GE-A2C6-01A-11R-A16R-07	8.086755e-01	9.179858e-04	2.415853e-01	1.353062e+00	2.554472e+00	1.104443e-01
TCGA-H2-A26U-01A-11R-A16R-07	1.121874e+00	8.016344e-01	0	2.878026e-01	2.393992e+00	3.572058e-01
TCGA-H2-A2K9-11A-11R-A180-07	9.767749e-01	0	2.380951e+00	0	4.197355e-01	4.746935e-01
TCGA-H2-A2K9-01A-11R-A180-07	1.109618e-01	2.351005e-01	0	2.770022e+00	1.594765e-01	2.280842e-01
TCGA-H2-A3RH-01A-11R-A220-07	2.417166e-01	8.131173e-01	4.170266e-01	2.495055e+00	3.602394e-01	3.475087e-01
TCGA-H2-A3RI-11A-11R-A220-07	5.705196e-01	0	2.755863e+00	0	5.782879e-01	5.157121e-01
TCGA-H2-A3RI-01A-11R-A220-07	4.388116e-01	2.280993e-01	1.610626e-01	0	1.152485e+00	5.809660e-01
TCGA-H2-A421-01A-11R-A23N-07	9.556924e-01	8.353195e-01	0	3.064172e-01	1.825008e+00	3.963623e-01
TCGA-H2-A422-01A-11R-A23N-07	2.154467e-01	1.494994e+00	0	0	7.142051e-01	6.905205e-01
TCGA-IM-A3EB-01A-11R-A206-07	8.250858e-01	1.682400e+00	0	2.463993e-01	1.359878e+00	9.284916e-01
TCGA-IM-A3ED-01A-11R-A206-07	8.645259e-01	1.219894e+00	0	2.738345e-01	1.053260e+00	1.478514e-01
TCGA-IM-A3U2-01A-21R-A22L-07	2.857732e-01	1.110927e+00	0	0	2.769611e+00	7.459636e-01
TCGA-IM-A3U3-01A-11R-A22L-07	5.244279e-01	3.177680e-01	0	6.219770e-01	2.095643e+00	5.888598e-01
TCGA-IM-A41Y-01A-11R-A23W-07	5.332619e-02	1.086212e+00	1.975282e-01	2.532848e-01	1.174848e+00	9.329791e-01
TCGA-IM-A41Z-01A-11R-A23N-07	6.394050e-01	0	0	2.140624e+00	3.643080e-01	1.395159e+00
TCGA-IM-A420-01A-11R-A23N-07	9.785210e-01	1.384085e+00	0	1.234354e-01	1.722171e+00	7.273201e-01
TCGA-IM-A4EB-01A-11R-A250-07	8.413331e-01	1.321717e+00	5.229787e-01	3.527325e-01	2.056103e+00	5.407985e-01
TCGA-J8-A3NZ-01A-11R-A21D-07	4.873650e-01	8.031799e-01	0	0	1.537564e+00	6.297330e-01
TCGA-J8-A3O0-01A-11R-A21D-07	3.542290e-01	7.611600e-01	3.357848e-01	2.065735e+00	5.253024e-01	4.386589e-01
TCGA-J8-A3O1-01A-11R-A21D-07	1.151618e-01	9.769971e-01	0	2.509072e-01	1.302599e+00	1.218427e+00
TCGA-J8-A3O2-06A-11R-A23N-07	2.811000e-01	5.905026e-01	0	0	9.638248e-01	2.343531e-01
TCGA-J8-A3O2-01A-11R-A23N-07	7.037124e-01	5.687396e-01	1.433397e+00	1.344691e-01	1.200511e+00	3.805881e-01
TCGA-J8-A3YD-01A-11R-A22U-07	1.697214e-01	6.901862e-01	1.613384e+00	4.809263e-01	1.180843e+00	6.333884e-01
TCGA-J8-A3YE-01A-12R-A23N-07	0	3.986054e-01	0	0	7.746282e-01	1.280504e+00
TCGA-J8-A3YF-01A-12R-A23N-07	7.746845e-01	1.040154e+00	0	4.700021e-01	2.016344e+00	4.343286e-01
TCGA-J8-A3YG-01A-11R-A22U-07	5.719797e-01	1.381583e+00	5.113769e-01	5.887813e-01	1.978848e+00	5.094682e-01
TCGA-J8-A3YH-06A-11R-A23N-07	7.210694e-01	2.159116e-02	1.933577e-01	8.877114e-01	1.000592e+00	8.319800e-02
TCGA-J8-A3YH-01A-11R-A22U-07	2.403966e-01	1.517211e-01	6.201040e-02	9.096469e-01	1.066319e+00	5.668984e-02
TCGA-J8-A42S-01A-11R-A23N-07	1.482671e-01	3.244572e-01	1.284364e+00	2.582929e-01	1.642084e+00	1.641774e-01
TCGA-J8-A4HW-06A-11R-A250-07	1.021637e+00	1.061341e+00	5.480975e-01	3.872618e-01	1.262809e+00	1.992634e-01
TCGA-J8-A4HW-01A-11R-A250-07	6.751521e-02	1.539693e+00	4.748341e-01	0	9.902470e-01	2.556680e-01
TCGA-J8-A4HY-01A-11R-A250-07	3.835434e-01	2.524755e-01	5.525694e-01	5.691526e-01	9.031621e-01	9.277250e-01
TCGA-KS-A41F-01A-11R-A23N-07	1.351042e-01	7.459615e-01	6.186998e-01	1.666906e-01	7.540574e-01	1.204618e+00
TCGA-KS-A41I-11A-11R-A23N-07	1.326470e+00	0	2.377944e+00	0	5.415714e-01	6.020029e-01
TCGA-KS-A41I-01A-11R-A23N-07	6.381494e-01	0	3.639857e-01	2.226249e+00	1.588273e+00	6.822042e-01
TCGA-KS-A41J-11A-12R-A23N-07	7.047276e-01	0	2.900970e+00	0	4.334440e-01	3.546075e-01
TCGA-KS-A41J-01A-11R-A23N-07	6.444397e-01	9.336228e-01	0	1.128502e-01	8.777643e-01	9.142684e-01
TCGA-KS-A41L-11A-11R-A23N-07	4.068298e-01	0	2.871155e+00	0	4.497285e-01	5.845089e-01
TCGA-KS-A41L-01A-11R-A23N-07	8.580615e-02	9.544522e-02	4.818716e-01	1.060852e-01	3.894346e-01	6.318963e-01
TCGA-KS-A4I1-01A-11R-A250-07	3.011772e-01	8.625629e-01	0	0	8.459562e-01	2.956784e-01
TCGA-KS-A4I3-01A-11R-A250-07	2.126515e-01	5.938851e-01	1.202084e-01	1.648619e-02	1.338265e+00	9.491491e-01
TCGA-KS-A4I5-01A-11R-A250-07	2.982095e-01	1.126083e+00	9.330545e-02	4.145125e-01	1.012207e+00	3.725973e-02
TCGA-KS-A4I7-01A-11R-A250-07	4.498951e-01	3.526535e-01	0	1.465251e+00	1.121110e+00	1.976909e-01
TCGA-KS-A4I9-01A-11R-A250-07	4.385559e-01	7.668799e-01	0	1.885207e-02	1.791458e+00	5.917579e-01
TCGA-KS-A4IB-01A-11R-A250-07	6.152335e-02	6.376709e-02	0	1.538531e+00	1.158499e+00	5.380015e-01
TCGA-KS-A4IC-01A-11R-A250-07	4.405631e-01	5.441367e-01	4.325135e-01	9.645665e-02	9.177612e-01	5.911823e-01
TCGA-KS-A4ID-01A-11R-A250-07	1.141306e+00	8.176947e-01	2.509454e-01	1.457839e+00	8.350236e-01	8.033971e-01
TCGA-L6-A4EP-01A-11R-A250-07	2.985555e-01	1.308653e+00	2.564486e-02	6.763554e-01	1.053097e+00	3.204215e-01
TCGA-L6-A4EQ-01A-11R-A250-07	2.507084e-01	6.256623e-01	0	2.026946e-01	4.981357e-01	3.118669e-01
TCGA-L6-A4ET-01A-11R-A250-07	0	2.642274e-01	9.184766e-02	0	4.493525e-01	2.531525e-01
TCGA-L6-A4EU-01A-11R-A250-07	5.930074e-01	1.018196e+00	1.096386e-01	7.506196e-01	2.924806e+00	8.630678e-01
TCGA-MK-A4N6-01A-11R-A250-07	5.525336e-01	1.096988e+00	0	0	2.399805e+00	6.537401e-01
TCGA-MK-A4N7-01A-11R-A250-07	4.535898e-02	2.773269e-01	0	0	1.117389e+00	1.215087e-01
TCGA-MK-A4N9-01A-11R-A250-07	1.807991e-01	2.529421e-01	6.887508e-02	3.255563e-01	1.117012e+00	3.547832e-02
TCGA-MK-A84Z-01A-11R-A39I-07	1.055151e-01	0	6.725627e-01	3.113349e+00	9.045371e-01	4.482170e-01
TCGA-QD-A8IV-01A-11R-A39I-07	4.230460e-01	2.106683e-01	3.165186e-01	2.384956e+00	4.406128e-02	3.696308e-01
