sampleID	D7.6_SENGUPTA-NASOPHARYNGEAL-CARCINOMA-DN	D12.5_REACTOME-TRANSLOCATION-OF-ZAP-70-TO-IMMUNOLOGICAL-SYNAPSE	D7.3_HAEGERSTRAND-RESPONSE-TO-IMATINIB	D15.14_CORNIFIED-ENVELOPE	D12.9_WEBER-METHYLATED-ICP-IN-SPERM-UP	D12.4_GNF2-GLTSCR2	D14.13_ZHOU-PANCREATIC-EXOCRINE-PROGENITOR	D11.10_SCHLESINGER-METHYLATED-IN-COLON-CANCER	D15.12_chryq11	D12.1_MIPS-UTX-MLL2-3-COMPLEX	D12.2_KUMAMOTO-RESPONSE-TO-NUTLIN-3A-DN
TCGA-2E-A9G8-01A-11R-A40A-07	8.026333e-01	1.090771e+00	3.022396e-01	1.347093e-01	2.072321e+00	1.400970e+00	0	0	0	2.860661e+00	1.978999e+00
TCGA-4E-A92E-01A-11R-A37O-07	8.704218e-01	1.579049e+00	1.415769e+00	4.612481e-01	8.982460e-02	2.658410e-01	1.464862e-01	9.474817e-01	0	3.469882e+00	3.759809e-01
TCGA-5B-A90C-01A-11R-A37O-07	0	9.263808e-01	7.634130e-01	0	6.128072e-01	5.356347e-01	1.130394e-01	2.377416e-01	3.516321e-01	3.434722e+00	1.715575e+00
TCGA-5S-A9Q8-01A-11R-A40A-07	9.225527e-01	1.084756e+00	1.438712e+00	1.194809e+00	0	7.643477e-01	3.270066e-01	1.308191e+00	1.061545e-01	1.981431e+00	1.288183e+00
TCGA-A5-A1OH-01A-21R-A22K-07	0	6.035281e-01	2.515273e+00	2.540692e-01	1.507304e+00	2.006891e-01	0	2.545965e-01	3.184100e-02	1.996250e+00	1.893250e+00
TCGA-A5-A2K2-01A-11R-A18M-07	0	3.492302e-01	1.307797e-01	0	0	1.995856e+00	0	0	2.535067e+00	3.847004e+00	1.610650e+00
TCGA-A5-A2K3-01A-11R-A32Y-07	0	2.359870e+00	9.304431e-01	0	0	2.443260e+00	0	0	1.402087e+00	1.623762e+00	1.882942e+00
TCGA-A5-A2K4-01A-11R-A18M-07	0	8.869564e-01	1.176985e+00	1.554885e-01	4.215923e-01	1.506751e+00	0	0	2.029969e+00	3.513702e+00	1.018490e+00
TCGA-A5-A2K5-01A-11R-A180-07	9.450269e-01	1.250366e+00	8.839127e-01	1.629871e-01	2.986496e-01	1.121450e+00	4.351456e-01	8.490269e-01	0	7.396399e-01	2.637963e+00
TCGA-A5-A2K7-01A-11R-A180-07	0	8.071014e-01	9.537458e-01	0	0	1.631882e+00	2.090942e-01	6.628616e-03	4.872674e-02	3.096617e+00	1.994059e+00
TCGA-A5-A3LO-01A-11R-A22K-07	1.322117e-01	1.069097e+00	1.086777e+00	6.928199e-01	0	7.282421e-01	1.790592e-01	0	0	2.932383e+00	2.511276e+00
TCGA-A5-A3LP-01A-11R-A22K-07	0	7.547702e-01	9.430007e-01	0	2.283055e-01	1.366227e+00	0	0	9.450696e-01	3.871333e+00	1.038795e+00
TCGA-A5-A7WJ-01A-12R-A34R-07	2.269465e-01	6.629695e-01	2.956023e-01	1.316516e-01	0	3.697975e-01	1.185972e+00	2.851290e-01	1.676695e-01	2.734620e+00	3.038055e+00
TCGA-A5-A7WK-01A-11R-A34R-07	4.384614e-02	5.424232e-01	9.563982e-01	0	8.867530e-01	1.215597e+00	0	3.191743e-01	1.287644e-01	4.134505e+00	7.200720e-01
TCGA-A5-AB3J-01A-11R-A40A-07	8.633235e-01	1.280206e+00	3.340769e+00	6.336775e-01	0	2.366450e-01	3.937071e-01	1.094955e+00	0	2.571012e+00	5.751780e-01
TCGA-AJ-A23N-01A-11R-A22K-07	0	1.114136e+00	1.543805e+00	6.491100e-02	9.866175e-01	9.432424e-01	0	9.035004e-02	2.169480e-01	3.588429e+00	1.034015e+00
TCGA-AJ-A2QM-01A-11R-A18M-07	0	2.882842e-01	9.417271e-01	0	3.295244e-01	1.124018e+00	0	4.416319e-02	3.049350e-01	4.208961e+00	9.353487e-01
TCGA-AJ-A2QO-01A-11R-A32Y-07	9.866762e-01	7.274374e-01	4.427356e-01	2.122087e-01	0	1.181784e+00	8.112856e-01	0	0	2.382055e+00	3.159229e+00
TCGA-AJ-A3BD-01A-11R-A19W-07	5.335244e-01	9.704693e-01	4.042777e-01	0	9.686571e-01	1.930261e+00	7.031453e-02	2.549083e-01	9.816818e-01	2.073255e+00	1.567229e+00
TCGA-AJ-A3BF-01A-11R-A213-07	1.656195e-01	8.451755e-01	1.044788e+00	4.810396e-01	1.646559e+00	9.833710e-01	1.304966e-01	0	9.976514e-02	2.091575e+00	2.409960e+00
TCGA-AJ-A3BG-01A-11R-A19W-07	1.333406e-01	7.308566e-01	0	0	0	1.153335e+00	1.441455e+00	0	2.101278e-01	1.857858e+00	4.002424e+00
TCGA-AJ-A3BH-01A-11R-A19W-07	0	1.228196e+00	1.456024e+00	3.508549e-01	1.109551e-01	1.371583e+00	3.882588e-01	0	1.237513e+00	2.735382e+00	2.170311e+00
TCGA-AJ-A3BI-01A-11R-A213-07	1.476690e+00	9.859137e-01	4.520116e-01	0	0	2.129362e+00	0	4.360947e-01	0	1.316381e+00	2.091551e+00
TCGA-AJ-A3BK-01A-11R-A19W-07	1.283628e+00	1.413587e+00	7.920929e-01	2.112509e-01	0	1.608773e+00	0	8.194127e-01	9.854564e-02	2.515743e+00	1.046888e+00
TCGA-AJ-A3EJ-01A-11R-A19W-07	1.270319e-01	1.174937e+00	1.751984e+00	0	6.978817e-01	5.876231e-01	0	0	0	2.497771e+00	1.390195e+00
TCGA-AJ-A3EK-01A-11R-A19W-07	1.831082e-01	1.953541e+00	1.135515e+00	0	0	6.615148e-02	1.109785e+00	2.259385e-01	3.008707e-01	1.536993e+00	3.094698e+00
TCGA-AJ-A3EL-01A-11R-A213-07	4.882853e-01	2.090900e+00	1.726923e+00	0	0	6.179198e-01	0	7.830072e-01	0	2.479038e+00	1.327634e+00
TCGA-AJ-A3EM-01A-11R-A213-07	7.252298e-02	3.389030e-01	1.506072e+00	0	4.651499e-01	7.942069e-01	5.192175e-02	2.365959e-02	0	2.891843e+00	2.865277e+00
TCGA-AJ-A3I9-01A-11R-A22K-07	1.458414e+00	7.692083e-01	7.139558e-01	0	0	5.409254e-01	0	6.116960e-01	0	2.815289e+00	2.349747e+00
TCGA-AJ-A3IA-01A-11R-A213-07	0	1.291725e+00	1.972294e+00	0	2.491358e-01	6.781611e-01	0	6.034323e-02	9.381381e-01	2.908596e+00	1.255971e+00
TCGA-AJ-A3NC-11A-11R-A22K-07	3.535964e-01	9.240145e-01	5.268115e+00	0	0	6.892974e-01	0	2.527870e-01	0	4.088559e+00	1.966078e-01
TCGA-AJ-A3NC-01A-11R-A22K-07	1.061012e+00	1.097109e+00	1.221833e+00	7.374781e-01	7.070599e-02	3.166932e-01	4.108242e-01	7.753705e-01	1.033571e-01	2.936450e+00	1.247097e+00
TCGA-AJ-A3NE-11A-11R-A22K-07	5.499026e-01	9.746134e-01	3.922509e+00	1.443560e-01	0	8.059843e-01	7.388379e-02	6.769061e-01	5.939560e-01	3.959631e+00	0
TCGA-AJ-A3NE-01A-11R-A22K-07	0	1.293504e+00	8.980023e-01	1.407964e+00	0	1.280705e+00	2.934836e-01	1.242413e-01	1.462502e-01	3.340285e+00	1.901514e+00
TCGA-AJ-A3NF-01A-11R-A22K-07	1.862379e-01	1.313866e+00	2.470681e+00	5.655776e-02	1.356126e+00	7.955083e-01	0	2.820851e-01	2.134873e-01	3.206755e+00	8.399736e-01
TCGA-AJ-A3NG-01A-11R-A22K-07	7.476876e-01	6.233716e-01	1.703862e+00	4.279540e-01	1.645098e-01	1.591343e-01	0	2.538562e-02	0	3.058602e+00	2.089501e+00
TCGA-AJ-A3NH-11A-11R-A22K-07	1.427210e+00	4.467219e-01	2.754925e+00	0	1.477765e+00	6.098120e-01	2.554189e-01	3.215033e-01	0	3.132129e+00	8.353069e-01
TCGA-AJ-A3NH-01A-11R-A22K-07	3.900482e-01	3.871838e-01	1.296652e+00	0	9.621515e-01	5.062933e-01	0	5.641934e-02	0	3.041444e+00	1.379656e+00
TCGA-AJ-A3OJ-01A-11R-A22K-07	2.826659e-01	1.049948e+00	9.230059e-01	0	0	1.323546e+00	5.892974e-01	9.535041e-02	4.260017e-01	2.853486e+00	2.105560e+00
TCGA-AJ-A3OK-01A-12R-A22K-07	1.938008e+00	1.375097e+00	2.650708e+00	0	7.584692e-02	4.560110e-01	1.900819e-01	8.966976e-01	2.680334e-01	2.222391e+00	5.375477e-01
TCGA-AJ-A3OL-01A-11R-A22K-07	5.041766e-01	0	1.256324e+00	4.746094e-01	0	6.046371e-01	7.594346e-02	7.113966e-02	1.052494e-01	3.366397e+00	2.150464e+00
TCGA-AJ-A3QS-01A-11R-A22K-07	1.823751e-01	1.425305e+00	9.483399e-01	0	9.440748e-01	9.258570e-01	6.875479e-02	2.338386e-01	9.406316e-01	3.199218e+00	1.394598e+00
TCGA-AJ-A3TW-01A-11R-A22K-07	0	1.561971e+00	3.271932e-01	0	8.720536e-01	1.893005e+00	0	0	4.081622e-01	3.145268e+00	2.371520e+00
TCGA-AJ-A5DV-01A-11R-A27V-07	1.445750e+00	1.201461e+00	4.968436e-01	2.811942e-01	0	8.559152e-01	2.755827e-01	4.749375e-01	3.604600e-01	3.468272e+00	1.341085e+00
TCGA-AJ-A5DW-01A-11R-A27V-07	8.313751e-01	1.527852e+00	1.427408e+00	2.779524e-01	0	1.582376e-01	0	9.952754e-01	0	3.786146e+00	1.130994e+00
TCGA-AJ-A6NU-01A-11R-A34R-07	5.968916e-01	1.607625e+00	1.271191e+00	1.121951e-01	6.762639e-01	3.977138e-01	4.956770e-01	2.086901e-01	8.420095e-01	2.766122e+00	1.297280e+00
TCGA-AJ-A8CT-01A-11R-A37O-07	2.033965e+00	1.486662e+00	1.915014e+00	0	2.761062e-01	7.458771e-01	1.417010e-01	7.305951e-01	3.205478e-01	2.448786e+00	3.956180e-01
TCGA-AJ-A8CV-01A-11R-A37O-07	1.570779e+00	1.239968e+00	9.201931e-01	0	0	9.582750e-01	2.270125e-01	5.181715e-01	2.497656e-01	2.620842e+00	1.414572e+00
TCGA-AJ-A8CW-01A-11R-A37O-07	8.548168e-01	1.569224e+00	1.049411e+00	1.798117e-01	0	4.745593e-01	3.575737e-01	1.266544e+00	0	2.934119e+00	1.462005e+00
TCGA-AP-A3K1-01A-11R-A213-07	0	4.718216e-01	8.679698e-01	9.664511e-02	0	2.082564e+00	0	3.062500e-02	2.177183e+00	2.810102e+00	1.738881e+00
TCGA-AP-A5FX-01A-11R-A27V-07	1.597989e+00	1.040375e+00	1.044468e+00	0	0	7.331522e-01	0	4.045109e-01	4.331267e-01	3.094194e+00	1.034560e+00
TCGA-AX-A05W-01A-21R-A466-07	1.306704e+00	1.194000e+00	3.746484e-01	5.152877e-01	0	1.727966e+00	2.665631e-01	5.098084e-01	9.614890e-01	1.898331e+00	1.568523e+00
TCGA-AX-A05Y-11A-11R-A27V-07	4.993775e-01	9.425272e-01	4.896244e+00	0	0	5.949011e-01	0	1.201297e-01	0	4.077219e+00	3.883539e-01
TCGA-AX-A0IZ-11A-11R-A27V-07	0	8.157389e-01	5.666380e+00	0	0	6.384674e-01	0	0	0	4.035582e+00	5.084738e-01
TCGA-AX-A0J0-11A-11R-A27V-07	4.514126e-01	1.057948e+00	4.193627e+00	0	6.048048e-01	4.047643e-01	5.431807e-02	8.539297e-01	0	3.781272e+00	0
TCGA-AX-A1C7-01A-11R-A137-07	2.184980e-01	0	3.709732e-01	1.324796e-01	2.709903e+00	2.576611e+00	0	0	0	1.753181e+00	2.234437e+00
TCGA-AX-A2H4-01A-21R-A18M-07	0	1.542671e+00	9.528914e-01	0	0	2.109663e+00	0	0	2.403236e+00	2.705897e+00	1.356089e+00
TCGA-AX-A2HC-11A-11R-A32Y-07	0	1.167114e+00	5.478981e+00	0	0	8.872461e-01	0	0	0	3.474938e+00	8.153580e-01
TCGA-AX-A2HD-11A-11R-A32Y-07	7.682913e-01	6.469525e-01	3.649838e+00	0	1.422312e+00	1.135962e+00	8.308857e-02	2.588693e-01	0	3.104440e+00	6.347938e-01
TCGA-AX-A2HH-01A-11R-A32Y-07	0	2.217664e-02	1.118877e+00	1.611951e+00	0	7.354613e-01	4.946924e-02	0	0	2.904880e+00	2.986997e+00
TCGA-AX-A2IN-01A-12R-A180-07	1.298787e-01	1.816630e+00	2.540030e+00	0	0	2.052430e-01	0	1.463552e-01	1.468129e-02	1.240413e+00	2.030760e+00
TCGA-AX-A3FS-01A-11R-A22K-07	0	1.564635e+00	2.311428e+00	5.154405e-01	6.747800e-02	1.803296e-01	0	0	0	2.102488e+00	2.864087e+00
TCGA-AX-A3FT-01A-11R-A22K-07	0	1.718902e+00	1.208390e+00	2.850360e-01	1.226256e-01	1.821534e+00	1.361606e-01	0	1.371135e+00	2.192935e+00	2.038718e+00
TCGA-AX-A3FV-01A-11R-A22K-07	0	9.522693e-01	1.210914e+00	5.890042e-01	0	7.524978e-01	0	0	6.794820e-01	2.296769e+00	3.643798e+00
TCGA-AX-A3FW-01A-11R-A22K-07	1.408669e+00	7.690330e-01	1.344423e-01	0	1.911168e-01	9.666313e-01	3.647686e-01	5.688844e-01	5.199900e-01	3.177244e+00	2.009040e+00
TCGA-AX-A3FX-01A-11R-A22K-07	1.444945e+00	1.148559e+00	1.342817e+00	0	0	9.032049e-01	0	9.009963e-01	9.566391e-01	2.462624e+00	9.464898e-01
TCGA-AX-A3FZ-01A-11R-A22K-07	0	7.632725e-01	2.713221e+00	7.214385e-01	0	0	0	1.171290e-02	0	1.774225e+00	2.453716e+00
TCGA-AX-A3G1-01A-11R-A22K-07	1.214926e+00	1.679618e+00	8.131247e-01	0	1.927056e-02	5.842957e-01	0	2.711743e-01	1.560956e-01	3.039316e+00	1.214553e+00
TCGA-AX-A3G3-01A-11R-A213-07	0	1.545030e+00	8.339478e-01	3.437713e-03	1.654470e+00	2.107687e+00	0	0	4.386784e-01	3.373845e+00	8.847664e-01
TCGA-AX-A3G4-01A-11R-A213-07	8.473665e-01	9.586306e-01	2.205746e+00	0	3.999166e-01	7.560806e-01	0	8.226949e-01	4.227166e-01	2.637098e+00	1.060139e+00
TCGA-AX-A3G6-01A-11R-A213-07	7.224427e-04	6.455364e-01	2.474988e-01	7.824316e-02	1.922159e-01	1.445440e+00	0	0	1.178157e-01	3.639320e+00	1.788521e+00
TCGA-AX-A3G7-01A-12R-A213-07	7.431722e-01	1.225243e+00	1.072537e+00	1.249735e-02	1.715608e+00	1.437189e+00	2.619630e-02	0	9.370186e-02	3.040872e+00	1.261119e+00
TCGA-AX-A3G8-01A-11R-A22K-07	3.000618e-02	0	2.892600e-01	3.555686e-01	0	2.133479e+00	6.229587e-01	0	0	1.850778e+00	3.411705e+00
TCGA-AX-A3G9-01A-11R-A22K-07	0	5.719050e-01	8.334838e-01	6.095544e-01	0	1.109766e+00	6.497928e-01	1.467577e-01	1.462132e-01	2.658280e+00	3.184403e+00
TCGA-AX-A3GB-01A-11R-A22K-07	1.746103e+00	1.135383e+00	1.803264e+00	3.136374e-01	2.528018e-01	8.072315e-01	2.516934e-01	1.224949e+00	2.711647e-01	2.140672e+00	4.380835e-01
TCGA-AX-A3GI-01A-11R-A213-07	0	5.328302e-01	1.479365e-01	0	1.991350e+00	1.193887e+00	0	0	0	4.271056e+00	1.892449e+00
TCGA-B5-A0JN-01A-11R-A104-07	1.755319e-01	5.142686e-01	5.572413e-01	0	1.258263e+00	1.062528e+00	4.184659e-02	3.092254e-01	6.750096e-01	3.220374e+00	1.830243e+00
TCGA-B5-A0JR-01A-13R-A466-07	3.163427e-01	1.559588e+00	1.491223e+00	0	0	1.085478e-01	7.477569e-01	7.123705e-01	0	1.988463e+00	2.507771e+00
TCGA-B5-A0K9-01A-21R-A104-07	4.705789e-01	1.206546e+00	5.632965e-01	0	0	1.044322e+00	8.924028e-01	2.251854e-02	4.242068e-01	2.308383e+00	2.555538e+00
TCGA-B5-A11R-01A-11R-A118-07	1.444793e+00	8.722914e-01	1.003864e+00	2.856498e-01	0	8.053553e-01	0	3.565837e-02	0	3.338462e+00	1.729802e+00
TCGA-B5-A1MS-01B-11R-A22K-07	2.409448e-01	4.700238e-01	1.068408e+00	0	1.716262e+00	8.261250e-01	1.841705e-01	2.089580e-01	3.560793e-01	3.271986e+00	1.362168e+00
TCGA-B5-A1MW-01A-11R-A32Y-07	1.114480e-01	5.408340e-01	7.242036e-01	9.534677e-01	0	9.977939e-01	0	1.128576e-02	1.551168e-01	3.939452e+00	2.263840e+00
TCGA-B5-A3F9-01A-21R-A22K-07	1.558382e+00	1.341457e+00	1.521734e+00	7.691632e-02	1.800919e-01	5.229930e-01	0	1.343104e+00	6.797402e-02	3.001403e+00	2.564681e-01
TCGA-B5-A3FA-01A-11R-A19W-07	0	9.695825e-01	8.866393e-01	0	1.249389e-01	1.162586e+00	2.770935e-01	0	0	2.926588e+00	1.859195e+00
TCGA-B5-A3FB-01A-11R-A19W-07	1.142471e+00	7.210396e-01	5.000536e-01	0	3.807025e-01	1.018116e+00	0	4.319313e-02	0	3.619001e+00	1.684630e+00
TCGA-B5-A3FC-01A-11R-A22K-07	8.028147e-01	1.952608e+00	1.703418e+00	0	0	7.913978e-01	0	1.235759e+00	0	2.760039e+00	1.074123e+00
TCGA-B5-A3FD-01A-11R-A19W-07	1.572981e+00	1.036050e+00	1.331739e+00	0	5.197867e-01	6.711973e-01	0	1.167215e+00	8.333180e-02	2.277152e+00	1.072467e+00
TCGA-B5-A3FH-01A-11R-A19W-07	1.286429e+00	7.506023e-01	7.345176e-01	2.416493e-01	0	7.818643e-01	2.142186e-02	0	0	3.666736e+00	1.649012e+00
TCGA-B5-A3S1-01A-11R-A22K-07	1.094986e-01	1.223301e+00	1.100972e+00	2.793547e-01	1.456904e+00	7.322404e-01	9.277932e-02	1.160544e-01	1.566015e-01	2.967785e+00	1.480954e+00
TCGA-B5-A5OC-01A-21R-A27V-07	1.671886e-01	2.044326e+00	2.098398e+00	3.973986e-01	0	2.720158e-01	7.456815e-01	4.438668e-01	1.550849e-01	2.374915e+00	1.513392e+00
TCGA-B5-A5OD-01A-11R-A31O-07	3.686087e-01	7.171849e-01	1.032171e+00	0	1.609458e+00	1.480648e+00	0	4.718411e-02	7.256047e-02	2.514525e+00	1.494424e+00
TCGA-B5-A5OE-01A-11R-A31O-07	0	2.916576e-01	3.050797e-01	3.688708e-02	1.589653e-01	2.281370e+00	0	0	2.479018e+00	2.783763e+00	1.968686e+00
TCGA-BG-A0MK-01A-51R-A19W-07	1.915478e+00	8.107194e-01	1.470569e+00	6.466687e-02	0	8.593641e-01	3.796601e-01	7.068921e-01	1.683635e-01	2.504375e+00	1.110003e+00
TCGA-BG-A2AD-11A-11R-A16F-07	4.365773e-01	9.365623e-01	4.634677e+00	0	4.668458e-01	1.165755e+00	0	1.013752e-01	0	3.675351e+00	2.334489e-01
TCGA-BG-A3EW-11A-22R-A22K-07	4.628766e-01	5.743606e-01	4.997503e+00	0	3.412357e-01	1.125663e+00	0	2.245750e-01	0	3.892411e+00	2.532564e-01
TCGA-BG-A3EW-01A-11R-A22K-07	7.670946e-02	8.576112e-01	9.605592e-01	0	0	3.247114e-01	7.608042e-01	0	2.309409e-01	2.769585e+00	2.378792e+00
TCGA-BG-A3PP-11A-11R-A22K-07	6.798568e-02	4.323490e-01	4.658423e+00	0	1.517774e-01	8.618951e-01	0	2.444425e-01	0	3.652242e+00	1.081453e+00
TCGA-BG-A3PP-01A-11R-A22K-07	2.595675e-01	6.965357e-01	1.656656e+00	0	2.946638e-01	6.925845e-01	0	9.487129e-02	0	3.226654e+00	1.915972e+00
TCGA-BK-A139-02A-11R-A27V-07	1.111768e-01	1.139338e+00	1.401632e+00	0	0	9.823881e-01	0	0	5.870404e-01	3.724840e+00	1.549325e+00
TCGA-BK-A13B-01A-51R-A22K-07	3.669464e-01	1.081135e+00	8.800637e-01	7.574283e-01	0	7.063777e-01	9.078128e-01	5.552627e-01	0	2.621230e+00	2.254811e+00
TCGA-BK-A4ZD-11A-12R-A27V-07	6.351238e-01	1.053203e+00	4.742652e+00	0	7.213441e-02	2.281631e-02	0	9.053330e-01	0	4.011545e+00	1.452350e-01
TCGA-BK-A4ZD-01A-11R-A27V-07	3.047861e-01	4.850472e-01	1.432740e+00	2.239147e-01	0	6.699404e-01	0	9.919750e-01	8.619580e-02	4.719499e+00	1.510938e+00
TCGA-BK-A56F-01A-32R-A27V-07	1.519636e+00	1.127230e+00	1.965860e+00	4.309913e-01	8.894632e-02	1.667537e-01	1.746528e-01	8.422007e-01	4.079131e-02	2.924140e+00	9.401502e-01
TCGA-BK-A6W3-01A-12R-A34R-07	8.534935e-01	1.539733e+00	1.001484e+00	3.845452e-01	0	9.068058e-01	1.368635e-01	2.611574e-01	0	3.596312e+00	1.314776e+00
TCGA-BK-A6W4-01A-12R-A34R-07	9.982772e-01	7.668752e-01	2.701979e+00	2.212295e-01	2.000749e-01	4.673062e-01	2.828070e-01	5.251918e-01	1.112463e-01	3.299538e+00	1.209888e+00
TCGA-BS-A0V4-01A-11R-A14D-07	5.821358e-01	3.508162e-01	1.200072e+00	0	0	2.244306e+00	1.175126e+00	7.055510e-01	2.394274e-02	6.693378e-01	2.287213e+00
TCGA-BS-A0V7-01A-21R-A118-07	1.073095e+00	1.001379e+00	2.913976e+00	4.176375e-02	1.095252e-01	1.662817e+00	0	1.696326e+00	3.735335e-01	1.332993e+00	0
TCGA-D1-A2G0-01A-11R-A32Y-07	0	1.136982e+00	3.359158e-01	1.058986e-01	3.779116e-01	1.436971e+00	3.706740e-01	0	8.651868e-01	1.441308e+00	3.944333e+00
TCGA-D1-A3DA-01A-12R-A213-07	3.073805e-01	5.887089e-01	7.977511e-01	0	1.739092e-01	7.509676e-01	7.446046e-01	0	1.365026e-01	2.635724e+00	2.068016e+00
TCGA-D1-A3DG-01A-11R-A19W-07	1.394361e-01	4.258151e-01	1.064226e+00	7.068348e-02	3.204931e-01	7.104708e-01	2.428164e-01	2.965623e-01	1.654828e-01	2.212873e+00	2.222578e+00
TCGA-D1-A3DH-01A-11R-A19W-07	0	4.146899e-02	9.269001e-01	0	0	1.439851e+00	0	2.729236e-02	6.588957e-01	3.866324e+00	1.189456e+00
TCGA-D1-A3JP-01A-31R-A22K-07	1.952920e-01	1.790322e+00	1.415541e+00	4.637712e-01	7.472972e-01	5.771825e-01	9.872855e-01	1.047177e-01	1.135501e+00	1.343661e+00	2.360638e+00
TCGA-D1-A3JQ-01A-11R-A22K-07	8.685230e-01	8.946102e-01	1.221735e+00	0	1.834387e+00	1.039050e+00	0	2.530947e-01	2.338757e-03	3.371404e+00	9.845437e-01
TCGA-DF-A2KN-01A-11R-A180-07	7.160277e-01	1.397172e+00	1.083792e+00	0	0	1.220656e+00	2.500633e-01	2.396786e-01	7.356805e-01	2.696536e+00	1.571027e+00
TCGA-DF-A2KR-01A-11R-A180-07	2.979396e-01	6.968360e-01	3.473193e-01	0	6.667648e-01	1.638881e+00	4.698052e-01	0	1.626493e-01	3.728935e+00	1.685082e+00
TCGA-DF-A2KU-01A-11R-A180-07	6.886221e-01	2.099142e+00	1.053073e+00	0	3.559156e-01	1.281741e+00	8.464551e-02	6.414966e-01	0	7.323144e-01	2.686732e+00
TCGA-DF-A2KV-01A-11R-A180-07	1.207988e+00	8.594217e-01	7.105615e-02	0	1.009580e-01	1.751557e+00	2.855461e-01	3.049805e-01	3.917498e-01	2.652037e+00	1.558823e+00
TCGA-DF-A2KY-01A-21R-A213-07	0	1.595613e+00	1.364934e+00	0	0	1.843679e+00	0	0	0	1.373662e+00	2.967069e+00
TCGA-DF-A2KZ-01A-11R-A213-07	0	1.227282e+00	1.560803e+00	2.303103e-01	0	1.144800e+00	7.271255e-01	7.557472e-02	1.412791e-01	1.808486e+00	2.064800e+00
TCGA-DF-A2L0-01A-11R-A180-07	1.476614e+00	1.032180e+00	6.412937e-01	0	0	2.077407e+00	0	4.282149e-01	0	6.589267e-01	2.148441e+00
TCGA-DI-A1BU-01A-11R-A137-07	1.923904e-01	1.176752e+00	1.302417e+00	0	2.435781e-01	9.552074e-01	6.468226e-01	5.358961e-01	2.165554e-01	1.814496e+00	2.735475e+00
TCGA-DI-A1C3-01A-41R-A137-07	1.363534e+00	1.472556e+00	2.590492e+00	4.978200e-01	4.324294e-02	8.245600e-01	0	1.696770e+00	3.543169e-01	1.901816e+00	0
TCGA-DI-A2QT-01A-12R-A19W-07	0	7.345026e-01	5.278461e-01	0	2.875806e-01	1.967001e+00	1.110336e-01	0	2.431880e+00	2.263453e+00	2.050782e+00
TCGA-DI-A2QY-11A-11R-A19W-07	1.464923e+00	5.918978e-01	2.014078e+00	0	1.580558e+00	1.141295e+00	2.405950e-01	2.437875e-01	0	3.075225e+00	7.608911e-01
TCGA-DI-A2QY-01A-12R-A19W-07	7.208461e-01	2.089235e-01	1.264969e+00	0	1.292006e+00	1.425318e+00	0	8.094938e-01	4.906563e-01	2.928547e+00	5.251596e-01
TCGA-E6-A2P8-01A-11R-A19W-07	0	1.811317e+00	2.071838e+00	5.844238e-01	0	8.630469e-01	8.458712e-02	0	1.073085e-01	2.073578e+00	2.898183e+00
TCGA-E6-A2P9-01A-11R-A19W-07	1.156419e+00	9.476569e-01	9.498734e-01	0	0	1.824280e-01	5.593159e-01	5.763179e-01	0	3.072718e+00	2.326708e+00
TCGA-E6-A8L9-01A-21R-A37O-07	4.200212e-01	1.214317e+00	1.928419e+00	1.659446e-01	9.077491e-01	3.790483e-01	0	1.566637e-01	5.114982e-02	1.817721e+00	1.508483e+00
TCGA-EO-A1Y7-01A-11R-A157-07	1.495738e+00	9.697171e-01	4.161833e-01	0	0	1.028355e+00	0	4.592478e-01	3.495958e-01	2.403249e+00	2.247517e+00
TCGA-EO-A22U-01A-11R-A180-07	1.766074e-01	1.148025e+00	1.181126e+00	1.012057e+00	0	8.876665e-01	1.986008e-01	6.132504e-01	0	2.665656e+00	2.773238e+00
TCGA-EO-A22X-01A-11R-A180-07	0	1.669440e+00	1.853158e+00	7.284469e-01	0	4.678703e-01	0	3.476295e-01	0	1.949162e+00	2.810881e+00
TCGA-EO-A22Y-01A-11R-A180-07	1.418035e+00	4.068678e-01	1.720936e+00	0	0	6.167011e-01	0	4.535205e-01	0	3.403141e+00	1.111744e+00
TCGA-EO-A3AS-01A-11R-A19W-07	2.292827e-01	8.905177e-01	1.365946e+00	5.669279e-02	2.160484e-01	9.420793e-01	2.373600e-01	2.697562e-01	2.108157e-01	3.747379e+00	7.154347e-01
TCGA-EO-A3AU-01A-21R-A19W-07	0	1.405392e+00	1.493719e+00	1.368746e+00	0	7.660496e-01	5.317755e-01	5.682462e-02	0	2.694256e+00	2.313172e+00
TCGA-EO-A3AV-01A-12R-A19W-07	0	2.224923e+00	7.007007e-01	7.398317e-02	0	1.808901e+00	5.735941e-01	0	1.227600e+00	1.465282e+00	2.509377e+00
TCGA-EO-A3AY-01A-12R-A19W-07	4.238604e-01	1.115196e+00	3.607852e-01	5.584639e-03	1.399970e-01	2.640699e+00	9.477236e-03	0	1.693084e-01	1.807395e+00	2.082637e+00
TCGA-EO-A3AZ-01A-12R-A19W-07	0	1.736674e+00	1.546753e+00	4.751957e-02	4.053498e-01	2.769447e+00	1.703293e-01	0	7.112216e-01	0	2.486058e+00
TCGA-EO-A3B0-01A-12R-A19W-07	6.386117e-01	1.929983e+00	1.686655e+00	1.920060e-01	3.296293e-01	1.588995e-01	3.452967e-01	9.275316e-01	0	1.569557e+00	2.528137e+00
TCGA-EO-A3B1-01A-12R-A19W-07	0	1.106674e+00	1.361350e+00	0	9.860430e-01	1.512499e+00	0	1.738891e-01	2.651059e-01	3.714857e+00	9.926701e-01
TCGA-EO-A3KU-01A-11R-A22K-07	1.360070e-01	1.074710e+00	9.810191e-01	3.003607e-01	1.296919e+00	8.963585e-01	0	2.508823e-03	6.866541e-01	2.883743e+00	1.585547e+00
TCGA-EO-A3KW-01A-11R-A22K-07	4.015326e-01	1.328197e+00	4.897420e-01	0	1.463437e+00	1.316534e+00	1.249718e-01	0	0	3.426337e+00	1.604769e+00
TCGA-EO-A3KX-01A-11R-A22K-07	7.138055e-01	6.421854e-01	1.062696e+00	4.599813e-01	0	7.330982e-01	1.517336e-01	7.981751e-01	0	3.129502e+00	1.786921e+00
TCGA-EO-A3L0-01A-11R-A22K-07	9.971239e-01	7.148470e-01	1.261910e+00	0	0	1.016009e+00	0	3.827151e-01	8.901230e-02	3.207023e+00	1.330427e+00
TCGA-EY-A1GL-01A-11R-A13S-07	0	3.789887e-01	1.798598e+00	2.162123e+00	0	1.779581e+00	0	1.401471e-01	1.290900e-01	3.232073e+00	1.888628e+00
TCGA-EY-A1GO-01A-11R-A14D-07	0	5.523661e-01	1.257517e+00	6.160650e-02	4.701321e-01	2.082706e-01	6.323492e-01	0	3.179904e-01	8.947676e-01	3.362964e+00
TCGA-EY-A1GP-01A-11R-A13S-07	1.589006e-02	1.400038e+00	2.222857e+00	9.753617e-01	2.465742e-01	1.547184e-01	4.286886e-02	4.020743e-01	2.349393e-01	1.615208e+00	1.527511e+00
TCGA-EY-A1GX-01A-12R-A13S-07	1.157810e+00	0	4.442299e-01	0	0	1.176923e+00	1.767489e-01	0	0	3.749549e+00	3.075894e+00
TCGA-EY-A210-01A-11R-A157-07	0	1.230506e+00	1.183615e+00	0	8.120135e-01	1.323894e+00	0	0	8.251912e-02	2.223346e+00	1.422345e+00
TCGA-EY-A2ON-01A-21R-A18M-07	0	7.505580e-01	3.598301e-01	0	5.566168e-01	1.879142e+00	0	0	2.192392e+00	3.407890e+00	1.389211e+00
TCGA-EY-A2OO-01A-11R-A19W-07	3.032780e-01	1.428665e-01	1.387147e+00	2.328216e-01	4.644070e-01	7.610114e-01	4.322808e-01	0	4.213957e-01	2.532718e+00	1.674659e+00
TCGA-EY-A2OP-01A-11R-A19W-07	0	7.665812e-01	8.489694e-01	9.571811e-01	0	1.162205e+00	8.992557e-02	8.181061e-02	0	3.269777e+00	2.456597e+00
TCGA-EY-A2OQ-01A-11R-A19W-07	2.710508e-01	6.209296e-01	1.177906e+00	5.708523e-02	1.131633e+00	8.687128e-01	0	1.614016e-01	0	3.610147e+00	1.536255e+00
TCGA-EY-A3L3-01A-11R-A22K-07	0	5.856769e-01	1.202051e+00	0	1.288143e+00	5.435241e-02	1.216336e-01	8.886385e-02	0	2.627125e+00	2.439113e+00
TCGA-EY-A3QX-01A-11R-A22K-07	1.592295e-01	1.759691e+00	7.098302e-01	0	6.261510e-01	2.527987e-01	8.704632e-01	0	1.459338e-01	1.746976e+00	2.748333e+00
TCGA-EY-A4KR-01A-11R-A27V-07	0	1.747566e+00	9.013152e-01	2.022068e-01	1.260939e+00	1.469389e+00	0	0	7.630933e-01	3.215809e+00	1.329476e+00
TCGA-EY-A547-01A-11R-A27V-07	8.919471e-01	9.160902e-02	8.391882e-01	0	0	1.900671e+00	0	8.106477e-01	0	1.814691e+00	1.958828e+00
TCGA-EY-A548-01A-11R-A27V-07	1.362992e+00	1.260007e+00	1.326571e+00	0	0	9.543031e-01	0	1.322095e+00	0	3.418020e+00	6.316329e-01
TCGA-EY-A549-01A-11R-A27V-07	1.487438e+00	8.399271e-01	9.073670e-01	2.481675e-01	0	8.653434e-01	2.459861e-01	8.288395e-01	1.475734e-01	3.683538e+00	8.096992e-01
TCGA-EY-A54A-01A-11R-A27V-07	2.230962e-01	1.496594e+00	1.348677e+00	1.543726e-01	1.015626e+00	7.299370e-01	1.250247e-01	1.760854e-01	8.030533e-01	2.795705e+00	1.449541e+00
TCGA-EY-A5W2-01A-11R-A31O-07	5.281756e-01	1.092663e+00	8.443684e-01	0	2.857235e-04	1.288314e+00	1.058501e+00	5.718876e-01	0	1.243623e+00	2.972138e+00
TCGA-EY-A72D-01A-12R-A34R-07	0	2.997884e-01	1.204457e+00	4.442380e-01	0	9.442618e-01	3.217755e-02	1.254463e-01	3.308239e-01	3.375264e+00	2.051241e+00
TCGA-FI-A2EY-01A-12R-A18M-07	0	0	4.541648e-01	0	4.314442e-01	2.386700e+00	1.340652e-01	1.651969e-01	2.520095e+00	1.800163e+00	2.091248e+00
TCGA-FI-A3PV-01A-11R-A22K-07	8.196273e-01	1.871282e-01	6.792259e-01	0	1.137229e+00	1.401152e+00	6.577957e-02	6.011345e-01	8.848470e-01	3.446523e+00	1.176872e+00
TCGA-FI-A3PX-01A-11R-A22K-07	0	6.751888e-01	6.818513e-01	0	1.223834e+00	1.068849e+00	0	0	5.050994e-01	3.661793e+00	1.944947e+00
TCGA-FL-A1YF-11A-12R-A16F-07	5.309685e-01	1.279427e+00	3.898330e+00	3.278062e-02	0	9.724879e-01	0	9.500449e-01	7.536717e-01	3.012092e+00	0
TCGA-FL-A1YG-11A-12R-A16F-07	5.820133e-01	6.165807e-01	5.131233e+00	0	0	5.992967e-01	0	7.723759e-01	0	3.694730e+00	3.500912e-01
TCGA-FL-A1YH-11A-11R-A16F-07	8.321723e-01	8.059997e-01	3.579283e+00	0	0	1.438442e+00	0	1.156149e+00	1.205390e+00	2.805900e+00	0
TCGA-FL-A1YI-11A-11R-A16F-07	5.932980e-01	9.069267e-01	3.907776e+00	1.007539e-01	0	9.668211e-01	9.411109e-02	9.413909e-01	7.689748e-01	3.256394e+00	0
TCGA-FL-A1YL-11A-11R-A16F-07	7.790367e-01	6.538957e-01	4.237283e+00	0	6.148890e-01	4.668177e-01	1.521509e-01	1.157889e+00	0	3.632966e+00	0
TCGA-FL-A1YN-11A-11R-A32Y-07	1.129058e+00	7.019224e-01	3.965951e+00	0	4.115822e-01	6.647399e-01	1.545020e-01	9.878240e-01	7.440750e-02	3.589998e+00	0
TCGA-FL-A1YQ-11A-11R-A32Y-07	1.293337e+00	1.085418e+00	3.665926e+00	0	1.628227e-01	4.282079e-01	0	1.425988e+00	0	3.066395e+00	0
TCGA-FL-A1YT-11A-12R-A32Y-07	8.404034e-01	8.032648e-01	4.364949e+00	0	4.949792e-01	5.144666e-01	1.385595e-02	1.131937e+00	0	3.464631e+00	0
TCGA-FL-A1YU-11A-11R-A32Y-07	1.233214e+00	9.158108e-01	3.147128e+00	0	2.210292e-01	4.236856e-01	0	1.427301e+00	1.244475e-01	2.974819e+00	3.515964e-01
TCGA-FL-A1YV-11A-12R-A32Y-07	8.838572e-01	6.048812e-01	3.930064e+00	0	8.583360e-01	6.174085e-01	1.998608e-01	1.113199e+00	0	3.496673e+00	8.086210e-02
TCGA-FL-A3WE-11A-11R-A22K-07	1.038685e+00	8.979074e-01	3.832621e+00	0	1.219849e-01	4.537616e-01	0	1.519509e+00	1.433528e-01	3.322858e+00	0
TCGA-H5-A2HR-01A-11R-A180-07	2.760735e-01	8.323961e-01	3.065467e-01	0	2.097153e+00	2.484407e+00	0	9.732894e-02	0	1.698169e+00	2.530428e+00
TCGA-JU-AAVI-01A-11R-A40A-07	0	1.819588e+00	1.275130e+00	4.261803e-01	1.716637e-01	2.019803e+00	0	0	1.454919e+00	1.924520e+00	1.945293e+00
TCGA-K6-A3WQ-01A-11R-A22K-07	7.245369e-02	6.584588e-01	1.189764e+00	0	1.317955e+00	1.171717e+00	0	2.382072e-01	3.580557e-01	3.211562e+00	7.869981e-01
TCGA-KJ-A3U4-01A-11R-A22K-07	3.750351e-01	1.498465e+00	6.774388e-01	2.140854e-01	1.402545e+00	1.106615e+00	0	0	2.885202e-01	3.659779e+00	1.459328e+00
TCGA-KP-A3VZ-01A-11R-A22K-07	8.581417e-02	5.841885e-01	9.089664e-01	4.196850e-01	2.457851e+00	9.413316e-01	0	0	0	3.024096e+00	2.414143e+00
TCGA-KP-A3W0-01A-21R-A22K-07	0	7.735994e-01	1.697442e+00	1.220788e-01	9.855709e-01	1.547132e+00	0	2.152005e-01	3.014373e-01	4.098887e+00	6.394615e-01
TCGA-KP-A3W1-01A-11R-A22K-07	0	1.694046e+00	9.240517e-01	0	0	2.080474e+00	0	0	2.595670e+00	2.693901e+00	1.270222e+00
TCGA-KP-A3W3-01A-11R-A22K-07	3.961692e-01	1.035824e+00	1.208841e+00	0	8.250721e-01	1.208205e+00	0	4.168190e-01	5.166536e-02	3.389005e+00	5.469942e-01
TCGA-KP-A3W4-01A-11R-A22K-07	5.977969e-01	1.231275e+00	1.843511e+00	0	9.314889e-01	4.543121e-01	0	2.170149e-01	2.389091e-01	3.073599e+00	6.643312e-01
TCGA-PG-A5BC-01A-12R-A27V-07	6.197566e-01	7.014778e-01	1.804229e+00	4.202041e-02	1.129748e+00	6.532255e-01	0	5.103702e-01	4.867523e-01	3.226895e+00	9.246776e-01
TCGA-PG-A6IB-01A-21R-A31O-07	0	2.220409e+00	1.708974e+00	0	0	1.233759e+00	0	1.329705e-01	0	6.895642e-01	3.056521e+00
TCGA-PG-A7D5-01A-11R-A34R-07	6.808374e-01	7.088622e-01	1.304440e+00	2.283474e-01	1.864407e+00	7.420555e-01	0	0	0	2.414203e+00	1.649211e+00
TCGA-PG-A914-01A-11R-A37O-07	1.657914e-02	8.430978e-01	5.916509e-01	0	1.821635e+00	1.812972e+00	0	0	2.811410e-01	4.195811e+00	1.228937e+00
TCGA-PG-A915-01A-11R-A37O-07	0	5.588071e-01	7.316323e-01	0	1.695563e+00	1.181580e+00	0	7.553074e-02	0	3.896023e+00	1.605193e+00
TCGA-PG-A916-01A-11R-A37O-07	1.834614e+00	9.528450e-01	1.051414e+00	0	0	7.970617e-01	0	4.541185e-01	0	3.447348e+00	1.177754e+00
TCGA-PG-A917-01A-31R-A37O-07	8.167063e-01	1.877332e+00	1.835321e+00	0	0	5.186572e-01	0	1.205732e+00	0	2.944640e+00	5.973831e-01
TCGA-QF-A5YS-01A-11R-A31O-07	1.096225e+00	9.101584e-01	6.963820e-01	2.273144e-01	7.126629e-01	1.492391e+00	7.544423e-02	7.746519e-01	0	2.921310e+00	7.464714e-01
TCGA-QF-A5YT-01A-11R-A31O-07	7.714860e-01	7.349124e-01	1.349883e+00	1.128580e+00	0	9.431755e-01	0	6.188868e-01	0	1.728134e+00	2.114735e+00
TCGA-QS-A5YQ-01A-11R-A31O-07	1.863924e+00	1.377894e+00	1.097336e+00	0	2.438905e-01	1.083117e+00	0	1.292276e+00	0	2.157971e+00	5.817982e-01
TCGA-QS-A5YR-01A-31R-A31O-07	1.576098e+00	1.133659e+00	9.360289e-01	0	0	1.505112e+00	1.976404e-01	5.392458e-01	3.997391e-01	1.915046e+00	1.403359e+00
TCGA-QS-A744-01A-11R-A34R-07	0	2.772302e-02	1.449859e+00	1.046123e+00	6.064914e-02	7.945939e-01	0	2.163254e-01	0	3.552815e+00	1.881367e+00
TCGA-QS-A8F1-01A-21R-A37O-07	2.577555e-01	0	1.334517e+00	0	1.567369e+00	2.749707e+00	0	4.362442e-01	2.979457e-01	1.621813e+00	1.079296e+00
TCGA-SJ-A6ZI-01A-12R-A34R-07	7.751940e-01	1.458486e+00	9.290221e-01	5.225799e-03	1.055449e-01	9.646243e-01	4.614319e-01	1.822656e-01	2.389777e-01	3.175779e+00	1.479989e+00
TCGA-SJ-A6ZJ-01A-12R-A34R-07	1.753385e+00	9.301104e-01	1.897179e+00	1.187031e-01	1.266412e-01	8.923850e-01	0	1.200550e+00	0	2.113993e+00	7.861871e-01
TCGA-SL-A6J9-01A-11R-A31O-07	6.597149e-02	1.693778e+00	2.881051e-01	0	1.378813e+00	2.148121e+00	0	0	0	2.389030e+00	2.164822e+00
TCGA-SL-A6JA-01A-11R-A31O-07	3.279104e-01	1.944232e-01	6.088672e-01	5.388076e-01	0	1.355991e+00	1.120946e+00	5.084483e-01	0	2.261534e+00	3.001218e+00
