sampleID	D13.3_CAR-HPX	D15.6_CHAN-INTERFERON-PRODUCING-DENDRITIC-CELL	D16.14_GNF2-TTN	D12.9_GNF2-SERPINI2	D25.2_SCHLOSSER-MYC-AND-SERUM-RESPONSE-SYNERGY	D17.2_REACTOME-OLFACTORY-SIGNALING-PATHWAY	D11.5_JIANG-CORE-DUPLICON-GENES	D16.2_FINETTI-BREAST-CANCER-KINOME-RED	D13.11_NAKAMURA-LUNG-CANCER-DIFFERENTIATION-MARKERS	D15.7_FARMER-BREAST-CANCER-CLUSTER-5	D18.12_NIELSEN-LEIOMYOSARCOMA-CNN1-UP	D20.17_XENOBIOTIC-METABOLIC-PROCESS	D22.17_GNF2-TM4SF2	D20.11_GNF2-CDH3	D16.10_JIANG-CORE-DUPLICON-GENES	D22.4_REACTOME-OLFACTORY-SIGNALING-PATHWAY
PDX_64486	8.094735e-02	2.816605e-02	7.204059e-02	5.332208e-02	1.962059e-01	1.579253e-01	1.414653e-01	4.544650e-01	0	4.047725e-02	0	1.523237e-01	2.538084e-02	2.669947e-01	1.668898e-01	1.577584e-01
PDX_64484	8.306034e-02	1.882734e-02	5.572857e-02	2.267770e-02	1.731681e-01	1.896733e-01	1.486162e-01	4.708538e-01	2.641796e-02	1.777101e-02	0	1.841086e-01	3.815071e-03	2.516511e-01	2.002326e-01	1.679472e-01
PDX_64489	7.106544e-02	3.687156e-01	4.338229e-02	6.075137e-02	1.795351e-01	2.272202e-01	1.254741e-01	5.037312e-01	0	0	0	2.302100e-02	0	5.840186e-02	2.266744e-01	1.994169e-01
PDX_73519	5.946066e-02	3.068037e-02	8.318031e-02	5.832867e-03	1.478068e-01	2.035237e-01	1.312639e-01	4.510516e-01	5.131945e-02	4.391724e-02	0	2.584276e-01	0	2.000764e-01	2.078166e-01	1.577268e-01
PDX_72526	7.196308e-02	4.110467e-02	5.358609e-02	5.700064e-02	1.503519e-01	1.858387e-01	1.341271e-01	4.630731e-01	3.342674e-02	3.217782e-02	0	1.724759e-01	1.085996e-02	2.325316e-01	2.006819e-01	1.856853e-01
PDX_64487	8.288852e-02	3.212125e-01	5.087508e-02	6.067457e-02	1.864393e-01	2.665302e-01	1.492301e-01	4.964876e-01	0	0	0	3.695016e-02	0	7.157268e-02	1.994396e-01	2.344779e-01
PDX_64488	9.289240e-02	2.058165e-02	6.927945e-02	4.312322e-02	1.847651e-01	1.917511e-01	1.263034e-01	4.671818e-01	4.443553e-02	4.968977e-03	0	1.826612e-01	1.295423e-02	2.256544e-01	1.756201e-01	1.821142e-01
PDX_73521	4.490757e-02	1.529572e-02	8.288475e-02	7.836589e-03	1.467981e-01	2.213586e-01	1.169949e-01	5.163938e-01	9.140075e-02	5.480547e-02	0	1.505710e-02	0	3.468891e-01	1.842761e-01	1.791272e-01
PDX_64483	1.021250e-01	9.275418e-02	8.018960e-02	1.794765e-01	2.522177e-01	4.079480e-01	2.815519e-01	2.244109e-01	0	9.445902e-02	0	2.875033e-02	5.277541e-02	2.838878e-02	1.357976e-01	3.615995e-01
PDX_64485	8.270857e-02	3.166079e-02	5.998012e-02	3.229936e-02	1.792915e-01	1.801612e-01	1.237635e-01	4.682636e-01	0	0	0	2.611921e-01	1.542404e-02	1.725472e-01	1.856442e-01	1.781390e-01
PDX_76502	8.424422e-02	3.947477e-02	4.682455e-02	4.942659e-02	2.478130e-01	2.855532e-01	1.584510e-01	4.108744e-01	0	0	0	2.281573e-01	0	1.517658e-01	1.333213e-01	2.792395e-01
PDX_67291	7.605281e-02	1.164279e-02	6.373006e-02	3.073758e-02	1.782175e-01	3.264242e-01	1.580607e-01	4.921518e-01	6.596296e-02	6.226182e-02	0	1.706036e-02	5.142328e-04	2.908704e-01	1.471167e-01	2.276908e-01
PDX_67292	9.711121e-02	9.928536e-03	4.742834e-02	4.740616e-02	1.872885e-01	3.913574e-01	1.770423e-01	4.750510e-01	1.036863e-01	3.921579e-02	0	0	5.743301e-04	2.347430e-01	1.566730e-01	2.474960e-01
PDX_73518	6.847784e-02	6.460525e-02	6.286397e-02	1.793078e-02	1.734728e-01	2.273523e-01	1.171186e-01	4.542392e-01	0	0	0	2.669745e-01	1.669514e-02	2.072800e-01	1.879328e-01	1.951739e-01
PDX_67293	8.632657e-02	1.228497e-02	5.960208e-02	3.650971e-02	1.737941e-01	3.347844e-01	1.190493e-01	5.180648e-01	1.014201e-01	4.868890e-02	0	2.332536e-03	0	2.651475e-01	1.370522e-01	2.081101e-01
PDX_73520	7.447227e-02	2.286517e-02	7.823968e-02	1.635430e-02	1.778310e-01	2.146895e-01	2.003465e-01	4.331267e-01	0	0	0	2.872407e-01	1.100801e-02	1.484941e-01	2.080172e-01	1.907592e-01
PDX_72527	6.595564e-02	5.959433e-02	6.613777e-02	5.287861e-02	1.604201e-01	1.999591e-01	1.285178e-01	4.618438e-01	9.474828e-03	3.038888e-02	0	1.811795e-01	6.421274e-03	2.037016e-01	1.840306e-01	1.880102e-01
PDX_73522	4.059924e-02	1.220328e-02	9.195843e-02	0	1.559219e-01	2.330993e-01	1.328505e-01	5.122422e-01	4.018233e-02	1.086333e-01	0	2.467015e-02	0	3.127138e-01	1.631645e-01	1.885386e-01
Pancreas_46588	7.422808e-02	2.086108e-01	3.861334e-02	4.327083e-02	2.043646e-01	3.968946e-01	9.264941e-02	3.299295e-01	2.687907e-02	3.828488e-02	1.114064e-01	3.052140e-01	2.998140e-02	0	1.322319e-01	3.589489e-01
Pancreas_47586	6.345877e-02	9.526279e-02	5.844278e-02	3.015906e-02	1.987427e-01	4.384707e-01	2.191639e-01	3.915806e-01	2.438510e-02	1.743726e-02	0	2.523482e-01	0	0	8.101243e-02	4.705270e-01
Plastic_54018	7.452460e-02	5.538429e-02	5.695592e-02	0	2.030123e-01	3.228238e-01	3.679420e-02	5.702620e-01	1.909713e-02	2.044074e-03	1.541750e-03	0	0	2.816839e-01	7.940215e-02	2.934655e-01
Plastic_54276	8.036340e-02	1.749771e-03	6.899036e-02	4.878465e-02	1.751495e-01	2.535039e-01	9.581914e-02	5.498928e-01	2.002988e-02	0	0	5.795762e-02	4.794310e-03	2.437619e-01	1.471695e-01	2.656452e-01
Plastic_54277	5.302234e-02	4.406746e-02	5.671429e-02	2.092544e-02	1.677823e-01	2.518624e-01	1.171163e-01	6.106229e-01	2.866515e-03	0	0	0	0	2.986200e-01	1.920928e-01	2.707755e-01
Plastic_54019	1.124208e-01	1.573415e-02	4.264790e-02	3.550276e-02	1.777274e-01	2.851659e-01	4.525980e-02	5.722191e-01	4.952011e-02	3.277567e-03	0	0	0	2.708869e-01	1.305333e-01	2.409647e-01
Plastic_54023	6.877806e-02	4.408220e-02	4.294192e-02	0	1.928426e-01	3.089639e-01	2.701234e-02	5.905116e-01	9.287626e-03	0	0	9.710539e-03	0	2.930221e-01	8.832420e-02	2.800169e-01
Plastic_54246	8.634979e-02	2.381579e-02	3.423148e-02	0	1.972545e-01	3.074335e-01	7.475168e-02	5.666134e-01	0	0	0	9.855573e-02	0	2.715578e-01	1.102725e-01	2.593717e-01
Plastic_54278	6.430724e-02	3.546377e-02	9.361982e-02	0	2.020224e-01	2.628513e-01	1.237008e-01	5.860177e-01	1.886289e-02	2.121266e-02	1.495594e-04	0	0	1.507658e-01	8.827097e-02	2.655495e-01
Plastic_51251	8.633946e-02	1.254482e-03	3.316759e-02	0	1.248789e-01	4.508782e-01	7.566308e-02	5.558642e-01	3.277634e-02	1.443050e-02	0	8.178336e-03	4.932993e-03	1.644814e-01	1.359521e-01	2.848524e-01
Pancreas_64506	6.758488e-02	1.317584e-01	5.623749e-02	1.108659e-01	2.045841e-01	2.213468e-01	9.550758e-02	4.110066e-01	1.134597e-02	0	0	3.326807e-01	5.115185e-02	5.043970e-02	1.932103e-01	2.177505e-01
Pancreas_47973	3.925363e-02	8.131183e-02	3.420679e-02	2.601775e-02	2.351732e-01	4.225402e-01	1.941585e-01	3.812731e-01	0	0	0	2.142666e-01	0	1.325408e-01	1.300501e-01	3.687903e-01
LN_53841	3.594914e-02	2.543759e-01	9.914645e-02	0	1.693233e-01	3.366960e-01	1.863254e-01	2.457168e-01	9.526139e-02	8.965641e-02	3.230111e-01	1.181519e-02	1.163746e-01	2.318111e-02	2.040794e-01	2.306368e-01
Diaphragm_49083	6.499914e-02	1.423253e-01	1.742952e-01	0	2.472881e-01	3.347427e-01	2.834736e-01	2.676441e-01	3.358520e-04	2.012851e-01	8.403026e-02	9.247592e-02	0	1.571657e-01	8.511504e-02	2.572192e-01
Fat_53844	4.113486e-02	1.729124e-01	9.510183e-02	4.427212e-04	1.586635e-01	2.865409e-01	1.873244e-01	2.744335e-01	1.022254e-01	2.035174e-01	3.022766e-01	5.518809e-02	2.979694e-03	6.704061e-02	2.155020e-01	2.834964e-01
Liver_49085	7.231170e-01	1.859652e-01	4.843642e-02	0	2.768196e-01	3.876740e-01	2.158156e-01	1.625232e-01	6.447050e-02	8.712163e-02	5.557497e-02	1.910442e-04	0	3.290991e-02	8.944936e-02	3.713234e-01
Liver_49086	3.698541e-01	1.399310e-01	5.204420e-02	2.368930e-03	2.183899e-01	3.712318e-01	2.059824e-01	2.689727e-01	5.849182e-02	2.036962e-01	4.089117e-02	4.216017e-02	1.604608e-03	1.140970e-01	1.322292e-01	3.262599e-01
Lung_53846	1.024289e-01	7.934095e-02	1.247691e-01	2.160252e-02	1.681166e-01	2.869852e-01	5.724738e-02	3.394701e-01	6.151898e-01	8.341733e-02	0	8.412193e-02	1.701778e-03	6.272340e-02	2.069104e-01	2.888191e-01
Lung_53847	8.248513e-02	7.478139e-02	8.454149e-02	1.755891e-02	1.849610e-01	3.571892e-01	3.301235e-01	2.679545e-01	3.075312e-01	8.390800e-02	5.958305e-03	1.128247e-01	1.392321e-03	4.984564e-02	2.663833e-01	3.503871e-01
Colon_49084	5.677599e-02	1.547912e-01	9.508905e-02	0	2.541906e-01	3.762136e-01	4.304347e-01	1.306278e-01	5.897874e-02	1.492488e-01	2.826623e-01	3.340259e-02	1.043717e-02	6.927108e-02	2.150177e-01	3.572810e-01
Liver_54176	6.645359e-01	1.072514e-01	5.179538e-02	1.041105e-02	1.989527e-01	2.701877e-01	1.038333e-01	3.031388e-01	3.092229e-02	1.531871e-01	4.321246e-02	7.040866e-02	1.579817e-02	8.549414e-02	1.599913e-01	2.346891e-01
Vessel_49350	8.571792e-02	2.169284e-01	1.175428e-01	0	2.028370e-01	3.121296e-01	2.936783e-01	3.552864e-01	6.199406e-02	2.437895e-01	0	0	0	1.524678e-01	1.920709e-01	2.737550e-01
LN_49394	8.447972e-02	2.744816e-01	1.102380e-01	2.823229e-03	1.880300e-01	2.949260e-01	1.541531e-01	4.113212e-01	7.819206e-02	1.873012e-01	2.393933e-03	0	1.830318e-02	2.000250e-01	1.279711e-01	2.332349e-01
Peritoneal_49396	1.167979e-01	1.200281e-01	1.820765e-01	0	1.972693e-01	2.611863e-01	2.956177e-01	4.051742e-01	9.307146e-02	1.752601e-01	0	0	0	6.741655e-02	2.211279e-01	2.397409e-01
AbWall_49359	7.075099e-02	1.694169e-01	1.175587e-01	5.800619e-03	1.979182e-01	4.023406e-01	2.569778e-01	2.973579e-01	3.676175e-02	1.889164e-01	9.952834e-02	7.656044e-02	0	2.533148e-01	2.030915e-01	3.076817e-01
AbWall_48574	9.582864e-02	1.604245e-01	1.009732e-01	5.145108e-03	2.981894e-01	2.863842e-01	3.210331e-01	2.976062e-01	0	1.923613e-01	4.991939e-02	3.255295e-02	0	2.988937e-01	1.259074e-01	2.889607e-01
Lung_48586	8.031384e-02	2.275306e-01	7.065286e-02	0	2.734196e-01	2.334498e-01	3.580588e-01	2.337715e-01	1.215438e-01	7.643699e-02	0	1.304709e-01	1.201062e-02	2.274724e-01	1.333119e-01	1.616773e-01
LN_49362	5.409289e-02	3.008943e-01	8.701133e-02	3.453701e-02	2.206911e-01	3.797263e-01	3.580184e-01	2.569772e-01	0	1.347073e-01	4.986288e-02	4.758786e-03	0	2.783992e-01	2.478024e-01	3.912432e-01
LN_49363	6.158568e-02	4.109747e-01	9.217021e-02	3.461095e-02	2.220427e-01	4.091577e-01	3.047566e-01	2.472839e-01	0	8.483324e-02	7.989317e-02	0	0	2.061784e-01	2.508069e-01	4.065413e-01
Liver_48584	1.338285e-01	1.390399e-01	8.447446e-02	8.284984e-03	2.814682e-01	2.293682e-01	4.482914e-01	2.209997e-01	0	1.402099e-01	2.172314e-02	1.873292e-02	6.807700e-04	3.211408e-01	1.993125e-01	2.508975e-01
LN_49364	6.745927e-02	1.737049e-01	9.564126e-02	5.513548e-02	2.084034e-01	4.334410e-01	3.622739e-01	2.695183e-01	0	1.624334e-01	4.848608e-02	0	0	2.669909e-01	2.396024e-01	4.252821e-01
LN_48581	7.496345e-02	2.245261e-01	1.205909e-01	0	2.161982e-01	2.010367e-01	3.761543e-01	2.237162e-01	0	1.711617e-01	1.637713e-01	0	2.577975e-02	2.874744e-01	1.030920e-01	1.414687e-01
Peritoneal_53863	8.067265e-02	1.850131e-01	1.107400e-01	7.765404e-03	1.802841e-01	2.533630e-01	2.666203e-01	3.428376e-01	3.664132e-02	2.153830e-01	1.297610e-01	6.122907e-02	0	2.253472e-01	2.509029e-01	2.540345e-01
Fat_48577	1.161930e-01	2.270393e-01	8.849391e-02	0	2.627893e-01	2.830059e-01	3.389667e-01	2.614012e-01	1.022493e-01	1.720966e-01	1.609620e-01	5.062647e-02	0	1.865762e-01	1.452132e-01	2.496269e-01
Colon_48613	9.780818e-02	1.427443e-01	7.193064e-02	2.683314e-02	2.494037e-01	2.221481e-01	3.902414e-01	2.269337e-01	0	2.556981e-01	9.339736e-02	6.707025e-02	4.344673e-02	1.767538e-01	1.878369e-01	1.706541e-01
Liver_49370	3.030732e-01	9.618879e-02	9.013077e-02	0	2.417814e-01	3.277005e-01	3.085632e-01	2.448720e-01	0	1.033625e-01	0	1.041665e-01	0	2.542175e-01	1.787986e-01	2.411956e-01
Liver_48591	6.966999e-01	1.119830e-01	4.813433e-02	0	3.507105e-01	3.742561e-01	3.660345e-01	1.110243e-01	0	2.369092e-02	0	2.255536e-02	0	1.274581e-01	1.308530e-01	2.334210e-01
Liver_49376	4.082557e-01	6.138865e-02	7.439564e-02	2.072722e-02	2.142708e-01	4.072817e-01	3.367218e-01	3.111931e-01	3.709217e-02	1.093595e-01	0	0	0	2.203940e-01	2.473487e-01	3.428340e-01
Liver_49375	3.575299e-01	3.882427e-02	7.930926e-02	2.775457e-02	2.053306e-01	4.048237e-01	3.253159e-01	3.329387e-01	4.219300e-02	1.086389e-01	0	0	0	2.378122e-01	2.621404e-01	3.429722e-01
Duo_49381	4.727227e-02	4.492023e-01	8.607408e-02	1.461145e-02	2.135098e-01	3.623296e-01	2.425799e-01	2.373523e-01	3.295296e-02	7.015193e-02	1.614855e-01	6.382042e-02	0	1.032566e-01	2.494445e-01	3.171786e-01
Peritoneal_48639	9.890403e-02	4.277294e-01	6.967033e-02	0	2.812274e-01	4.467174e-01	1.593664e-01	2.309787e-01	7.004875e-02	7.365230e-02	1.168528e-01	9.447261e-02	0	9.355447e-02	5.946349e-02	2.361635e-01
Peritoneal_49382	5.043896e-02	1.891665e-01	9.357314e-02	0	2.028532e-01	3.788617e-01	1.453110e-01	3.500169e-01	3.621221e-02	1.686442e-01	1.319300e-01	1.376406e-01	0	2.084226e-01	8.625429e-02	2.614356e-01
Liver_48648	4.331462e-01	1.565370e-01	3.847905e-02	2.836802e-05	2.620926e-01	4.337959e-01	2.049579e-01	2.109364e-01	0	1.541269e-01	6.747950e-02	1.003526e-01	0	1.854117e-01	1.675045e-01	2.805955e-01
Diaphragm_48638	5.249466e-02	2.746274e-01	7.933607e-02	0	2.472909e-01	4.200417e-01	2.585369e-01	2.533321e-01	0	1.958327e-01	1.129448e-01	1.036903e-01	0	1.934214e-01	1.716586e-01	2.276019e-01
Liver_48652	1.462805e-01	1.063112e-01	8.172687e-02	0	2.130350e-01	3.626426e-01	2.813054e-01	2.620106e-01	7.790275e-02	2.226893e-01	0	9.103921e-02	0	1.925989e-01	1.418796e-01	1.588861e-01
Diaphragm_49385	6.134876e-02	8.630043e-02	4.667288e-01	0	1.702730e-01	3.721708e-01	2.588080e-01	2.641300e-01	2.424990e-02	1.335442e-01	1.187034e-01	7.268534e-02	0	1.112836e-01	1.654652e-01	2.388201e-01
LN_48653	7.258041e-02	2.716596e-01	9.666292e-02	0	2.215481e-01	3.781038e-01	2.065096e-01	2.900703e-01	2.744943e-02	1.564568e-01	2.993324e-02	1.584811e-01	0	1.551006e-01	1.556407e-01	1.793289e-01
Lung_49386	9.184574e-02	9.975443e-02	1.119642e-01	1.735225e-02	2.030251e-01	3.486085e-01	2.547408e-01	1.811925e-01	7.675885e-01	0	6.156327e-02	2.913887e-03	0	6.020652e-02	2.858879e-01	3.068270e-01
Lung_53836	7.319089e-02	7.866709e-02	1.069331e-01	1.429907e-02	1.683762e-01	3.398618e-01	3.095919e-01	2.611782e-01	3.753456e-01	5.722419e-02	3.980651e-02	1.519515e-01	0	7.837011e-02	2.845887e-01	3.044911e-01
Liver_48659	3.371585e-01	1.806664e-01	3.125177e-02	0	2.587135e-01	3.627909e-01	2.708812e-01	2.421856e-01	9.616057e-02	2.000676e-01	0	7.265827e-02	0	1.461173e-01	1.636491e-01	2.419129e-01
Liver_49066	3.956108e-01	5.296719e-02	5.424569e-02	0	2.334008e-01	3.350791e-01	2.906401e-01	3.138863e-01	1.309405e-02	7.759498e-02	6.513549e-03	1.888550e-01	0	1.199625e-01	1.733244e-01	2.426746e-01
Liver_49065	4.850399e-01	1.234270e-01	0	0	2.421544e-01	3.139546e-01	3.350616e-01	1.818859e-01	1.195159e-02	1.234608e-01	1.332334e-01	9.199974e-02	8.534054e-03	5.585609e-02	9.116866e-02	2.330965e-01
Lung_49076	8.973940e-02	8.780288e-02	6.857687e-02	0	2.155546e-01	3.570039e-01	2.768836e-01	2.730312e-01	3.130675e-01	4.102231e-02	9.114990e-02	2.179911e-01	0	4.981609e-02	2.155107e-01	2.634329e-01
Lung_49068	1.053295e-01	5.663498e-02	7.418741e-02	3.033692e-04	2.226341e-01	3.163272e-01	2.079117e-01	2.303424e-01	6.831157e-01	7.332371e-03	5.635704e-02	9.038113e-02	0	9.755090e-02	2.304535e-01	2.409077e-01
LN_49067	6.066869e-02	2.239989e-01	4.922458e-02	0	2.335944e-01	3.329014e-01	2.855747e-01	3.302774e-01	0	3.894770e-02	3.641116e-02	2.175552e-01	0	1.460786e-01	1.902342e-01	2.180551e-01
Lung_56323	1.149467e-01	3.168082e-02	5.011508e-02	0	2.135349e-01	3.136639e-01	5.957541e-01	2.076684e-01	2.040663e-01	1.099204e-01	0	8.192092e-02	0	7.913796e-02	2.488234e-01	2.977061e-01
LN_56324	9.005747e-02	4.754664e-01	6.755362e-02	1.404504e-02	2.390342e-01	2.960068e-01	2.634442e-01	3.095787e-01	7.601617e-02	0	9.219143e-02	0	0	0	2.505174e-01	2.669973e-01
Liver_56325	3.553698e-01	1.297686e-01	2.345201e-02	0	2.075180e-01	2.878709e-01	3.014653e-01	2.708982e-01	6.824405e-02	1.375747e-01	9.465994e-02	4.567032e-02	0	1.306535e-01	2.295249e-01	2.306633e-01
Liver_56327	2.574227e-01	7.966676e-02	6.824230e-02	2.325403e-02	2.141831e-01	2.983329e-01	2.802426e-01	4.000830e-01	5.117908e-02	1.142741e-01	0	0	0	1.925977e-01	1.982835e-01	2.728685e-01
LN_56376	8.141927e-02	3.332051e-01	4.744782e-02	2.544709e-02	2.037281e-01	2.471455e-01	3.686010e-01	2.978428e-01	2.355288e-02	6.372297e-02	2.901385e-02	8.633480e-02	0	1.259985e-01	2.593941e-01	1.553200e-01
Liver_56378	3.712526e-01	4.021309e-02	1.471340e-02	0	2.074470e-01	2.297957e-01	2.785269e-01	3.354292e-01	1.862910e-02	2.136048e-01	5.940915e-02	5.813641e-02	0	1.646772e-01	2.245972e-01	1.778366e-01
Liver_56543	4.998959e-01	4.740619e-02	5.247627e-02	0	2.258435e-01	2.426699e-01	5.067643e-01	2.537639e-01	0	1.588033e-01	4.046898e-03	0	0	1.752715e-01	2.603774e-01	2.737736e-01
Liver_56329	6.318549e-01	2.283502e-02	5.633435e-02	2.942712e-02	2.226388e-01	3.428592e-01	4.268365e-01	1.963815e-01	3.825154e-03	6.783879e-02	1.533856e-03	0	0	7.018158e-02	1.703768e-01	3.164065e-01
AbWall_56380	8.995287e-02	1.454053e-01	1.050562e-01	0	1.901580e-01	1.909888e-01	2.375263e-01	3.141123e-01	8.828536e-02	2.663986e-01	1.901684e-01	4.281128e-02	0	1.069729e-01	2.250472e-01	1.846992e-01
Peritoneal_56381	1.097146e-01	1.221119e-01	1.343313e-01	1.546752e-04	1.936577e-01	2.078848e-01	3.841406e-01	2.804743e-01	2.923210e-02	2.051618e-01	1.147083e-01	5.549707e-02	0	2.178823e-01	2.689426e-01	1.986808e-01
Liver_56521	1.709379e-01	6.910868e-02	6.886638e-02	2.955966e-02	2.104899e-01	3.494134e-01	5.912994e-01	2.014168e-01	0	6.362453e-02	1.423829e-02	2.222511e-02	0	2.184498e-01	2.942031e-01	4.142693e-01
Liver_56532	1.012593e-01	6.222392e-02	6.539599e-02	3.487552e-03	2.216448e-01	4.593260e-01	4.211719e-01	2.093980e-01	1.585447e-01	3.071971e-02	9.346304e-03	1.213887e-01	2.781693e-04	6.858731e-02	2.159546e-01	3.122834e-01
Duo_56533	1.002440e-01	7.848484e-02	8.475602e-02	2.093530e-02	1.891058e-01	4.141977e-01	3.281610e-01	2.276478e-01	2.889476e-01	7.818718e-02	4.078810e-03	1.251580e-01	1.863094e-03	8.425332e-02	2.785328e-01	2.454718e-01
Liver_56522	2.496821e-01	0	4.183438e-02	1.030269e-02	2.041670e-01	4.172329e-01	5.322712e-01	2.174977e-01	0	3.837587e-02	0	1.178930e-01	0	1.028708e-01	2.267607e-01	5.001577e-01
Liver_56328	3.707431e-01	2.774889e-02	4.848753e-02	0	1.991833e-01	3.622943e-01	6.109814e-01	1.834963e-01	1.555223e-02	8.043986e-02	0	4.430646e-03	0	1.145141e-01	1.693505e-01	3.429646e-01
Liver_56524	6.670487e-01	6.978462e-02	4.162434e-02	2.046767e-02	1.845107e-01	3.163661e-01	1.847422e-01	2.439197e-01	1.274391e-01	9.277065e-02	1.078598e-01	4.077133e-02	0	5.002988e-02	2.163503e-01	3.336183e-01
Liver_56315	4.917399e-01	5.869862e-02	4.309015e-02	2.225928e-03	2.120369e-01	3.171365e-01	3.422745e-01	2.572386e-01	1.967134e-02	1.421075e-01	5.278238e-02	6.108460e-02	0	1.057077e-01	1.984869e-01	2.671590e-01
Liver_56317	5.865166e-01	4.382656e-02	4.791042e-02	0	2.284472e-01	3.202905e-01	2.778294e-01	2.487819e-01	6.695864e-02	1.017388e-01	2.756676e-02	1.839132e-02	0	1.327102e-01	1.756997e-01	2.585686e-01
Liver_56318	5.683335e-01	4.885100e-02	4.940977e-02	0	2.124260e-01	3.481514e-01	2.702893e-01	2.558453e-01	6.449125e-02	1.171721e-01	1.924881e-02	2.224722e-02	0	1.215002e-01	1.652720e-01	2.698726e-01
Peritoneal_56319	9.337579e-02	8.703696e-02	6.106303e-02	0	1.878457e-01	3.709622e-01	3.694841e-01	3.095817e-01	1.305293e-02	1.784912e-01	3.445269e-02	1.431072e-01	0	7.912271e-02	1.543938e-01	3.069397e-01
Peritoneal_56321	1.191437e-01	1.225539e-01	4.874263e-02	0	2.238586e-01	3.898442e-01	5.956696e-01	1.996698e-01	3.700650e-03	1.588732e-01	6.558604e-02	4.019645e-03	0	2.883143e-02	2.015499e-01	3.492150e-01
Plastic_54024	1.019561e-01	1.680600e-02	8.885924e-02	2.503754e-02	1.933289e-01	3.157469e-01	1.450863e-01	5.927583e-01	0	0	0	4.022426e-03	1.388264e-02	3.953845e-02	1.711353e-01	3.003659e-01
Pancreas_64511	1.692775e-01	5.198236e-02	1.012942e-01	4.178630e-01	2.272216e-01	2.323206e-01	1.900221e-01	2.903839e-01	5.233425e-02	0	0	1.636751e-02	1.354654e-01	0	2.384636e-01	2.340274e-01
Pancreas_64512	8.594588e-02	7.023691e-02	2.965064e-02	4.047232e-01	1.941105e-01	1.474147e-01	1.703073e-01	2.111915e-01	9.871470e-02	1.048431e-01	3.509229e-02	4.967563e-02	2.667859e-01	0	2.213390e-01	1.778304e-01
Pancreas_72615	6.917920e-03	3.886627e-01	3.951580e-02	1.404709e-01	1.962816e-01	1.522825e-01	1.411392e-01	2.823418e-01	7.307324e-03	1.943194e-01	1.651087e-01	0	1.309333e-01	1.356537e-02	1.607788e-01	2.012268e-01
Pancreas_64493	5.781092e-02	2.791034e-01	5.731422e-02	1.456911e-01	1.328126e-01	1.667462e-01	3.971325e-01	2.046563e-01	6.704712e-02	2.035357e-01	2.785469e-02	0	1.750895e-01	0	2.698719e-01	1.729488e-01
Liver_53839	7.495915e-01	1.830178e-01	6.104463e-02	3.033048e-02	1.870997e-01	3.603383e-01	1.363717e-01	2.427318e-01	1.444448e-01	3.855552e-02	2.344161e-02	2.799798e-03	0	0	2.108505e-01	2.420001e-01
LN_49081	8.771476e-02	5.840520e-01	9.801512e-02	3.265807e-02	2.787578e-01	3.251916e-01	2.140409e-01	2.883894e-01	6.928642e-02	0	1.174432e-02	0	0	0	2.024594e-01	2.736357e-01
Liver_49077	7.593820e-01	2.336794e-01	2.879728e-02	1.374890e-03	2.607620e-01	3.876030e-01	9.059734e-02	1.991306e-01	1.401298e-01	3.762416e-02	1.799491e-02	1.283015e-02	0	0	3.945344e-02	3.187441e-01
Liver_49078	4.229410e-01	3.074739e-01	8.660436e-02	5.023978e-03	2.533796e-01	3.984571e-01	1.389960e-01	2.747980e-01	8.088936e-02	1.732810e-01	0	0	0	0	3.258287e-02	3.070289e-01
Lung_53840	9.559417e-02	1.800752e-01	9.656316e-02	2.179722e-02	1.609544e-01	3.596362e-01	8.506277e-02	2.832010e-01	5.926346e-01	5.029687e-02	1.335680e-01	2.558980e-02	0	1.590678e-02	2.266443e-01	2.607343e-01
Liver_49074	7.334006e-01	2.606880e-01	2.035636e-02	3.153128e-03	2.737126e-01	3.144557e-01	3.090069e-01	1.299219e-01	1.266786e-01	1.660541e-02	2.557516e-02	0	0	0	1.447511e-01	2.946280e-01
Fat_49080	3.903938e-02	1.787609e-01	2.223773e-01	7.636119e-05	2.201926e-01	2.925433e-01	2.506725e-01	2.106072e-01	8.601673e-02	7.594524e-02	2.797043e-01	0	1.460925e-01	0	1.643800e-01	2.415630e-01
Fat_49079	7.834165e-02	1.608314e-01	5.099450e-01	1.701823e-02	2.398529e-01	3.903568e-01	2.091894e-01	1.916089e-01	2.921419e-02	7.645872e-02	2.505331e-01	0	0	0	7.281471e-02	2.969411e-01
Pancreas_49082	7.554881e-02	1.503611e-01	4.716445e-02	3.702208e-01	2.461887e-01	3.206691e-01	3.088321e-01	1.053340e-01	1.059345e-01	6.800724e-02	1.999107e-01	1.677629e-03	1.028297e-01	0	1.770952e-01	3.227648e-01
Liver_49088	8.426507e-01	1.157690e-01	9.281320e-02	1.053137e-02	2.228403e-01	4.247064e-01	1.701269e-01	1.725961e-01	8.352220e-02	1.430617e-02	0	2.446142e-03	0	2.122057e-02	1.294315e-01	3.399437e-01
Spleen_49093	1.351866e-01	4.299283e-01	9.992467e-02	7.975400e-02	2.383910e-01	4.246305e-01	3.796925e-01	1.891216e-01	1.145042e-01	0	2.408103e-03	0	0	0	3.100738e-01	3.633096e-01
Lung_49089	1.131902e-01	1.911705e-01	8.436456e-02	0	2.081887e-01	3.651307e-01	1.788334e-01	2.333057e-01	5.622744e-01	5.579396e-02	6.713903e-02	2.693565e-02	0	6.043308e-02	1.518427e-01	3.070815e-01
Lung_49090	6.894424e-02	1.354617e-01	6.055698e-02	3.013874e-02	2.071393e-01	4.197590e-01	4.357291e-01	2.143151e-01	1.975788e-01	1.009050e-01	0	9.691607e-02	0	8.902870e-02	3.031162e-01	3.591996e-01
Lung_49087	9.736799e-02	1.511915e-01	9.465691e-02	1.603405e-02	2.489034e-01	3.593945e-01	3.246664e-01	1.666449e-01	6.193861e-01	3.691998e-02	7.642454e-02	0	0	2.501231e-02	2.584015e-01	3.726446e-01
LN_53850	7.576376e-02	5.334456e-01	1.030218e-01	5.858154e-02	2.167690e-01	3.693704e-01	2.204977e-01	3.211344e-01	3.227130e-02	0	3.979913e-02	0	0	0	3.067757e-01	3.435148e-01
Pancreas_49092	8.157947e-02	1.429409e-01	2.474824e-02	2.775291e-01	2.194988e-01	3.261201e-01	4.226816e-01	4.615735e-02	4.324635e-02	6.771270e-02	9.968260e-02	0	2.453813e-01	0	2.433258e-01	3.358265e-01
Peritoneal_49091	6.449119e-02	2.597208e-01	1.535535e-01	0	2.160343e-01	4.052078e-01	2.372908e-01	1.926566e-01	1.380104e-01	7.591713e-02	3.682449e-01	0	0	1.236599e-02	1.255683e-01	2.806092e-01
Diaphragm_53849	1.388491e-01	8.088314e-02	4.539741e-01	0	1.842769e-01	3.806574e-01	2.340216e-01	2.289079e-01	1.031932e-01	7.156334e-02	2.799667e-01	0	0	0	1.265071e-01	2.702789e-01
Peritoneal_53851	8.809383e-02	2.298172e-01	3.561822e-01	9.945201e-04	1.765158e-01	2.784070e-01	1.434268e-01	3.469123e-01	1.240752e-01	1.535499e-01	2.412786e-01	0	0	0	2.057546e-01	2.611750e-01
PelvicWall_53857	7.063186e-02	1.304087e-01	5.223556e-01	6.671563e-02	1.761533e-01	2.430607e-01	2.215342e-01	3.577474e-01	2.251295e-02	1.099226e-01	1.778811e-01	0	0	0	1.934557e-01	2.299552e-01
Spleen_49346	1.398789e-01	4.045874e-01	1.155609e-01	0	2.183961e-01	3.026253e-01	2.328988e-01	2.541756e-01	2.269926e-01	3.022679e-02	1.124807e-01	0	0	0	1.961868e-01	2.599857e-01
Liver_49340	8.720497e-01	1.716749e-01	8.062563e-02	4.643918e-03	2.335766e-01	3.877144e-01	7.529293e-02	1.769063e-01	1.287381e-01	1.695799e-02	2.775020e-02	1.596056e-02	0	0	1.012861e-01	2.500786e-01
Lung_53834	8.683453e-02	2.885742e-02	7.767869e-02	3.213602e-02	1.903296e-01	3.409084e-01	2.702725e-01	2.154239e-01	7.031125e-01	0	1.232595e-01	0	0	3.909394e-02	3.292611e-01	3.657432e-01
Liver_53855	7.234632e-01	1.053548e-01	8.476592e-02	0	1.613874e-01	3.184305e-01	3.216438e-02	3.596136e-01	1.018229e-01	1.538603e-01	1.722244e-02	1.897822e-02	0	7.063755e-02	1.862448e-01	2.065900e-01
Pancreas_53856	1.192199e-01	2.763249e-01	1.297507e-01	0	1.658760e-01	3.399419e-01	2.075124e-01	2.799142e-01	1.662123e-01	1.390454e-01	2.490612e-01	0	0	2.599485e-02	1.917718e-01	2.328177e-01
Lung_49393	7.540274e-02	1.513011e-01	1.079719e-01	0	1.968344e-01	2.431866e-01	2.164489e-01	2.931948e-01	5.969988e-01	1.013103e-01	5.974031e-02	0	0	1.022198e-01	2.184879e-01	2.219706e-01
Lung_49395	7.232083e-02	5.131070e-02	9.132499e-02	1.779074e-02	1.919143e-01	2.109200e-01	2.161043e-01	2.208022e-01	7.524415e-01	2.680290e-02	1.083039e-01	1.260453e-02	1.350478e-02	9.352872e-02	2.469914e-01	2.385541e-01
Liver_49397	8.839479e-01	1.042521e-01	9.075800e-02	1.185901e-02	2.185526e-01	3.057600e-01	1.745507e-01	1.815613e-01	1.148799e-01	0	3.964523e-02	1.138480e-02	0	0	1.818884e-01	2.803706e-01
Lung_53859	1.121867e-01	6.371026e-02	1.064796e-01	0	1.596943e-01	2.776748e-01	3.360811e-01	2.116989e-01	7.020029e-01	2.572918e-02	9.818979e-02	0	0	2.352076e-02	2.944813e-01	2.835213e-01
Spleen_53860	1.781663e-01	2.725022e-01	7.689114e-02	5.249362e-02	2.026629e-01	5.000833e-01	2.351381e-01	2.990167e-01	1.553060e-01	1.313275e-02	4.637488e-02	0	0	0	2.619847e-01	4.372921e-01
LN_48606	8.939039e-02	5.291321e-01	1.130657e-01	2.961321e-02	2.361994e-01	3.728224e-01	1.369705e-01	3.670153e-01	1.010763e-01	1.393362e-02	0	0	0	0	1.612102e-01	2.732337e-01
Pancreas_48608	1.433528e-01	4.253679e-02	5.651543e-02	4.648914e-01	2.324154e-01	4.148967e-01	8.122012e-02	2.487304e-01	1.312198e-01	1.006666e-01	3.580103e-02	8.864985e-03	9.272180e-02	1.538696e-02	6.816127e-02	3.636074e-01
Lung_48607	8.692021e-02	1.243317e-01	7.820047e-02	1.379971e-01	1.984302e-01	3.365151e-01	1.375428e-01	2.950328e-01	6.416667e-01	7.360493e-02	0	0	0	2.295850e-02	1.604818e-01	3.196015e-01
Liver_48605	6.253078e-01	7.775191e-02	6.127247e-02	4.898791e-02	2.146789e-01	3.374146e-01	2.241954e-01	2.342709e-01	1.250163e-01	1.385701e-01	2.150453e-02	0	0	3.699688e-02	1.333077e-01	2.749826e-01
Spleen_48609	1.337494e-01	3.437424e-01	1.260111e-01	2.413110e-02	2.150875e-01	3.209879e-01	2.305359e-01	2.863565e-01	2.330889e-01	9.892626e-02	1.065207e-01	0	0	0	1.580584e-01	2.736705e-01
LN_48573	8.906520e-02	5.533884e-01	1.092954e-01	0	3.064783e-01	2.896211e-01	2.526005e-01	2.665560e-01	3.679691e-02	0	1.152761e-01	0	0	0	1.054710e-01	2.041533e-01
Fat_48612	6.924633e-02	1.916963e-01	8.327955e-02	0	1.971452e-01	3.155153e-01	2.580449e-01	2.256017e-01	8.938437e-02	1.435221e-01	3.018797e-01	4.458910e-02	1.309498e-02	4.962856e-02	9.438233e-02	2.893853e-01
Lung_48610	7.195472e-02	1.200868e-01	9.435915e-02	1.479395e-02	1.924195e-01	2.774605e-01	1.789168e-01	2.377146e-01	6.471393e-01	6.996271e-02	1.351411e-01	0	0	9.396405e-02	1.948433e-01	3.005104e-01
Liver_48570	8.432521e-01	1.975031e-01	3.632785e-02	2.955199e-03	3.277190e-01	2.814637e-01	1.842484e-01	1.721306e-01	3.543423e-02	0	4.474407e-02	7.207469e-03	0	1.691876e-03	7.246203e-02	2.218479e-01
Liver_48571	7.778722e-01	2.315999e-01	5.517046e-02	2.578527e-02	2.871056e-01	2.754439e-01	1.427221e-01	2.090319e-01	1.149626e-01	2.430493e-02	4.717283e-02	2.091995e-02	0	1.946322e-02	1.267441e-01	2.213812e-01
Pancreas_48611	9.063921e-02	1.159359e-01	4.616201e-02	3.360706e-01	1.960759e-01	2.832695e-01	2.202028e-01	1.363562e-01	1.127229e-01	1.227869e-01	8.033410e-02	1.254011e-02	1.721250e-01	3.574672e-02	1.718538e-01	3.107558e-01
LN_49358	6.660133e-02	5.432346e-01	1.221552e-01	1.320555e-02	2.249538e-01	3.960144e-01	2.190971e-01	2.872674e-01	3.912087e-02	0	5.645298e-02	0	0	0	1.884899e-01	3.004966e-01
Spleen_48572	1.667098e-01	4.473638e-01	6.989208e-02	6.232224e-02	3.008771e-01	4.232610e-01	3.097817e-01	2.382339e-01	1.090520e-01	0	0	0	0	0	2.281546e-01	3.115476e-01
Liver_48582	7.949421e-01	2.094252e-01	6.968187e-02	5.267750e-03	2.456215e-01	2.146933e-01	2.142601e-01	2.037331e-01	1.490454e-01	3.905559e-02	4.975248e-02	0	0	2.851832e-02	1.390744e-01	2.317491e-01
Liver_48583	8.799780e-01	1.512105e-01	7.768581e-02	4.278202e-03	2.591580e-01	2.626146e-01	2.345090e-01	1.845046e-01	7.799405e-02	1.449088e-02	2.223063e-02	1.315901e-02	0	2.410716e-02	1.304380e-01	2.645844e-01
Spleen_48588	1.891826e-01	4.686378e-01	8.342811e-02	1.759687e-02	3.063672e-01	3.027165e-01	3.410046e-01	2.110207e-01	1.572491e-01	0	0	0	3.142645e-03	0	2.377205e-01	2.008218e-01
Pancreas_48579	1.176715e-01	2.681508e-01	5.780234e-02	4.877162e-02	2.525494e-01	1.926755e-01	1.968150e-01	1.478583e-01	7.839893e-02	6.434318e-02	1.546566e-01	1.073679e-02	3.734282e-01	3.314701e-02	1.504035e-01	1.274247e-01
Pancreas_48576	1.284970e-01	3.580252e-01	2.723704e-02	4.756621e-02	2.986787e-01	2.713179e-01	2.426358e-01	2.272194e-01	9.179104e-02	1.656899e-03	1.795053e-01	1.982986e-01	8.225034e-02	0	1.641937e-01	2.921358e-01
Vessel_49361	8.984359e-02	1.784459e-01	1.523150e-01	0	1.994128e-01	3.809958e-01	3.678046e-01	1.724134e-01	1.343045e-01	1.134280e-01	3.540409e-01	0	0	4.204792e-02	2.125054e-01	3.593244e-01
Lung_48585	1.144274e-01	2.214344e-01	1.201504e-01	0	2.347829e-01	2.066725e-01	2.698685e-01	2.378186e-01	5.339450e-01	9.082182e-02	1.296225e-01	0	0	2.923236e-02	1.475416e-01	2.398078e-01
Diaphragm_48580	9.162389e-02	1.186447e-01	5.510206e-01	1.076769e-02	2.292195e-01	2.683046e-01	2.097994e-01	2.266191e-01	0	1.002423e-01	1.737734e-01	4.230060e-02	2.093802e-02	1.363558e-01	6.879468e-02	1.566124e-01
Diaphragm_48575	1.142966e-01	1.299822e-01	6.058638e-01	2.533455e-02	2.603474e-01	2.930771e-01	2.173541e-01	2.197706e-01	5.704366e-02	6.128134e-02	1.867733e-01	0	0	2.555045e-02	8.732107e-02	2.519152e-01
Liver_49371	8.219686e-01	1.495945e-01	1.087145e-01	1.206856e-02	2.276625e-01	3.546639e-01	2.249690e-01	1.633539e-01	1.363287e-01	4.716857e-03	0	2.563253e-03	0	1.512309e-03	1.592080e-01	2.912544e-01
Liver_49372	6.855707e-01	1.692975e-01	1.105479e-01	0	2.301814e-01	3.903404e-01	3.129655e-01	1.613812e-01	1.580125e-01	2.458996e-02	0	0	0	0	1.018230e-01	3.033905e-01
Liver_49373	7.970004e-01	1.695762e-01	1.076774e-01	4.802178e-03	2.453524e-01	4.003065e-01	2.288311e-01	1.451340e-01	1.223786e-01	0	0	0	0	0	1.111339e-01	2.899377e-01
Spleen_48595	1.870141e-01	4.000276e-01	9.173314e-02	1.609080e-03	3.805730e-01	4.834726e-01	4.286210e-01	7.716972e-02	3.805612e-02	0	5.552057e-04	0	0	0	2.148435e-01	2.588623e-01
Lung_48593	1.335305e-01	1.825448e-01	1.153256e-01	0	2.832290e-01	3.014311e-01	2.143149e-01	1.951233e-01	6.207769e-01	0	2.593370e-02	1.425891e-02	0	6.143630e-02	2.049090e-01	1.846525e-01
Liver_48590	8.066995e-01	2.118329e-01	8.524383e-02	0	3.536578e-01	3.436634e-01	2.545838e-01	9.042511e-02	4.337067e-02	0	0	5.549481e-03	7.535187e-03	1.163783e-02	7.257630e-02	1.765805e-01
Fat_48589	1.409188e-01	1.749189e-01	1.794277e-01	0	2.854404e-01	3.322637e-01	3.832933e-01	1.340542e-01	1.198341e-01	5.127088e-02	3.215173e-01	0	0	1.435265e-02	9.003158e-02	1.902017e-01
Diaphragm_49365	1.025602e-01	3.857240e-02	7.035362e-01	3.903695e-02	2.010324e-01	4.020491e-01	2.210204e-01	2.083286e-01	1.675253e-02	2.864295e-02	1.536971e-01	0	0	0	1.222983e-01	3.570795e-01
Diaphragm_49366	6.735601e-02	8.293760e-02	4.996405e-01	0	1.956803e-01	3.880704e-01	2.181389e-01	2.147801e-01	0	1.370735e-01	1.211912e-01	1.265802e-01	1.543282e-02	9.174452e-02	7.114871e-02	2.282717e-01
Diaphragm_49367	1.018366e-01	4.008680e-02	6.834961e-01	7.576824e-03	1.840002e-01	4.061121e-01	2.107364e-01	2.028682e-01	5.889899e-02	2.794277e-02	1.787526e-01	0	0	0	1.142707e-01	2.334991e-01
Diaphragm_49368	1.051300e-01	5.647348e-02	6.813273e-01	1.321567e-02	2.061454e-01	4.097539e-01	1.889027e-01	2.001261e-01	5.855348e-02	1.725660e-02	1.741505e-01	0	0	0	1.112520e-01	2.297754e-01
Pancreas_48614	1.412200e-01	9.546429e-02	1.728582e-01	0	2.773165e-01	3.269337e-01	3.608833e-01	1.229320e-01	1.034127e-01	4.078535e-02	3.695706e-01	0	9.518543e-03	7.681184e-03	1.164626e-01	1.882975e-01
Pancreas_49369	1.069253e-01	8.335258e-02	8.533653e-02	1.762174e-01	1.987411e-01	3.479565e-01	3.798942e-01	7.680976e-02	2.382576e-02	1.097047e-01	7.389045e-02	3.076716e-02	2.055270e-01	4.764256e-02	2.386774e-01	2.559580e-01
Liver_49378	7.467271e-01	1.643932e-01	1.070803e-01	1.889724e-02	2.254260e-01	3.429962e-01	3.423069e-01	1.484927e-01	1.066535e-01	1.552823e-02	0	0	0	3.281395e-02	2.603054e-01	3.408594e-01
Lung_48601	1.229592e-01	2.344905e-01	2.747383e-02	0	3.137062e-01	3.631692e-01	3.733493e-01	1.706949e-01	4.116109e-01	5.491972e-02	0	0	0	3.988570e-02	2.273496e-01	2.288064e-01
LN_49374	7.736256e-02	4.556200e-01	8.461250e-02	3.015113e-02	2.374001e-01	3.710177e-01	2.835202e-01	2.733688e-01	5.947477e-02	1.623798e-02	1.058134e-02	8.725198e-03	0	1.291502e-01	2.205511e-01	3.072749e-01
Liver_48604	8.216395e-01	1.742707e-01	5.948926e-02	6.555694e-03	3.194719e-01	3.880205e-01	2.263574e-01	1.460983e-01	1.664947e-02	0	0	1.722278e-02	3.883687e-03	2.459759e-02	1.710298e-01	2.283623e-01
Spleen_48600	1.707725e-01	4.262517e-01	8.421252e-02	3.636224e-03	3.132738e-01	3.681017e-01	3.626389e-01	2.235851e-01	1.177017e-01	0	0	0	2.089695e-03	0	2.257441e-01	1.989458e-01
Pancreas_48599	1.585117e-01	9.591165e-02	5.653369e-02	3.745829e-01	2.753641e-01	2.833704e-01	3.355767e-01	6.451055e-02	5.598634e-02	9.084569e-02	7.300992e-03	1.719619e-02	1.430420e-01	2.202098e-02	2.185371e-01	1.962085e-01
Pancreas_49377	1.458968e-01	6.238996e-02	6.753021e-02	4.007267e-01	2.210208e-01	3.292339e-01	2.777823e-01	1.259785e-01	9.696527e-02	7.995353e-02	3.124167e-02	2.540262e-03	1.136879e-01	1.388121e-02	1.656812e-01	3.254285e-01
LN_48603	1.028454e-01	5.177246e-01	6.469149e-02	2.119820e-02	3.086323e-01	3.589647e-01	3.773235e-01	1.951970e-01	0	0	0	6.886087e-04	0	9.225605e-02	2.648387e-01	2.109555e-01
Liver_48596	6.918287e-01	1.883890e-01	8.116259e-02	0	2.921562e-01	4.117006e-01	2.312640e-01	1.681926e-01	7.821642e-02	4.671426e-02	1.363345e-02	4.655511e-03	2.978425e-03	6.826879e-02	9.263105e-02	2.356907e-01
Liver_48645	7.758163e-01	2.006696e-01	6.594866e-02	9.784050e-03	2.651631e-01	4.797331e-01	8.142017e-02	1.395402e-01	1.119153e-01	2.583182e-02	4.530000e-02	4.381173e-02	0	2.889817e-03	9.183728e-02	2.878649e-01
Liver_48646	8.394201e-01	1.882745e-01	5.174759e-02	1.515342e-02	2.742607e-01	4.709396e-01	6.255110e-02	1.574240e-01	8.744159e-02	6.856342e-03	0	3.396983e-02	0	5.617527e-03	8.853495e-02	3.026614e-01
Pancreas_48647	4.446792e-02	2.855876e-01	4.515825e-02	9.225610e-02	2.283359e-01	3.910197e-01	1.960990e-01	1.043853e-01	9.593218e-02	9.177857e-02	2.648533e-01	0	2.292459e-01	9.285316e-03	1.686802e-01	2.819718e-01
Fat_49379	7.548309e-02	3.083601e-01	1.468521e-01	0	1.967362e-01	3.652453e-01	2.617080e-01	1.954206e-01	1.681508e-01	3.898402e-02	3.386451e-01	0	0	5.209954e-03	1.395392e-01	3.216291e-01
Pancreas_48641	9.921511e-02	3.315797e-01	1.188525e-01	0	2.409232e-01	4.277039e-01	1.970877e-01	1.646969e-01	1.465143e-01	6.006078e-02	3.130788e-01	0	3.269919e-02	3.951502e-03	6.679700e-02	2.204094e-01
Liver_48640	7.071521e-01	2.068234e-01	6.242494e-02	0	2.535791e-01	4.737520e-01	8.705410e-02	1.752782e-01	9.393033e-02	6.446655e-02	4.038905e-02	6.955119e-02	0	6.499666e-02	9.425651e-02	2.403996e-01
LN_49380	7.231409e-02	5.799784e-01	1.274648e-01	3.845206e-02	2.268939e-01	3.536868e-01	9.805654e-02	3.572709e-01	6.405714e-02	0	1.607019e-03	0	0	0	1.826113e-01	3.111082e-01
LN_48644	7.724925e-02	5.665602e-01	9.411434e-02	1.497620e-02	2.789534e-01	4.437866e-01	2.726275e-01	1.932171e-01	2.757720e-02	0	7.088750e-02	0	0	0	2.292480e-01	2.691058e-01
Spleen_48643	1.614492e-01	4.652668e-01	7.067828e-02	3.848766e-02	2.722951e-01	4.714492e-01	2.772518e-01	1.887462e-01	1.723066e-01	0	0	0	0	0	2.437801e-01	2.960339e-01
Diaphragm_49383	5.819057e-02	2.869024e-01	1.122955e-01	0	2.006211e-01	3.793192e-01	1.723276e-01	2.956001e-01	3.621928e-02	1.635369e-01	2.074086e-01	1.043683e-01	0	1.594749e-01	1.400263e-01	2.529665e-01
Lung_48642	1.129060e-01	1.486336e-01	6.266913e-02	2.503213e-02	2.299614e-01	4.428159e-01	8.532525e-02	2.420691e-01	6.970461e-01	3.650411e-02	0	2.852156e-02	0	8.223204e-02	1.744828e-01	2.645677e-01
Spleen_48657	3.795583e-01	2.287875e-01	5.780078e-02	0	2.560166e-01	3.651712e-01	1.042704e-01	2.493788e-01	1.439208e-01	2.456295e-01	0	0	0	1.229786e-01	4.769238e-02	2.311174e-01
Lung_48655	1.161116e-01	1.554300e-01	1.117515e-01	0	2.302318e-01	3.143324e-01	1.521605e-01	2.219848e-01	7.136551e-01	4.314389e-02	6.430128e-02	7.821391e-04	0	6.991257e-02	1.378081e-01	2.571643e-01
Liver_48651	7.002007e-01	2.088277e-01	6.638864e-02	3.693342e-03	2.441039e-01	3.660251e-01	3.895279e-01	9.317937e-02	1.028199e-01	3.946813e-02	0	1.464000e-02	0	0	2.521123e-01	1.993729e-01
Diaphragm_48649	1.009850e-01	1.464308e-01	5.906567e-01	2.688638e-02	2.150446e-01	4.211972e-01	2.952372e-01	1.706476e-01	3.539331e-02	7.336179e-02	1.251083e-01	0	0	3.192266e-03	1.383003e-01	2.736254e-01
Diaphragm_49384	9.652064e-02	1.742872e-01	6.153653e-01	2.819147e-02	1.950046e-01	3.577517e-01	2.396064e-01	2.040265e-01	3.660434e-02	6.574861e-02	1.154694e-01	0	0	6.891789e-03	1.717539e-01	2.374734e-01
Pancreas_48656	1.028949e-01	8.041221e-02	5.109674e-02	3.381641e-01	2.336649e-01	3.215489e-01	2.647696e-01	8.901978e-02	1.460855e-01	6.323249e-02	1.571169e-01	5.355523e-03	1.458628e-01	1.137334e-02	1.074103e-01	2.917532e-01
Lung_53835	1.082053e-01	1.228213e-01	1.083455e-01	0	1.559099e-01	3.574110e-01	1.374468e-01	2.977147e-01	4.878538e-01	9.562160e-02	7.501709e-02	7.323860e-02	0	7.194817e-02	1.557968e-01	3.094628e-01
Pancreas_53837	7.122323e-02	9.280212e-02	1.263583e-01	0	1.681391e-01	3.882966e-01	3.476093e-01	1.870020e-01	1.751143e-01	6.396348e-02	3.819779e-01	0	0	2.200529e-02	1.814763e-01	2.900300e-01
Fat_48650	1.231604e-01	3.064132e-01	1.601948e-01	0	2.390218e-01	3.480876e-01	2.819330e-01	1.773475e-01	1.837008e-01	8.685474e-02	2.438902e-01	0	0	0	1.303375e-01	1.530504e-01
Lung_48654	9.774812e-02	1.180735e-01	8.566153e-02	1.271325e-02	2.288816e-01	2.916961e-01	1.959908e-01	1.927530e-01	8.073606e-01	0	2.698357e-02	0	0	8.738945e-02	2.626986e-01	2.495084e-01
LN_48663	6.175141e-02	5.475969e-01	9.437239e-02	2.664579e-03	2.616129e-01	3.503718e-01	2.614529e-01	2.276280e-01	5.860155e-02	3.392085e-03	1.333695e-01	0	0	0	2.256736e-01	2.475848e-01
Pancreas_48665	7.715761e-02	2.438294e-01	4.484839e-02	1.112262e-02	2.492034e-01	3.120615e-01	3.161440e-01	1.056313e-01	9.084644e-02	1.230386e-01	2.460158e-01	8.930182e-03	2.131957e-01	1.373772e-02	1.941453e-01	2.361688e-01
Spleen_48662	1.434330e-01	4.744324e-01	8.936122e-02	4.484191e-03	2.645730e-01	3.582080e-01	2.001330e-01	2.665739e-01	2.162753e-01	1.601163e-02	0	0	0	0	1.625086e-01	2.329546e-01
Lung_48660	9.169852e-02	1.785657e-01	9.751957e-02	0	2.519163e-01	3.555789e-01	2.014507e-01	1.576257e-01	5.909107e-01	4.916574e-02	1.438834e-01	1.024350e-02	0	3.050583e-02	1.485448e-01	2.593460e-01
Liver_48678	3.795583e-01	2.287875e-01	5.780078e-02	0	2.560166e-01	3.651712e-01	1.042704e-01	2.493788e-01	1.439208e-01	2.456295e-01	0	0	0	1.229786e-01	4.769238e-02	2.311174e-01
Peritoneal_48664	1.272123e-01	2.817220e-01	1.178414e-01	0	2.579511e-01	3.511291e-01	1.532361e-01	2.537470e-01	1.851285e-01	1.391513e-01	1.801762e-01	2.459488e-02	0	6.538071e-02	4.736408e-02	2.319085e-01
Spleen_49072	1.556324e-01	4.162131e-01	7.867424e-02	0	2.583651e-01	2.429522e-01	3.249950e-01	2.071200e-01	2.426757e-01	6.767472e-03	8.936907e-02	0	0	0	2.643435e-01	2.486829e-01
Liver_49064	8.527484e-01	8.723262e-02	6.836269e-02	0	2.657631e-01	3.618235e-01	7.987441e-02	2.176208e-01	6.682243e-02	1.868980e-02	2.425262e-02	6.334451e-02	0	2.907101e-02	6.064231e-02	2.438075e-01
Lung_49069	1.262275e-01	8.921701e-02	8.960922e-02	0	2.166650e-01	3.477736e-01	8.569505e-02	2.933946e-01	6.354128e-01	3.491137e-02	2.929222e-02	1.109946e-01	0	9.241814e-02	1.046257e-01	2.396898e-01
Plastic_53265	6.018530e-02	0	0	0	2.239009e-01	2.737939e-01	9.582601e-02	6.171937e-01	0	1.079150e-01	6.489463e-02	0	0	0	7.627037e-02	2.176899e-01
Plastic_53266	5.768036e-02	0	0	0	2.231027e-01	2.553245e-01	8.905553e-02	6.272221e-01	3.908507e-03	1.046931e-01	6.301709e-02	0	0	0	7.217617e-02	2.046267e-01
Pancreas_48557	2.415714e-02	2.746399e-01	2.449258e-02	2.046231e-01	1.954929e-01	4.621558e-01	1.741872e-01	2.082018e-01	3.127557e-02	2.134732e-01	5.010077e-02	1.535910e-02	7.496145e-03	4.950243e-02	1.051880e-01	3.696989e-01
Pancreas_48563	8.198665e-02	1.662913e-01	5.543087e-02	6.254807e-03	2.146033e-01	4.545768e-01	1.309176e-01	1.849510e-01	9.088048e-02	3.902230e-02	4.154230e-01	2.108358e-01	3.898257e-02	0	1.332951e-01	3.865230e-01
Pancreas_49387	8.417451e-02	8.537407e-02	6.028760e-02	2.907173e-01	1.764709e-01	3.355378e-01	5.822049e-02	2.467340e-01	5.388716e-02	1.916292e-01	5.648253e-02	3.377684e-02	6.474851e-02	3.185014e-02	1.619669e-02	3.151197e-01
Pancreas_47697	3.426430e-02	6.150376e-02	2.516824e-02	2.740818e-01	2.350224e-01	3.076242e-01	1.882500e-01	1.727643e-01	4.704980e-02	9.163098e-02	1.338638e-01	1.112373e-01	1.196289e-01	3.501988e-02	4.414564e-02	2.952610e-01
Pancreas_47967	1.744971e-02	1.323234e-01	2.077134e-02	1.373561e-01	2.399908e-01	3.543284e-01	4.155054e-01	1.230211e-01	1.583297e-02	7.825572e-02	2.963924e-01	0	1.145326e-01	0	8.236391e-02	4.008538e-01
Pancreas_47968	7.606579e-02	5.832948e-02	3.767539e-03	2.130288e-01	1.892432e-01	3.154014e-01	1.953617e-01	1.511696e-01	6.449593e-02	8.953535e-02	1.068999e-01	5.151961e-02	2.037574e-01	0	5.799696e-02	3.625150e-01
Pancreas_48112	9.243299e-02	1.025562e-01	5.388458e-02	3.299102e-01	2.338625e-01	3.173678e-01	1.235830e-01	1.895230e-01	3.765753e-02	1.837428e-01	1.562990e-02	0	1.651872e-01	8.013650e-04	4.504906e-02	2.397429e-01
Pancreas_47589	7.270806e-02	1.419943e-01	4.579026e-02	1.741710e-01	1.456275e-01	3.154751e-01	1.538400e-01	2.247975e-01	7.447619e-02	2.151414e-01	1.418693e-01	2.390358e-02	1.134049e-01	2.867452e-02	1.098206e-01	2.964934e-01
Pancreas_47970	5.851171e-02	9.705061e-02	6.262428e-03	3.892597e-01	2.264767e-01	3.392906e-01	2.444491e-01	1.435525e-01	8.268932e-02	7.698310e-02	1.254702e-01	0	1.158764e-01	0	7.378324e-02	3.928540e-01
Pancreas_46454	5.212978e-02	1.800263e-01	1.436179e-02	1.790381e-01	2.075647e-01	4.176969e-01	1.674451e-01	1.607897e-01	1.414512e-03	2.135320e-01	1.260741e-01	1.194868e-02	6.331788e-02	7.577368e-02	2.386380e-02	3.287146e-01
Pancreas_46453	7.614265e-02	1.536724e-01	4.281554e-02	2.780061e-01	1.913549e-01	2.865281e-01	1.485209e-01	2.033713e-01	4.547834e-02	2.224799e-01	5.944806e-02	0	1.029932e-01	2.037275e-02	1.050781e-01	2.837485e-01
Pancreas_47693	5.804541e-02	1.353003e-01	6.849160e-02	0	2.207098e-01	3.807703e-01	3.746064e-01	2.013455e-01	3.405375e-02	2.642131e-01	2.636279e-01	0	0	8.665177e-02	6.326296e-02	3.258445e-01
Pancreas_47694	1.107434e-01	6.460236e-02	2.675568e-02	3.393813e-01	2.281744e-01	2.764547e-01	2.158451e-01	1.510940e-01	6.239272e-02	1.344336e-01	0	0	1.386921e-01	3.746665e-04	7.182376e-02	2.602631e-01
Pancreas_46336	6.960662e-02	1.974621e-01	2.480258e-02	4.386603e-01	2.576302e-01	4.971098e-01	2.042562e-01	1.040658e-01	5.283977e-02	1.537610e-02	1.394091e-01	1.316292e-02	4.437603e-02	1.004170e-02	9.632867e-02	4.323192e-01
Pancreas_46338	7.688184e-02	8.658066e-02	5.817855e-02	3.329692e-01	1.800381e-01	3.957271e-01	2.579732e-01	1.310759e-01	1.301538e-01	1.983897e-01	1.114853e-01	0	5.856024e-02	3.482440e-03	1.103939e-01	3.699667e-01
Pancreas_46576	9.729809e-02	4.578054e-02	3.180059e-02	3.468197e-01	1.898737e-01	2.905124e-01	1.671379e-01	2.444159e-01	6.732844e-02	1.711557e-01	1.165982e-02	0	6.016287e-02	1.884256e-04	6.580746e-02	3.202938e-01
Pancreas_46579	9.712826e-02	3.410210e-02	1.035008e-02	5.441961e-01	2.495326e-01	4.639336e-01	1.295298e-01	1.696200e-01	9.144944e-02	1.300886e-02	8.555651e-02	1.011566e-02	6.515739e-02	2.389343e-03	1.596784e-01	4.114967e-01
Pancreas_46451	3.853266e-02	1.089033e-01	4.632308e-02	1.267450e-01	2.050491e-01	2.989366e-01	1.410169e-01	2.789243e-01	1.890216e-02	2.447512e-01	1.607206e-01	1.886541e-02	6.239498e-02	1.239346e-01	6.997467e-02	2.709512e-01
Pancreas_46459	7.270806e-02	1.419943e-01	4.579026e-02	1.741710e-01	1.456275e-01	3.154751e-01	1.538400e-01	2.247975e-01	7.447619e-02	2.151414e-01	1.418693e-01	2.390358e-02	1.134049e-01	2.867452e-02	1.098206e-01	2.964934e-01
Pancreas_47982	9.233929e-02	7.654321e-02	1.968217e-02	3.954626e-01	2.171944e-01	3.192984e-01	9.962706e-02	2.209167e-01	7.388003e-02	1.436072e-01	8.688978e-02	1.277927e-02	1.441549e-01	0	5.423281e-02	3.275128e-01
Pancreas_49391	9.160036e-02	0	2.076129e-02	4.966164e-01	2.215708e-01	2.787094e-01	3.563395e-01	1.385230e-01	8.899162e-02	0	7.429954e-02	4.629541e-03	1.300349e-01	0	1.304870e-01	3.341458e-01
Pancreas_47588	7.897331e-02	2.549339e-02	1.705430e-02	4.119997e-01	1.782968e-01	3.437786e-01	1.884119e-01	1.934078e-01	1.379275e-01	3.717526e-02	1.016598e-01	5.576836e-02	6.863195e-02	0	1.186745e-01	3.756377e-01
Pancreas_54275	1.151215e-01	4.481120e-02	1.917129e-02	4.882198e-01	2.455160e-01	3.038610e-01	2.277710e-01	2.610923e-01	8.343746e-02	5.230769e-03	7.961527e-02	3.518784e-02	6.807674e-02	0	1.787195e-01	2.953894e-01
Pancreas_53861	1.279607e-01	7.852669e-03	7.381002e-02	4.521705e-01	1.765550e-01	1.890851e-01	1.780044e-01	2.478812e-01	1.358428e-01	8.645345e-02	3.086725e-02	2.557171e-02	1.256277e-01	5.802122e-03	1.931627e-01	2.643096e-01
Pancreas_56330	7.442337e-02	4.321734e-02	6.848815e-03	3.240813e-01	1.856113e-01	2.100721e-01	2.575732e-01	2.194982e-01	9.029697e-02	2.691693e-02	7.484165e-02	9.477640e-02	1.256106e-01	0	1.090536e-01	2.372974e-01
Pancreas_56526	1.101537e-01	1.140354e-01	1.548875e-02	3.429705e-01	1.679949e-01	3.706449e-01	5.036864e-02	2.868139e-01	6.695793e-02	2.115698e-01	0	2.377289e-02	6.264609e-02	1.648640e-02	9.908841e-02	2.421601e-01
Pancreas_56366	8.265385e-02	1.524001e-01	3.582561e-02	3.739958e-01	1.932542e-01	2.239712e-01	8.222148e-02	2.535965e-01	1.037239e-01	1.459683e-01	2.860087e-02	1.162735e-02	1.329450e-01	0	1.381840e-01	2.234401e-01
Pancreas_56368	8.946936e-02	2.197852e-02	1.464799e-02	5.447793e-01	2.638429e-01	2.965697e-01	2.051585e-01	2.353604e-01	7.328758e-02	0	9.933953e-02	1.414041e-02	7.123521e-02	0	2.275428e-01	3.444648e-01
Pancreas_56370	1.014373e-01	6.893750e-02	2.994923e-02	5.229182e-01	2.346278e-01	2.638866e-01	1.195491e-01	2.773203e-01	8.570586e-02	7.485392e-02	6.777040e-02	1.880490e-02	4.700789e-02	0	1.626893e-01	3.002227e-01
Pancreas_56371	1.092007e-01	1.052576e-01	2.389011e-02	4.648139e-01	2.311710e-01	2.721755e-01	8.791982e-02	2.731959e-01	6.509061e-02	1.092395e-01	6.952284e-02	6.701344e-02	8.147598e-02	0	1.607348e-01	2.819327e-01
Pancreas_56372	9.974922e-02	2.903844e-02	1.642420e-02	5.562970e-01	2.412648e-01	2.719903e-01	1.671506e-01	2.377470e-01	7.644117e-02	0	7.739347e-02	1.783901e-02	1.019944e-01	0	2.182699e-01	3.117749e-01
Liver_56379	8.114287e-01	7.793841e-02	7.264061e-02	2.026785e-02	1.904674e-01	2.659722e-01	1.172571e-01	3.322275e-01	8.399932e-02	1.040889e-02	4.956454e-03	2.262451e-02	0	3.173204e-02	1.743590e-01	2.147043e-01
Plastic_54242	5.445748e-02	4.184715e-02	3.507018e-02	0	2.224609e-01	2.675898e-01	1.050460e-01	5.203826e-01	1.393114e-02	0	0	0	0	3.437166e-01	1.683694e-01	2.292219e-01
Plastic_54247	4.940450e-02	5.189627e-02	3.844971e-02	0	1.799437e-01	2.976464e-01	2.592532e-02	6.005311e-01	3.790166e-02	8.841078e-03	0	0	0	2.740620e-01	8.868929e-02	2.663915e-01
Plastic_53292	6.889282e-02	0	6.487614e-02	0	1.686561e-01	3.774972e-01	2.382960e-01	5.624514e-01	0	2.660103e-02	0	0	9.995980e-03	5.074960e-02	1.964451e-01	3.264092e-01
Plastic_54248	6.752362e-02	3.775323e-02	4.662889e-02	3.159082e-02	1.810492e-01	2.979701e-01	7.316728e-02	5.978144e-01	0	0	0	0	0	2.304759e-01	1.508736e-01	2.756820e-01
Pancreas_49389	1.046896e-01	6.926581e-02	4.639906e-02	4.437464e-01	2.138264e-01	3.523822e-01	1.304817e-01	2.697006e-01	5.473811e-02	1.370328e-01	7.962850e-03	2.339922e-02	9.258513e-02	6.739719e-02	1.546442e-01	3.171627e-01
Pancreas_53862	5.762289e-02	4.811897e-01	9.125031e-02	1.432710e-01	1.965636e-01	2.826456e-01	2.400400e-01	3.063592e-01	1.484863e-02	8.713062e-03	1.269150e-02	0	0	4.366948e-03	2.942083e-01	3.176507e-01
Pancreas_49360	8.233782e-02	1.624178e-01	1.125730e-01	1.227661e-02	2.153935e-01	3.769565e-01	3.056328e-01	2.640439e-01	1.608731e-02	2.612515e-01	8.558512e-02	2.353049e-02	0	2.219143e-01	1.120223e-01	3.319334e-01
Pancreas_54249	7.320674e-02	1.912763e-01	1.141902e-01	0	1.694953e-01	2.629640e-01	2.397426e-01	3.369229e-01	1.111031e-01	2.012576e-01	9.208909e-02	1.204989e-01	0	1.587911e-01	2.473101e-01	2.061390e-01
Pancreas_48661	6.997742e-02	1.125311e-01	2.773452e-02	1.903490e-01	2.222461e-01	3.127790e-01	2.301757e-01	2.097990e-01	1.666865e-02	2.294416e-01	0	1.303972e-01	9.902691e-02	8.276684e-02	1.684604e-01	2.250894e-01
Pancreas_49071	1.267523e-01	3.170788e-02	2.830140e-02	5.233330e-01	2.740520e-01	2.765077e-01	2.914692e-01	1.133825e-01	8.377528e-02	0	7.172011e-02	1.521266e-02	1.462072e-01	0	2.133707e-01	3.282530e-01
Pancreas_53838	9.900428e-02	0	4.667088e-02	4.250827e-01	1.787724e-01	3.245723e-01	2.867379e-01	1.657326e-01	1.186848e-01	2.025763e-02	1.342871e-01	2.297321e-02	1.949025e-01	0	2.737702e-01	2.710593e-01
Pancreas_49073	8.673389e-02	1.848871e-01	5.922533e-02	0	2.332465e-01	3.032887e-01	4.698405e-01	2.073806e-01	5.656334e-02	7.935822e-02	2.264202e-01	1.050496e-01	0	1.063566e-01	1.103746e-01	3.101748e-01
Pancreas_48556	1.228888e-01	5.834572e-03	9.627392e-03	1.000763e-01	2.075903e-01	5.016537e-01	2.856934e-01	2.237965e-01	2.512283e-02	1.160848e-01	0	0	9.060010e-02	2.052627e-01	7.785577e-02	3.606418e-01
Pancreas_48558	4.422348e-02	1.340867e-01	1.761693e-02	7.521956e-02	2.267994e-01	4.475329e-01	2.324434e-01	2.100108e-01	0	2.914691e-01	2.685053e-02	6.704057e-02	5.631816e-02	1.387905e-01	1.268427e-01	3.502520e-01
Pancreas_52042	4.396464e-02	1.650907e-01	8.097722e-02	1.180523e-02	2.395061e-01	4.638212e-01	1.656798e-01	1.330367e-01	6.817321e-02	1.572851e-01	3.059332e-01	5.487659e-02	2.940560e-02	2.758521e-02	5.555598e-02	2.923305e-01
Pancreas_52043	4.274749e-02	1.171164e-01	2.105462e-02	5.695680e-02	2.379569e-01	4.486287e-01	2.113256e-01	2.225629e-01	0	2.295972e-01	0	1.721539e-01	7.080165e-02	1.056732e-01	8.214272e-02	2.616576e-01
Pancreas_48562	5.490223e-02	1.994381e-01	1.625109e-02	1.788490e-02	2.053023e-01	4.722662e-01	1.033549e-01	2.610189e-01	5.595116e-02	9.082546e-02	1.499746e-01	2.548410e-01	1.692792e-02	5.350231e-02	4.891474e-02	3.687688e-01
Pancreas_48564	4.057705e-02	1.669589e-01	0	2.702430e-02	2.511145e-01	4.691443e-01	1.679433e-01	1.740088e-01	5.636975e-02	2.613752e-01	1.303608e-01	2.792890e-02	1.610342e-01	1.239821e-01	1.086967e-01	3.308152e-01
Pancreas_48567	8.795415e-02	1.517194e-01	2.452069e-02	8.753378e-02	2.331236e-01	4.681195e-01	1.242448e-01	2.006495e-01	6.057576e-04	2.190255e-01	9.311238e-04	1.140464e-01	6.002590e-02	1.133081e-01	1.838947e-02	2.481761e-01
Pancreas_48568	5.572674e-02	1.673541e-01	1.478592e-02	1.450574e-01	2.079883e-01	4.540581e-01	1.260609e-01	1.672327e-01	3.432242e-03	2.328379e-01	1.255885e-01	1.407382e-02	9.172613e-02	5.415486e-02	4.236750e-02	3.156990e-01
Pancreas_49388	7.956444e-02	1.276535e-01	2.956136e-02	4.240060e-01	2.107807e-01	3.757980e-01	9.471721e-02	1.587638e-01	8.630424e-02	1.188983e-01	5.493441e-02	0	1.478781e-01	8.371006e-04	7.253424e-02	3.334705e-01
Pancreas_46648	8.363447e-02	7.063418e-02	4.428001e-02	7.973326e-02	1.580178e-01	4.272750e-01	1.238854e-02	3.067273e-01	3.592939e-02	1.507212e-01	1.356193e-01	1.841604e-01	1.060691e-01	2.035469e-02	7.022894e-02	3.383241e-01
Pancreas_46649	1.723603e-02	2.150263e-01	2.436179e-02	5.380881e-02	1.721936e-01	4.143315e-01	7.535891e-02	2.390780e-01	1.165399e-02	2.107072e-01	1.840440e-01	8.811693e-02	1.300260e-01	6.193650e-02	1.284184e-01	3.164289e-01
Pancreas_46650	3.318395e-02	9.612407e-02	1.512308e-02	1.528740e-01	1.480638e-01	4.336617e-01	1.167493e-01	2.118998e-01	6.149215e-02	1.097704e-01	1.854151e-01	1.094156e-01	1.002366e-01	9.377326e-03	8.284194e-02	3.258604e-01
Pancreas_46651	6.538851e-02	2.787621e-02	1.538499e-02	2.077700e-01	1.528714e-01	4.297508e-01	9.282741e-02	1.789204e-01	3.248696e-02	1.479585e-01	9.771123e-02	5.509494e-02	1.799845e-01	3.696986e-02	8.477084e-02	3.149153e-01
Pancreas_47702	1.745046e-02	3.013592e-01	2.480971e-02	5.907927e-02	2.206729e-01	3.699490e-01	1.518710e-01	2.868924e-01	0	1.983156e-01	2.764968e-02	1.068442e-01	5.553547e-02	6.795263e-02	1.243880e-01	2.818782e-01
Pancreas_46652	1.609772e-02	4.867961e-02	1.939536e-02	1.284624e-01	1.640835e-01	4.909640e-01	7.651324e-02	2.947902e-01	0	1.295328e-01	5.955844e-02	1.592917e-01	1.093654e-01	1.089991e-01	1.119662e-01	3.585623e-01
Pancreas_46987	9.163145e-02	8.827235e-02	1.766639e-02	1.855260e-01	1.784720e-01	4.119931e-01	1.984983e-01	1.542246e-01	4.614391e-02	7.692082e-02	5.759113e-02	3.850748e-02	9.212645e-02	2.161695e-02	0	2.947544e-01
Pancreas_46653	1.013006e-01	0	2.500257e-02	1.029387e-01	1.831126e-01	5.257725e-01	2.420807e-01	1.857899e-01	1.219927e-02	1.650071e-01	2.519028e-02	1.130158e-02	7.414440e-02	1.581481e-01	1.166198e-01	3.654795e-01
Pancreas_46832	0	6.654174e-02	5.066231e-02	1.340896e-01	1.638279e-01	3.555893e-01	1.799404e-01	2.602829e-01	0	2.410704e-01	1.218604e-01	3.002195e-02	6.061116e-02	1.669534e-01	1.216938e-01	3.072709e-01
Pancreas_46831	6.624051e-02	7.585991e-02	6.290430e-02	7.220049e-03	1.884530e-01	4.721598e-01	1.121120e-01	3.745261e-01	5.194818e-02	1.339147e-01	6.380661e-03	3.203725e-02	0	2.280483e-01	2.491700e-02	3.839629e-01
Pancreas_46985	2.044897e-02	3.376535e-01	5.054890e-02	0	1.903625e-01	3.954434e-01	2.105010e-01	3.044299e-01	0	1.265550e-01	2.570921e-02	1.167465e-01	0	1.291688e-01	1.196964e-01	2.733418e-01
Pancreas_46828	1.671383e-02	1.440905e-01	3.056616e-02	6.334258e-02	1.707077e-01	3.786205e-01	7.035383e-02	3.210003e-01	0	2.506281e-01	7.315258e-02	9.938662e-02	5.031982e-02	1.008243e-01	4.870901e-02	3.172171e-01
Pancreas_47692	3.069451e-02	1.928500e-01	3.939032e-02	0	2.450480e-01	3.950122e-01	2.153281e-01	3.295288e-01	2.560365e-02	2.226002e-01	9.540364e-02	0	0	2.092712e-01	8.506927e-02	2.918433e-01
Pancreas_46986	0	2.438178e-01	4.576189e-02	0	1.610713e-01	3.878165e-01	1.483775e-01	2.626390e-01	2.674834e-02	1.677598e-01	1.039931e-01	1.008593e-01	1.157061e-01	5.111384e-02	1.038893e-01	2.604148e-01
Pancreas_47590	5.870079e-02	7.250247e-02	5.610470e-02	2.385668e-01	1.453278e-01	3.258658e-01	2.429001e-01	2.711985e-01	4.204142e-02	2.040230e-01	9.066448e-03	9.837252e-02	6.850625e-02	4.793678e-02	1.590042e-01	3.260195e-01
Pancreas_47969	7.226958e-02	1.745199e-01	3.321193e-02	3.289675e-01	2.069568e-01	2.790774e-01	1.425584e-01	2.033942e-01	3.967144e-02	2.205424e-01	3.774231e-02	0	7.872603e-02	7.675921e-03	1.057857e-01	3.440924e-01
Pancreas_47989	2.293399e-02	1.569051e-01	1.139133e-02	7.409949e-02	2.461063e-01	4.316457e-01	1.979274e-01	2.189316e-01	0	2.230405e-01	0	1.331546e-01	1.321737e-01	1.059928e-01	6.196889e-02	3.131637e-01
Pancreas_46581	5.183366e-02	1.497745e-01	2.687502e-02	3.195826e-01	1.963976e-01	3.861365e-01	1.205969e-01	2.095734e-01	6.345327e-02	1.125764e-01	1.738793e-01	0	5.578569e-02	1.247889e-04	2.627786e-02	2.994210e-01
Pancreas_46582	5.450693e-02	5.793415e-02	3.046831e-02	1.251832e-01	2.091738e-01	3.763384e-01	1.677865e-01	2.722428e-01	0	1.949811e-01	3.132029e-02	1.274963e-01	1.237183e-01	5.107166e-02	3.606629e-02	2.822084e-01
Pancreas_46830	9.809100e-04	2.480152e-01	4.829731e-02	0	1.740152e-01	3.703902e-01	9.972496e-02	3.385723e-01	2.517099e-02	2.089098e-01	2.148940e-01	7.982898e-02	0	9.023716e-02	1.033516e-01	3.129378e-01
Pancreas_46584	4.191840e-02	1.998729e-01	3.084589e-02	1.344694e-01	1.649055e-01	3.587848e-01	4.068282e-02	2.804993e-01	2.785850e-02	1.660262e-01	9.710908e-02	1.168409e-01	1.017220e-01	5.228664e-02	6.220915e-02	2.928723e-01
Pancreas_47703	7.218921e-02	1.858039e-01	4.630885e-02	4.332324e-02	2.358396e-01	3.774044e-01	1.380412e-01	3.640905e-01	6.871962e-02	2.834922e-01	0	0	0	1.340536e-01	4.729826e-02	3.037772e-01
Pancreas_47708	5.640820e-02	2.155983e-01	1.791676e-02	1.333663e-01	2.161246e-01	3.062190e-01	1.202750e-01	1.965312e-01	6.872109e-03	1.949641e-01	1.117194e-01	4.052709e-02	1.866045e-01	4.742197e-02	6.465060e-02	2.265805e-01
Pancreas_46450	3.116122e-02	8.433886e-02	5.555394e-02	9.397328e-03	2.061217e-01	3.119376e-01	1.689906e-01	3.647664e-01	0	2.179688e-01	8.764121e-02	1.456222e-01	0	1.263957e-01	1.312237e-01	2.651841e-01
Pancreas_47695	8.559803e-02	6.131266e-02	4.699838e-02	1.003529e-01	2.255137e-01	3.348052e-01	2.991834e-01	2.212932e-01	0	1.997312e-01	1.474715e-03	1.087608e-01	1.062567e-01	1.006072e-01	1.287736e-01	2.685428e-01
Pancreas_48550	1.016262e-01	3.841058e-02	1.493777e-02	1.714643e-01	2.567420e-01	1.885351e-01	5.088533e-01	1.122458e-01	0	1.333047e-01	0	3.079223e-02	2.107201e-01	5.347651e-02	4.338134e-02	1.518490e-01
Pancreas_46339	4.755730e-02	5.379188e-02	1.081055e-02	1.308655e-01	1.900656e-01	4.130611e-01	3.068458e-01	2.178457e-01	0	2.412874e-01	0	3.656328e-02	6.006933e-02	2.318842e-01	1.936192e-01	3.174867e-01
Pancreas_46578	0	8.617954e-02	1.213577e-02	6.836989e-02	1.989032e-01	3.724523e-01	1.783617e-01	2.532889e-01	0	1.959048e-01	9.744556e-02	1.739396e-01	8.996300e-02	9.744592e-02	1.279886e-01	3.025069e-01
Pancreas_46585	3.367322e-02	1.846623e-01	3.038057e-02	1.355855e-01	2.208330e-01	4.767727e-01	7.248763e-02	1.909332e-01	0	2.017430e-01	8.857539e-02	4.278469e-02	8.374300e-02	9.950749e-02	0	3.484892e-01
Pancreas_46337	0	8.075723e-02	4.404079e-02	2.820293e-02	1.789096e-01	5.071802e-01	1.522103e-02	2.938143e-01	0	2.874666e-01	1.454071e-01	5.758812e-02	0	1.819056e-01	5.441652e-02	3.435402e-01
Pancreas_46587	3.311607e-02	1.005394e-01	3.141904e-02	5.846900e-02	1.759509e-01	3.717354e-01	0	3.640337e-01	1.589180e-02	2.340413e-01	3.265597e-02	1.296393e-01	7.723573e-02	1.204130e-01	0	2.771145e-01
Pancreas_47700	5.546048e-02	1.814069e-01	1.048573e-02	8.369494e-02	2.068660e-01	3.574940e-01	2.657371e-01	1.538565e-01	1.771871e-02	2.021906e-01	1.872428e-01	0	1.341111e-01	8.599375e-03	1.694349e-02	3.135847e-01
Pancreas_46826	2.590689e-02	3.660401e-02	6.826830e-02	8.198680e-02	1.768087e-01	3.661716e-01	6.235818e-02	3.464324e-01	0	1.888275e-01	1.516471e-02	1.834221e-01	5.426375e-02	1.067689e-01	1.042225e-01	3.079003e-01
Pancreas_46592	2.357470e-02	1.527953e-01	2.424305e-02	1.068432e-01	2.134649e-01	4.388839e-01	1.301998e-02	2.872001e-01	0	2.247556e-01	1.613480e-03	1.299210e-01	1.199336e-01	1.607973e-01	4.425671e-02	3.172570e-01
Pancreas_46452	6.301415e-02	1.122829e-01	3.066825e-02	2.075549e-01	1.992426e-01	2.937567e-01	8.850168e-02	2.738573e-01	2.904151e-02	2.105810e-01	6.059655e-02	6.305792e-02	9.098970e-02	8.665716e-02	5.770893e-02	2.596621e-01
Pancreas_46460	4.214802e-02	6.559846e-02	5.426757e-02	1.674609e-01	2.044898e-01	3.677135e-01	1.296675e-01	3.469598e-01	0	2.691568e-01	4.410756e-02	5.770432e-02	2.958194e-02	1.795042e-01	8.476539e-02	3.010494e-01
Pancreas_47983	9.283824e-02	1.210079e-01	3.311039e-02	9.070308e-02	2.160404e-01	3.086770e-01	1.274711e-01	3.182199e-01	0	2.554107e-01	9.563902e-03	9.327020e-02	7.981885e-02	9.286155e-02	3.523117e-02	2.586085e-01
Pancreas_46642	8.508689e-02	1.316835e-02	4.582579e-03	1.256753e-01	1.558294e-01	4.408658e-01	1.008488e-01	2.472874e-01	5.427463e-02	1.177523e-01	4.116634e-02	6.895373e-02	1.612674e-01	2.347309e-02	9.210389e-03	2.962933e-01
Pancreas_47701	3.678634e-02	1.644714e-01	4.555436e-02	0	2.443528e-01	3.688933e-01	2.524618e-01	2.387589e-01	1.330313e-02	2.130992e-01	1.522567e-01	7.289517e-02	6.408372e-02	1.462877e-01	7.411809e-02	3.064081e-01
Pancreas_46643	5.025813e-02	8.829865e-02	3.236786e-02	4.945992e-02	1.805270e-01	4.379854e-01	1.155912e-01	3.422797e-01	2.455355e-02	1.700504e-01	0	1.301912e-01	1.799541e-02	1.993749e-01	1.278329e-01	2.621441e-01
Pancreas_47965	3.195734e-02	1.919126e-01	8.636447e-02	1.709753e-01	2.489753e-01	2.825275e-01	2.177347e-01	1.967770e-01	6.083947e-02	1.444028e-01	3.613414e-01	0	0	0	5.090034e-02	3.234538e-01
Pancreas_46644	2.821094e-02	1.587736e-01	2.583541e-02	1.031376e-01	1.653180e-01	4.048580e-01	1.199312e-01	2.766724e-01	0	1.910991e-01	1.021228e-02	6.687360e-02	7.328553e-02	1.056388e-01	9.832480e-02	2.586249e-01
Pancreas_46645	1.002315e-01	2.779040e-02	3.338267e-02	1.717902e-01	1.838430e-01	3.388992e-01	1.612660e-01	1.812780e-01	3.810017e-02	1.483551e-01	6.149988e-02	4.506101e-02	1.663560e-01	5.955864e-02	8.823251e-02	2.703959e-01
Pancreas_46646	4.338547e-02	1.305883e-01	1.892354e-02	8.107540e-03	2.059663e-01	5.192785e-01	2.218044e-01	2.447945e-01	9.785688e-03	1.562345e-01	8.069195e-03	1.423471e-01	1.108236e-01	5.113994e-02	1.574220e-02	3.733722e-01
Pancreas_49390	8.985501e-02	1.456285e-01	4.042150e-02	4.127394e-01	2.024347e-01	3.318029e-01	1.132495e-01	1.704971e-01	6.821024e-02	1.765828e-01	6.188497e-03	1.553951e-03	9.652939e-02	4.594212e-02	6.219830e-02	3.093413e-01
Pancreas_49392	4.479602e-02	1.157159e-01	4.156045e-02	8.720463e-03	1.839368e-01	2.470261e-01	3.007836e-01	2.984216e-01	3.256510e-02	2.921769e-01	4.275114e-02	5.477064e-03	0	1.641688e-01	9.206454e-02	2.255061e-01
Pancreas_64513	9.276293e-02	1.511608e-01	6.579451e-02	1.796402e-01	1.831114e-01	8.668398e-02	2.372417e-01	2.364302e-01	1.798957e-01	1.688654e-01	1.350366e-01	0	2.868418e-02	1.649176e-02	2.264721e-01	1.297674e-01
Pancreas_64482	7.008764e-02	1.388285e-01	5.409682e-02	3.151456e-01	1.587129e-01	1.063334e-01	1.251541e-01	2.651706e-01	1.696006e-02	2.518150e-01	0	6.684418e-02	1.615756e-01	6.967892e-02	1.683840e-01	1.324112e-01
Pancreas_64500	4.950550e-02	1.838480e-01	4.659756e-02	2.519584e-01	1.401598e-01	1.499894e-01	1.720761e-01	2.575427e-01	1.879176e-02	2.236070e-01	8.257441e-03	7.470201e-02	1.570395e-01	7.270886e-02	2.000598e-01	1.756324e-01
Pancreas_72613	3.417530e-02	1.752601e-01	4.469446e-02	1.816505e-02	1.908936e-01	1.645948e-01	1.742192e-01	2.889061e-01	2.492709e-02	2.802603e-01	1.393290e-01	1.105896e-01	1.098487e-01	1.245620e-01	1.104865e-01	1.950998e-01
Pancreas_64501	3.892291e-02	1.637536e-01	7.021006e-02	1.121281e-01	1.541940e-01	1.807344e-01	1.286349e-01	3.028583e-01	6.250958e-02	2.902729e-01	6.581955e-03	1.214981e-01	1.892592e-01	8.370070e-02	1.989866e-01	1.941737e-01
Pancreas_72614	1.049815e-01	4.067902e-02	3.059490e-02	5.733409e-01	2.607476e-01	2.265499e-01	2.151431e-01	2.033145e-01	8.363061e-02	0	7.975024e-02	1.852193e-02	6.779608e-02	1.091536e-02	2.068238e-01	3.038648e-01
Pancreas_72616	9.623812e-02	8.141059e-02	2.244763e-02	3.178482e-01	1.898340e-01	1.505468e-01	3.095691e-01	1.882821e-01	7.033125e-02	1.044266e-01	7.328953e-02	1.208499e-02	1.253642e-01	3.791074e-02	6.240678e-02	2.186135e-01
Pancreas_64502	6.349801e-02	1.565728e-01	4.856986e-02	3.297156e-01	1.809834e-01	1.420818e-01	1.106793e-01	2.903703e-01	3.127054e-02	2.202738e-01	0	6.341009e-02	1.178995e-01	8.211919e-02	1.450740e-01	1.699744e-01
Pancreas_64503	4.765265e-02	1.117984e-01	7.346925e-02	2.352914e-01	1.729327e-01	1.622712e-01	1.185141e-01	3.428832e-01	3.389362e-02	2.516022e-01	0	1.262635e-01	9.897675e-02	1.401384e-01	1.326243e-01	1.626430e-01
Pancreas_64504	4.113979e-02	1.761319e-01	2.927102e-02	3.777749e-01	1.832238e-01	9.321864e-02	2.127413e-01	1.926560e-01	3.165220e-02	1.333398e-01	7.504452e-02	4.501953e-02	2.009333e-01	1.500694e-02	2.200504e-01	1.510175e-01
Pancreas_64505	9.013874e-02	6.430786e-02	4.409520e-02	5.091322e-01	2.325437e-01	1.879476e-01	1.400809e-01	2.739719e-01	1.104566e-01	2.612224e-02	6.354505e-02	9.776802e-02	9.455255e-02	5.540210e-03	1.669037e-01	1.959184e-01
Pancreas_64507	6.256829e-02	9.154655e-02	4.632575e-02	3.922449e-01	1.820612e-01	1.661657e-01	1.801430e-01	2.553210e-01	6.887296e-02	2.311682e-01	0	3.550838e-02	7.290452e-02	8.117471e-02	2.255687e-01	1.901536e-01
Pancreas_64508	8.222863e-02	8.335376e-02	6.753930e-02	5.091867e-01	2.036014e-01	2.607586e-01	1.010250e-01	2.722909e-01	9.730286e-02	1.090763e-01	4.161430e-02	7.001988e-02	6.833865e-02	1.532826e-02	1.680587e-01	2.686721e-01
Pancreas_64509	6.397113e-02	1.168725e-01	5.512386e-02	3.206622e-01	1.744545e-01	1.913068e-01	1.771186e-01	2.855363e-01	2.486949e-02	2.745688e-01	0	2.654307e-02	5.559945e-02	1.439294e-01	1.822547e-01	1.981503e-01
Pancreas_64510	6.530421e-02	1.155351e-01	5.642354e-02	2.023218e-01	1.495151e-01	1.547560e-01	1.679368e-01	2.947454e-01	1.710654e-02	2.709611e-01	0	8.169881e-02	8.227383e-02	1.318573e-01	1.850320e-01	1.643801e-01
Pancreas_46647	5.139837e-02	1.569477e-01	6.017340e-02	1.156659e-02	1.901948e-01	4.402587e-01	6.570702e-02	3.288953e-01	5.752011e-02	1.754592e-01	1.535865e-01	3.544933e-02	0	1.677290e-01	8.935245e-02	3.349360e-01
Pancreas_48569	6.877687e-02	6.265829e-02	1.330397e-02	1.383780e-01	2.334297e-01	4.397260e-01	2.309317e-01	1.880422e-01	0	2.607190e-01	0	1.089995e-01	6.604664e-02	1.083607e-01	1.136418e-01	2.668663e-01
Pancreas_64498	6.001124e-02	1.085858e-01	6.737250e-02	1.607187e-01	1.400519e-01	2.010313e-01	3.381522e-01	2.890194e-01	3.550009e-02	3.218251e-01	0	0	2.662515e-02	1.774426e-01	2.465341e-01	2.328374e-01
Pancreas_64499	7.090828e-02	2.411202e-01	3.836906e-02	2.450927e-01	1.711207e-01	1.011753e-01	1.465967e-01	2.159457e-01	6.926595e-02	2.059190e-01	6.580307e-02	3.186031e-02	1.833745e-01	0	1.968688e-01	1.548730e-01
Pancreas_64490	4.226880e-02	4.431129e-01	9.575875e-02	3.496698e-02	1.759375e-01	1.891864e-01	1.722663e-01	3.307566e-01	5.713990e-02	1.501564e-01	1.146562e-01	3.955175e-02	0	8.187712e-02	2.325945e-01	1.886966e-01
Pancreas_64491	1.179471e-01	3.435887e-02	4.211467e-02	5.684162e-01	2.400611e-01	2.328591e-01	1.366288e-01	2.628961e-01	1.183659e-01	8.820614e-03	6.101131e-02	2.528787e-02	1.021669e-01	1.433922e-02	1.454206e-01	2.340591e-01
Pancreas_64492	6.312110e-02	1.743097e-01	4.058056e-02	3.762323e-01	1.908865e-01	1.688462e-01	1.602838e-01	2.431841e-01	1.217459e-02	2.184825e-01	0	6.582529e-02	8.360017e-02	7.982823e-02	1.874482e-01	1.785797e-01
Pancreas_64494	3.940377e-02	9.936004e-02	5.678962e-02	5.102383e-02	1.664715e-01	1.745736e-01	2.618960e-01	3.229351e-01	4.014634e-02	3.244557e-01	4.367585e-02	2.722480e-02	4.874997e-02	2.167746e-01	2.331787e-01	1.971685e-01
Pancreas_64495	1.811157e-02	2.436381e-01	5.595287e-02	8.604794e-02	1.650942e-01	1.330843e-01	2.292493e-01	2.251789e-01	8.254566e-02	2.018158e-01	2.110785e-01	8.957498e-02	1.820984e-01	6.279480e-02	2.118772e-01	1.862572e-01
Pancreas_56525	4.686513e-02	4.529544e-02	3.345466e-02	8.080147e-03	1.706652e-01	4.037139e-01	1.500716e-01	3.505130e-01	1.134124e-01	3.262204e-01	0	4.620049e-02	2.766539e-03	1.473679e-01	9.931351e-02	2.573845e-01
Pancreas_56527	1.026601e-01	1.407547e-01	1.929121e-02	2.318807e-01	1.690076e-01	3.944660e-01	4.109239e-03	3.760857e-01	0	1.836703e-01	0	1.617063e-01	2.571502e-02	5.331400e-02	5.236131e-02	2.433535e-01
Pancreas_56536	3.508549e-02	1.848081e-01	5.881064e-02	2.481168e-02	1.934097e-01	4.641849e-01	1.182860e-01	3.878742e-01	0	2.976190e-01	1.096218e-02	0	5.499705e-03	2.338386e-01	1.694419e-01	3.030382e-01
Pancreas_56537	4.133618e-02	2.213327e-01	2.040542e-02	2.547301e-01	1.584060e-01	3.492777e-01	5.993905e-02	2.499612e-01	1.436986e-02	2.137444e-01	7.042513e-03	7.241430e-02	1.616016e-01	3.455946e-02	1.527585e-01	2.414727e-01
Pancreas_56538	6.702622e-03	1.304234e-01	4.681644e-02	1.196213e-01	1.814541e-01	3.561620e-01	1.015199e-01	3.332293e-01	1.707642e-03	1.828664e-01	0	2.311232e-01	7.842408e-02	8.214149e-02	1.701507e-01	2.663195e-01
Pancreas_56539	5.059742e-02	7.362218e-02	2.566058e-02	6.495643e-02	1.808278e-01	3.564722e-01	2.640778e-01	2.271355e-01	0	2.622482e-01	1.541732e-02	1.671745e-01	6.374119e-02	6.636892e-02	1.722214e-01	2.647868e-01
Pancreas_56367	5.415570e-02	1.141269e-01	5.541789e-02	4.156758e-02	1.910165e-01	2.064220e-01	1.427696e-01	3.876923e-01	5.419037e-02	3.088337e-01	1.296290e-02	1.045905e-01	0	1.103172e-01	1.754571e-01	1.972046e-01
Pancreas_56369	3.573186e-02	1.333882e-01	4.958063e-02	8.735258e-02	1.670442e-01	2.048507e-01	1.256163e-01	3.613759e-01	2.014780e-02	2.566417e-01	3.883150e-02	1.307174e-01	8.792942e-02	8.519581e-02	1.705718e-01	2.017355e-01
Pancreas_56528	5.731333e-02	1.195174e-01	5.665595e-02	1.347481e-01	1.734936e-01	3.546978e-01	8.682002e-02	3.578081e-01	3.154475e-02	1.845957e-01	0	1.824524e-01	2.385039e-02	8.855501e-02	1.196438e-01	2.703503e-01
Pancreas_56529	3.675044e-02	2.572577e-01	1.265259e-02	1.202261e-01	2.003875e-01	2.366865e-01	1.879388e-01	2.386005e-01	4.434379e-02	1.828885e-01	1.517290e-01	7.106993e-02	1.770289e-01	1.637630e-02	1.798945e-01	2.809034e-01
Pancreas_56530	1.239568e-02	2.425758e-01	3.196787e-02	1.899208e-01	1.555569e-01	2.905742e-01	1.638735e-01	3.249046e-01	2.889267e-02	2.367020e-01	5.808924e-02	7.409435e-02	0	8.136635e-02	1.835502e-01	3.359746e-01
Pancreas_56540	5.077646e-02	2.051720e-01	2.213088e-02	2.304668e-01	1.691759e-01	4.033820e-01	1.286965e-01	2.247019e-01	1.497140e-02	2.634181e-01	0	3.241380e-02	9.162048e-02	5.298438e-02	1.427737e-01	3.476147e-01
Pancreas_56377	5.377139e-02	9.686120e-02	4.629187e-02	2.314355e-01	1.616622e-01	1.785261e-01	1.472054e-01	3.396283e-01	0	2.921648e-01	0	6.083363e-02	5.689767e-02	1.404197e-01	1.888636e-01	1.885545e-01
Pancreas_56373	5.597767e-02	1.627709e-01	2.904282e-02	1.849430e-01	1.722710e-01	2.046166e-01	1.184175e-01	3.100436e-01	1.208738e-03	2.323385e-01	0	1.207439e-01	9.790204e-02	8.868755e-02	1.642526e-01	1.552493e-01
Pancreas_56374	7.932758e-02	2.538005e-02	5.376606e-02	3.075273e-01	1.617872e-01	2.249300e-01	1.058274e-01	3.445822e-01	4.070322e-02	2.625160e-01	0	3.537796e-02	3.412769e-02	1.038520e-01	1.467375e-01	1.690426e-01
Pancreas_56541	8.211478e-02	1.898894e-01	6.841432e-02	3.457333e-01	2.071699e-01	4.080067e-01	1.197992e-01	2.912458e-01	1.011227e-01	2.296180e-01	0	0	0	0	1.332738e-01	3.829625e-01
Pancreas_56542	3.086280e-02	8.515517e-02	4.919820e-02	1.697365e-01	1.692189e-01	3.826459e-01	1.427119e-01	3.069899e-01	2.207916e-02	3.270873e-01	0	1.216353e-01	0	1.136926e-01	1.396617e-01	3.275346e-01
Pancreas_56375	8.114285e-02	1.011283e-01	7.884548e-03	4.781404e-01	2.267040e-01	2.646726e-01	1.176474e-01	2.165723e-01	8.775196e-02	7.681409e-02	1.021358e-01	4.488388e-02	1.249990e-01	0	1.852912e-01	2.057935e-01
Pancreas_56535	6.814571e-02	6.336163e-02	3.855664e-02	1.070035e-01	1.722508e-01	4.137758e-01	1.422693e-01	3.114796e-01	0	2.909110e-01	0	1.246927e-01	6.585977e-02	1.588921e-01	1.256193e-01	2.260190e-01
Pancreas_54175	5.841056e-02	2.015424e-01	3.406534e-02	2.634406e-02	2.189633e-01	2.411335e-01	2.665213e-01	2.718340e-01	0	1.975781e-01	1.507619e-01	7.979599e-02	1.619090e-01	5.729776e-02	1.516531e-01	2.286112e-01
Pancreas_54301	1.183026e-01	8.932552e-02	2.869198e-02	3.879643e-01	2.143614e-01	2.740111e-01	3.226587e-01	1.968997e-01	5.414383e-02	1.032195e-01	0	0	1.081444e-01	0	2.023190e-01	2.969184e-01
Pancreas_54291	5.753327e-02	8.289860e-02	8.132010e-02	1.834997e-02	1.966690e-01	2.844110e-01	3.571397e-01	2.735242e-01	9.243954e-02	1.221878e-01	2.328228e-01	8.430398e-02	0	7.244216e-02	1.674734e-01	2.855892e-01
Pancreas_54302	3.323754e-02	7.127006e-02	3.143871e-02	2.111977e-02	2.168859e-01	3.098331e-01	2.064842e-01	3.379875e-01	1.449156e-02	3.022328e-01	8.690052e-02	0	1.735341e-02	2.073278e-01	1.435443e-01	2.568923e-01
Pancreas_54303	3.404281e-02	2.015645e-01	4.325397e-02	4.539818e-02	1.956975e-01	3.257885e-01	7.899067e-02	3.177659e-01	0	2.075655e-01	6.241595e-02	1.406142e-01	1.664494e-01	8.690157e-02	1.037539e-01	2.367735e-01
Pancreas_54172	4.605187e-02	1.316854e-01	1.083139e-01	1.078117e-02	1.957701e-01	1.845025e-01	2.524932e-01	2.610480e-01	7.469733e-02	9.777619e-02	3.671215e-01	9.113096e-02	4.827069e-02	0	1.239522e-01	2.327308e-01
Pancreas_54304	3.543400e-02	1.787612e-01	6.723520e-02	3.924074e-02	1.971790e-01	2.669798e-01	1.437515e-01	3.389695e-01	4.011922e-02	2.482159e-01	1.027984e-01	1.246368e-01	0	1.011768e-01	1.385640e-01	3.105243e-01
Pancreas_54305	5.193498e-02	2.552718e-01	4.673651e-02	6.917336e-03	2.331061e-01	2.603509e-01	1.288900e-01	3.387864e-01	1.155608e-02	2.347482e-01	1.749204e-01	6.259639e-02	2.396068e-02	8.780941e-02	1.015668e-01	2.606583e-01
Pancreas_54309	8.774669e-02	7.292572e-02	2.612413e-02	4.178553e-01	1.634559e-01	2.741659e-01	1.100711e-01	2.601055e-01	9.045657e-02	1.228827e-01	7.458732e-02	2.226441e-02	1.155853e-01	0	1.356504e-01	2.891514e-01
Pancreas_54306	9.188751e-02	1.360484e-01	4.128887e-02	1.459469e-01	2.030699e-01	2.754373e-01	3.932907e-02	3.165606e-01	4.030487e-02	2.693943e-01	8.257769e-02	3.281452e-02	8.346962e-02	8.290340e-02	4.856886e-02	2.155570e-01
Pancreas_54307	7.681841e-02	1.997945e-01	7.477906e-02	2.933349e-02	2.251004e-01	3.027367e-01	7.795377e-02	3.837620e-01	8.842602e-02	2.374038e-01	1.142911e-01	7.764268e-02	0	8.452692e-02	1.087135e-01	2.341728e-01
Pancreas_54292	2.782820e-02	2.934482e-01	5.445894e-03	2.804087e-01	2.166568e-01	2.611969e-01	3.374396e-01	2.064776e-01	0	5.501259e-02	1.364732e-02	2.865920e-02	6.500313e-02	0	2.140059e-01	2.844254e-01
Pancreas_54243	7.386342e-02	3.753586e-02	1.363101e-02	4.908497e-02	2.633168e-01	3.273688e-01	5.181049e-01	1.903053e-01	0	1.478408e-01	0	1.217846e-01	8.493340e-02	4.614917e-02	1.648906e-01	2.912087e-01
Pancreas_54308	4.708965e-02	2.124346e-01	7.414989e-02	1.485315e-02	2.106415e-01	3.213395e-01	7.354619e-02	3.997165e-01	5.995128e-02	2.584555e-01	4.477685e-02	9.304281e-02	0	1.313893e-01	1.286370e-01	2.560230e-01
Pancreas_54293	1.671010e-02	1.906904e-01	5.909902e-02	0	2.142764e-01	3.053963e-01	3.965750e-01	2.408849e-01	4.558750e-02	7.634084e-02	2.651672e-01	7.651915e-02	0	1.370540e-01	1.931913e-01	2.878067e-01
Pancreas_54310	5.869022e-02	2.896317e-01	5.970220e-02	9.775773e-03	1.888934e-01	2.327657e-01	8.479314e-02	3.612844e-01	1.608133e-02	2.741701e-01	8.026903e-02	9.936002e-02	2.009234e-02	9.434637e-02	1.408405e-01	2.243160e-01
Pancreas_54315	9.947914e-02	6.133558e-02	1.136174e-02	1.455965e-01	1.862304e-01	3.693039e-01	1.553059e-01	3.487992e-01	2.709359e-02	2.512228e-01	0	6.998746e-03	7.447132e-02	1.523633e-01	1.015388e-01	2.198845e-01
Pancreas_54311	4.443305e-02	2.147355e-01	5.772408e-02	3.260003e-02	1.973678e-01	2.493586e-01	9.599244e-02	3.722531e-01	0	2.229891e-01	1.846348e-02	1.535320e-01	7.614072e-02	1.405695e-01	1.132465e-01	2.319958e-01
Pancreas_54312	7.922646e-02	1.302954e-01	2.824583e-02	2.136549e-01	1.923275e-01	2.438374e-01	1.233838e-01	2.959318e-01	0	2.507961e-01	0	8.254643e-02	8.763701e-02	6.883988e-02	6.818113e-02	2.457837e-01
Pancreas_54299	6.273903e-02	1.379447e-01	3.589176e-02	2.593469e-01	2.062453e-01	2.148107e-01	1.848068e-01	2.728812e-01	3.325059e-02	1.917245e-01	2.615892e-02	3.840501e-02	1.291513e-01	7.692859e-03	1.159526e-01	2.708881e-01
Pancreas_54313	1.137804e-02	2.410757e-01	2.992289e-02	2.199668e-01	1.756605e-01	2.818090e-01	1.160705e-01	3.541331e-01	0	2.410384e-01	4.464794e-02	2.319321e-02	1.105987e-02	1.283298e-01	1.539230e-01	2.881733e-01
Pancreas_54314	3.919020e-02	2.883069e-02	2.237987e-02	7.143379e-03	1.850731e-01	2.890752e-01	1.712443e-01	3.570136e-01	0	2.923030e-01	8.471787e-02	9.095195e-02	4.980325e-02	1.339001e-01	1.302792e-01	2.541200e-01
Pancreas_54294	8.431855e-02	7.353766e-02	2.381388e-02	2.889662e-01	1.924351e-01	2.072136e-01	2.699802e-01	2.184233e-01	6.504242e-02	1.406583e-01	0	4.137190e-02	9.462927e-02	3.800101e-02	1.548963e-01	2.467723e-01
Pancreas_54295	5.934601e-02	1.427803e-01	3.808530e-02	4.527414e-02	1.901155e-01	2.597297e-01	3.441766e-01	2.899425e-01	0	1.465291e-01	0	1.257274e-01	1.615768e-01	1.007351e-01	1.773046e-01	2.645902e-01
Pancreas_54173	9.153720e-02	0	3.953787e-02	2.407693e-01	1.901353e-01	1.835563e-01	3.562270e-01	2.721859e-01	0	1.257632e-01	0	8.116541e-02	9.223020e-02	6.887292e-02	1.546887e-01	2.052335e-01
Pancreas_54316	1.302898e-01	9.151620e-02	5.900044e-02	3.441569e-02	2.640864e-01	7.245817e-01	2.770195e-01	2.471634e-01	0	8.978238e-02	7.631089e-02	0	3.544485e-03	0	1.571866e-01	4.659002e-01
Pancreas_54317	4.250719e-02	9.497177e-02	3.363285e-02	6.074345e-02	1.969282e-01	4.177509e-01	2.724710e-01	2.622959e-01	0	1.798316e-01	1.151409e-03	1.500439e-01	2.581250e-02	8.905790e-02	1.243434e-01	2.830597e-01
Pancreas_54297	8.471931e-02	1.175187e-01	3.976447e-02	2.551809e-01	1.881735e-01	2.540514e-01	1.199485e-01	2.573475e-01	1.389636e-02	2.184901e-01	2.416617e-02	3.620804e-02	1.351744e-01	4.764443e-02	1.072805e-01	2.292567e-01
Pancreas_54300	2.615169e-02	1.846557e-01	3.880051e-02	1.618773e-02	2.089848e-01	2.919137e-01	1.089443e-01	3.603589e-01	8.665158e-02	2.180423e-01	1.587359e-01	7.184822e-02	6.659136e-02	8.967158e-02	1.032792e-01	3.031320e-01
Pancreas_54318	6.711626e-02	9.507907e-02	3.561341e-02	1.987076e-02	2.181623e-01	3.844858e-01	4.377968e-01	2.696329e-01	8.956903e-03	1.056828e-01	9.206838e-02	1.240474e-01	0	3.531627e-02	1.919283e-01	4.228521e-01
Pancreas_54296	3.100658e-03	2.000030e-01	4.719603e-02	2.267585e-03	1.999420e-01	2.525395e-01	3.064461e-01	2.664773e-01	1.211926e-02	1.276253e-01	1.721345e-01	1.164701e-01	9.743796e-02	1.051148e-01	1.750824e-01	2.757471e-01
Pancreas_54174	7.604136e-02	3.977966e-02	5.017648e-02	9.705015e-02	1.982760e-01	1.979585e-01	3.663815e-01	2.851924e-01	0	2.287997e-01	0	1.114004e-01	4.469946e-02	9.878127e-02	1.770384e-01	2.125993e-01
Pancreas_54298	8.181388e-02	9.284763e-02	3.664372e-02	2.735155e-01	1.928768e-01	2.122793e-01	1.326517e-01	2.435228e-01	2.570605e-02	2.174658e-01	5.412129e-02	1.483272e-02	1.519679e-01	3.228167e-02	1.230482e-01	2.471517e-01
Pancreas_54171	3.486329e-02	3.233253e-01	7.002292e-02	1.965986e-02	1.922718e-01	2.195119e-01	3.310000e-01	3.029108e-01	2.141040e-02	8.441999e-02	1.889206e-01	3.998093e-02	0	1.484214e-02	1.820577e-01	2.343660e-01
Pancreas_64496	1.242885e-02	3.953729e-01	7.874323e-02	2.964919e-02	2.207156e-01	1.436681e-01	3.305454e-01	2.415755e-01	2.150116e-02	1.186316e-01	3.073717e-01	0	2.681007e-04	2.247345e-03	2.630644e-01	1.999975e-01
Pancreas_56322	9.844644e-02	0	1.513094e-02	1.832654e-01	2.159105e-01	3.066334e-01	5.134774e-01	1.360419e-01	0	1.259075e-01	7.783477e-02	2.100385e-02	1.468283e-01	0	1.777648e-01	3.155843e-01
Pancreas_56326	1.144033e-01	1.526934e-01	6.631740e-02	0	1.935890e-01	3.663749e-01	5.151202e-01	2.849631e-01	4.296083e-02	1.370617e-01	9.810167e-02	0	0	2.322047e-02	1.746438e-01	3.283450e-01
Pancreas_56534	6.126709e-02	1.023219e-01	5.156945e-02	0	1.714686e-01	3.548186e-01	2.706842e-01	2.586377e-01	8.228206e-02	2.053218e-01	1.793571e-01	9.957388e-02	3.757658e-02	1.163975e-01	2.158686e-01	1.888452e-01
Pancreas_56531	2.268550e-01	2.666165e-01	7.368138e-02	0	1.798237e-01	3.129986e-01	1.739887e-01	2.568101e-01	9.769922e-02	1.032947e-01	3.400355e-01	2.903732e-02	3.655044e-03	5.972403e-02	1.970431e-01	3.183525e-01
Pancreas_56523	6.448040e-02	1.955437e-01	7.145328e-02	0	1.709694e-01	2.986386e-01	3.311492e-01	2.360845e-01	1.211788e-01	7.794001e-02	3.842088e-01	3.869270e-02	0	2.489481e-02	3.074349e-01	3.503138e-01
Pancreas_56316	1.145831e-01	7.704824e-02	3.834751e-02	8.571720e-02	2.018236e-01	2.466263e-01	3.473688e-01	1.813608e-01	1.064012e-01	5.860314e-02	1.631397e-01	1.999771e-02	3.076634e-01	9.041127e-03	2.545199e-01	2.493528e-01
Pancreas_56320	1.199323e-01	1.473913e-01	5.827734e-02	0	2.252767e-01	3.366287e-01	5.946702e-01	2.114079e-01	3.132531e-02	1.871819e-01	0	2.116906e-02	0	6.588898e-02	2.508942e-01	3.100763e-01
Pancreas_64497	9.884041e-02	7.450075e-02	3.175969e-02	4.416774e-01	1.893533e-01	1.625230e-01	2.023863e-01	2.428477e-01	1.306295e-01	5.942580e-02	9.114549e-02	4.656579e-02	1.856298e-01	0	1.616743e-01	2.020043e-01
Diaphragm_53852	8.711922e-02	9.647033e-02	1.606758e-01	5.949597e-02	1.856386e-01	4.162835e-01	1.716020e-01	5.654976e-01	5.790884e-02	1.807458e-01	2.339956e-02	0	0	0	1.834384e-01	3.891364e-01
Spleen_49347	7.743538e-02	2.120410e-01	1.439698e-01	0	1.963437e-01	3.143694e-01	3.320472e-01	4.480850e-01	1.164417e-01	1.695108e-01	6.575062e-02	0	0	0	1.723123e-01	2.799893e-01
Liver_49342	7.829933e-01	1.663900e-01	5.799956e-02	0	2.223693e-01	4.127908e-01	9.187694e-02	1.898875e-01	1.021016e-01	7.257608e-02	4.534010e-02	3.676549e-02	0	7.667071e-02	1.030658e-01	2.608759e-01
Diaphragm_49349	1.228668e-01	1.003613e-01	2.190736e-01	0	2.016753e-01	3.850242e-01	4.405915e-01	3.970173e-01	8.597040e-02	1.728079e-01	4.225325e-02	0	0	0	1.019031e-01	3.518692e-01
Diaphragm_53858	1.109881e-01	5.414011e-02	5.843887e-01	4.457613e-02	1.618620e-01	2.741751e-01	2.611391e-01	2.758985e-01	7.849560e-02	4.562307e-02	1.938759e-01	0	0	0	2.228360e-01	2.526651e-01
PelvicWall_53853	7.184809e-02	1.164603e-01	4.832202e-01	3.885617e-02	1.491815e-01	3.297233e-01	2.112814e-01	4.479764e-01	7.409628e-02	1.637875e-01	8.053299e-02	0	0	0	2.161937e-01	3.070975e-01
Fat_49339	8.908954e-02	1.876360e-01	1.461286e-01	1.330633e-02	1.875377e-01	3.511649e-01	2.693928e-01	4.759601e-01	1.105393e-01	1.865631e-01	6.550903e-02	0	0	0	2.086650e-01	2.553490e-01
Lung_49343	8.549671e-02	8.411950e-02	1.165713e-01	1.369089e-02	1.856292e-01	3.049035e-01	3.077082e-01	5.280485e-01	5.955686e-02	1.671732e-01	1.551834e-02	0	0	1.514439e-03	1.605198e-01	2.723618e-01
Pancreas_53854	9.890249e-02	2.456549e-01	1.418141e-01	1.008666e-02	1.936069e-01	4.036407e-01	2.124384e-01	4.174917e-01	1.059885e-01	1.687343e-01	1.761132e-01	0	0	0	2.320093e-01	3.057273e-01
Pancreas_49344	5.496660e-02	3.345471e-01	1.174731e-01	0	1.884456e-01	3.053033e-01	2.607559e-01	4.083995e-01	4.614119e-02	1.652458e-01	6.997290e-02	2.865521e-02	0	8.219012e-02	1.839737e-01	2.520742e-01
Pancreas_49345	8.249585e-02	1.101269e-01	1.265285e-01	8.988217e-03	1.910071e-01	3.250833e-01	4.096291e-01	4.586063e-01	6.150039e-02	2.308102e-01	2.475746e-03	0	0	0	1.930350e-01	2.919712e-01
Liver_49341	3.972198e-01	1.426399e-01	4.942972e-02	0	2.105945e-01	3.540004e-01	1.867250e-01	1.908849e-01	7.030067e-02	1.757579e-01	1.451138e-01	2.153898e-02	1.170632e-02	1.665928e-01	1.318454e-01	2.186038e-01
LN_49094	7.915857e-02	1.080396e-01	1.349251e-01	1.811803e-02	1.938565e-01	3.355923e-01	3.853227e-01	4.912117e-01	6.743443e-02	1.653978e-01	3.380842e-02	0	0	0	1.998342e-01	3.103894e-01
LN_49095	1.047688e-01	1.213778e-01	1.523981e-01	0	1.841802e-01	3.675270e-01	2.022363e-01	5.264232e-01	1.127941e-01	1.941495e-01	4.197134e-02	0	0	0	8.275552e-02	2.779139e-01
Pancreas_49348	7.222403e-02	7.422035e-02	1.015052e-01	4.560101e-02	2.089305e-01	3.979328e-01	3.978835e-01	4.762456e-01	4.081724e-02	1.616330e-01	0	0	0	0	2.349233e-01	4.053788e-01
Plastic_54279	3.645268e-02	5.133287e-02	8.044421e-02	0	1.879435e-01	2.378693e-01	7.007903e-02	6.047301e-01	3.013686e-02	4.110589e-02	4.398616e-03	0	0	2.458086e-01	1.130077e-01	2.312051e-01
Plastic_54025	7.144166e-02	3.756662e-02	7.376174e-02	1.264686e-02	1.870385e-01	3.159329e-01	5.587633e-02	5.899124e-01	4.228607e-02	0	0	0	0	2.516467e-01	1.035028e-01	2.897426e-01
