sampleID	BasalTumor	ClassicalTumor	ActivatedStroma	NormalStroma	Immune	Endocrine	Exocrine	Olfactory	Histone
SA407858	0.732766	1.992337	0.770519	0.000000	0.000000	0.000000	0.143561	0.025359	1.476416
SA408414	1.001364	1.330906	1.267752	0.000000	0.000000	0.000000	0.080965	0.000000	1.406880
SA408530	1.708662	0.535078	0.734526	0.000000	0.046646	0.000000	0.222935	0.359523	1.737617
SA408570	1.400505	1.183366	0.434572	0.000000	0.000000	0.000000	0.274639	0.000000	1.434395
SA408758	0.779931	1.436457	0.629192	0.122364	0.000000	0.057617	0.165601	0.248476	1.749270
SA408867	1.345722	0.847990	0.998530	0.000000	0.000000	0.000000	0.095355	0.011759	1.502101
SA409775	1.177042	1.166128	0.664672	0.000000	0.000000	0.000000	0.011611	0.217917	1.777066
SA409923	1.060512	2.073729	0.572929	0.000000	0.000000	0.000000	0.012953	0.000000	1.259916
SA409990	2.123032	0.027022	0.000000	0.248101	0.000000	0.000000	0.077807	0.000000	1.122373
SA410103	1.106922	1.483641	0.857594	0.000000	0.046913	0.000000	0.155386	0.000000	1.734038
SA410118	1.006020	1.539141	1.055062	0.047725	0.000000	0.000000	0.104315	0.178882	1.346972
SA410263	1.150273	0.283731	1.221397	0.100500	0.242371	0.000000	0.123275	0.000000	1.693619
SA410311	0.633254	1.768766	1.061553	0.000000	0.000000	0.000000	0.059220	0.000000	1.617675
SA410566	0.673906	2.167011	0.621747	0.000000	0.000000	0.014796	0.120274	0.000000	1.402395
SA410742	0.878663	1.757369	0.565016	0.000000	0.000000	0.000000	0.069533	0.206472	1.834409
SA410750	0.716964	1.663028	1.024084	0.000000	0.000000	0.000000	0.070665	0.000000	1.632330
SA410758	0.681224	2.336473	0.314806	0.000000	0.000000	0.000000	0.095526	0.000000	1.648291
SA410763	0.729982	1.764593	0.741578	0.000000	0.141328	0.000000	0.142591	0.000000	1.585805
SA410859	1.457612	0.887919	1.044195	0.119792	0.000000	0.000000	0.024153	0.000000	1.403537
SA410883	1.031000	1.562123	0.605694	0.000000	0.000000	0.000000	0.344577	0.150292	1.648442
SA410899	1.258630	2.026013	0.615290	0.000000	0.000000	0.016285	0.067662	0.000000	1.337272
SA410911	1.754901	0.194059	0.727292	0.000000	0.072562	0.000000	0.281371	0.000000	1.592300
SA410933	0.784587	2.673501	0.000000	0.000000	0.000000	0.000000	0.057036	0.000000	1.581679
SA410977	2.346920	0.882544	0.000000	0.000000	0.000000	0.000000	0.024027	0.000000	1.601405
SA411001	1.320612	1.752902	0.256009	0.000000	0.000000	0.000000	0.057527	0.000000	1.388250
SA411025	2.598584	0.622152	0.000000	0.000000	0.000000	0.000000	0.029918	0.000000	1.642088
SA411029	0.789805	1.851432	1.070402	0.000000	0.035143	0.012633	0.123544	0.000000	1.177609
SA411189	1.449492	1.094750	0.989519	0.000000	0.000000	0.019254	0.081118	0.000000	1.282627
SA411209	0.887949	1.231095	0.987887	0.206978	0.000000	0.000000	0.287524	0.000000	1.094668
SA411241	0.943538	1.802326	0.576647	0.290796	0.000000	0.000000	0.052989	0.000000	1.663022
SA411305	1.475014	1.329228	0.754952	0.000000	0.000000	0.000000	0.075091	0.000000	1.341261
SA411397	1.242810	1.589129	0.788262	0.000000	0.000000	0.016897	0.113542	0.070970	1.565219
SA411406	0.783990	2.010811	0.759779	0.000000	0.000000	0.000000	0.080980	0.000000	1.245411
SA411430	0.968385	1.867661	0.702275	0.000000	0.000000	0.000000	0.090880	0.000000	1.158846
SA411557	0.986967	1.850323	0.492151	0.000000	0.017009	0.000000	0.103341	0.000000	1.622387
SA411578	1.446519	1.075418	0.673970	0.330840	0.000000	0.000000	0.038616	0.000000	1.301941
SA411682	2.197203	0.483048	0.056456	0.000000	0.000000	0.000000	0.055775	0.000000	1.396607
SA411709	2.176822	0.795069	0.000000	0.000000	0.000000	0.000000	0.014969	0.000000	0.928040
SA411721	0.754767	2.322710	0.554399	0.000000	0.000000	0.000000	0.081206	0.000000	1.618402
SA411745	0.734060	1.942050	0.851481	0.000000	0.000000	0.000000	0.055843	0.000000	1.596625
SA411769	0.587952	2.442429	0.643392	0.000000	0.000000	0.000000	0.155781	0.000000	1.363951
SA411797	0.952097	1.819387	0.271675	0.000000	0.008193	0.000000	0.097240	0.000000	1.526152
SA411833	0.784790	1.968485	0.384746	0.000000	0.066519	0.000000	0.123422	0.000000	1.772266
SA411841	2.357316	0.709657	0.000000	0.000000	0.000000	0.000000	0.021945	0.000000	0.988976
SA411923	1.288113	1.028873	0.653302	0.000000	0.000000	0.000000	0.091195	0.369654	1.737399
SA412003	1.373569	1.152256	0.771862	0.000000	0.000482	0.000000	0.007058	0.000000	1.583150
SA412060	1.779382	0.055860	0.000000	0.093552	0.000000	0.000000	0.041594	0.000000	0.337330
SA412076	1.476122	1.354583	0.852773	0.000000	0.000000	0.000000	0.016387	0.000000	1.540374
SA412268	1.532125	0.572716	0.967559	0.073204	0.068231	0.000000	0.060681	0.000000	1.743133
SA412299	1.154009	1.244018	0.000000	0.000000	0.000000	0.000000	0.443545	0.004382	1.864949
SA518492	1.854216	0.495493	0.000000	0.169453	0.000000	0.000000	0.065951	0.000000	1.355525
SA518603	0.735628	1.914170	0.915263	0.000000	0.000000	0.017143	0.069684	0.099760	1.618956
SA518614	0.732885	1.787417	0.378049	0.051530	0.103539	0.000000	0.087179	0.000000	1.910901
SA518615	0.584085	2.099402	0.734659	0.157384	0.070480	0.000000	0.071548	0.000000	1.679366
SA518624	0.712177	2.003523	0.664755	0.000000	0.000000	0.057314	0.141377	0.129019	1.716866
SA518630	0.660597	1.310984	0.229514	0.000000	0.165894	0.000000	0.646969	0.040290	1.830371
SA518633	1.770262	0.436447	0.726981	0.000000	0.010821	0.000000	0.069811	0.000000	1.701171
SA518637	1.720586	0.770978	0.836931	0.000000	0.071658	0.000000	0.005835	0.227919	1.735252
SA518665	0.804805	1.909806	0.555781	0.000000	0.000000	0.054212	0.164449	0.157534	1.765701
SA518689	0.627138	2.299488	0.456041	0.081177	0.074010	0.032693	0.074751	0.000000	1.777446
SA518695	0.868169	1.969457	0.628832	0.000000	0.000000	0.014716	0.051744	0.000000	1.772969
SA518701	0.667520	2.020988	0.541966	0.000000	0.000000	0.142351	0.235885	0.009468	1.737846
SA518704	0.990711	1.526774	0.681586	0.000000	0.000000	0.000000	0.241841	0.038739	1.769126
SA518712	1.167877	1.150393	0.710331	0.000000	0.000000	0.000000	0.113349	0.265905	1.914383
SA518716	0.664336	1.727459	0.719923	0.000000	0.105984	0.000000	0.177222	0.000000	1.664612
SA518724	0.770482	2.223887	0.374778	0.000000	0.000000	0.000000	0.081863	0.000000	1.445119
SA518750	0.703147	1.700377	0.300644	0.800786	0.000000	0.000000	0.023524	0.000000	1.830466
SA518765	1.057779	1.803999	0.649789	0.000000	0.021218	0.000000	0.131548	0.000000	1.757630
SA518806	1.306465	1.384214	0.728516	0.000000	0.000000	0.000000	0.018938	0.000000	1.899931
SA518817	0.732473	2.248531	0.452693	0.000000	0.000000	0.000000	0.091345	0.000000	1.700391
SA518851	2.074906	0.223269	0.925866	0.000000	0.042418	0.000000	0.055977	0.000000	1.820798
SA518854	1.171520	1.138546	0.770683	0.000000	0.000000	0.000000	0.398386	0.000000	1.871163
SA518868	0.907266	1.325651	0.811893	0.000000	0.291366	0.000000	0.018930	0.000000	1.861479
SA518873	1.102216	0.753543	1.332799	0.000000	0.058409	0.000000	0.019309	0.163305	1.711266
SA518878	0.966179	1.459581	0.843315	0.000000	0.007319	0.000000	0.061347	0.000000	1.911067
SA528675	0.765890	1.785901	0.538503	0.013871	0.053972	0.000000	0.112487	0.000000	1.880745
SA528676	0.538447	0.494344	0.054692	0.216209	0.206205	0.029026	0.000000	0.107764	0.674095
SA528677	1.348706	1.457737	0.000000	0.000000	0.000000	0.000000	0.093868	0.048561	1.652826
SA528679	1.210563	0.771878	0.585080	0.092072	0.173048	0.000000	0.000000	0.077424	1.497682
SA528687	0.698764	1.910838	0.829516	0.000000	0.029160	0.000000	0.044851	0.000000	1.772958
SA528695	0.988049	1.873091	0.534458	0.000000	0.000000	0.007658	0.000511	0.279415	1.679830
SA528701	0.909814	2.351151	0.000000	0.000000	0.060980	0.000000	0.000000	0.109263	1.614730
SA528709	1.747312	0.375281	1.268708	0.000000	0.060786	0.000000	0.055181	0.000000	1.620553
SA528711	1.093680	1.341231	0.568909	0.000000	0.000000	0.000000	0.000000	0.479456	1.872029
SA528755	0.772300	1.869078	0.654881	0.000000	0.024408	0.000000	0.095665	0.000000	1.914908
SA528761	1.667725	1.030328	0.523380	0.000000	0.000000	0.000000	0.060707	0.188188	1.847006
SA528763	0.599305	1.706882	1.094360	0.000000	0.024620	0.000000	0.000000	0.000000	1.586855
SA528766	1.141729	1.309308	0.287806	0.009665	0.000000	0.000000	0.000000	0.475619	1.690398
SA528767	1.098554	1.407211	0.502724	0.357621	0.051402	0.000000	0.000000	0.000000	1.786987
SA528768	0.898394	2.180168	0.272848	0.000000	0.000000	0.160273	0.006441	0.120441	1.651757
SA528769	0.616281	1.779155	0.000000	0.121161	0.000000	0.000000	0.000000	0.188656	1.561682
SA528771	0.761850	2.056467	0.228027	0.000000	0.023466	0.000000	0.000000	0.128736	1.891577
